000155 19.3 253377.88 川能动力 2.93
000430 6.01 163012.0 张家界 4.16
000888 6.91 92784.0 峨眉山A 2.52
002059 5.98 116299.49 云南旅游 1.7
002130 6.68 163577.78 沃尔核材 1.37
002222 15.44 89698.49 福晶科技 2.25
002291 16.76 244540.8 遥望科技 0.3
002315 14.09 86228.5 焦点科技 4.6
002328 5.95 218679.2 新朋股份 2.59
002480 5.99 490834.41 新筑股份 2.57
002615 6.15 306768.12 哈尔斯 1.65
002885 31.6 182849.52 京泉华 2.7
300002 4.38 727096.25 神州泰岳 2.82
300036 18.58 167651.81 超图软件 0.92
300063 3.7 87014.99 天龙集团 1.93
300079 4.97 248652.64 数码视讯 1.64
300144 11.7 199009.05 宋城演艺 1.21
300284 5.77 107211.67 苏交科 0.52
300470 42.35 54947.28 中密控股 3.62
300476 14.1 255395.31 胜宏科技 1.0
300514 10.05 21362.0 友讯达 0.7
300533 33.37 70755.45 冰川网络 6.27
300672 68.6 56693.19 国科微 2.07
300736 11.8 43975.92 百邦科技 1.38
300771 14.88 47874.5 智莱科技 2.2
300793 14.45 48415.0 佳禾智能 1.05
300838 15.24 21835.0 浙江力诺 2.56
300921 22.28 135189.33 南凌科技 6.4
301024 28.2 21979.79 霍普股份 3.68
301091 20.62 58945.51 深城交 4.3
301151 18.02 8503.83 冠龙节能 0.11
301270 31.38 47744.89 汉仪股份 3.26
600106 5.37 389908.62 重庆路桥 7.62
600235 5.37 58084.21 民丰特纸 0.94
600308 5.42 63328.6 华泰股份 1.31
600356 7.35 129225.35 恒丰纸业 5.45
600392 15.75 557275.5 盛和资源 2.67
600706 8.5 55205.0 曲江文旅 1.43
600749 10.2 55155.1 西藏旅游 3.03
600826 7.72 17125.66 兰生股份 1.45
600998 12.53 151031.36 九州通 4.16
