000919 10.18 673264.25 金陵药业 3.46
002118 2.89 1439308.62 紫鑫药业 2.85
002390 5.9 1084053.88 信邦制药 2.08
002676 4.26 518665.97 顺威股份 3.65
002702 6.99 922221.44 海欣食品 1.75
002981 27.05 18672.0 朝阳科技 2.46
300009 11.39 671152.31 安科生物 7.55
300135 3.38 713083.38 宝利国际 5.96
300254 8.19 222421.41 仟源医药 3.41
300294 36.99 155616.8 博雅生物 5.75
300391 12.1 376233.69 康跃科技 6.51
300404 9.24 235373.55 博济医药 2.55
300412 7.02 293724.5 迦南科技 1.89
300683 41.28 16568.0 海特生物 2.25
300702 25.11 73863.02 天宇股份 3.33
300892 29.72 83828.04 品渥食品 2.41
600026 14.81 1234159.12 中远海能 6.24
600521 21.2 389319.62 华海药业 3.87
600966 8.89 339769.81 博汇纸业 5.96
