000009 14.32 1043420.62 中国宝安
000068 3.83 300593.41 华控赛格
000100 4.46 1459186.88 TCL科技
000158 6.36 492368.62 常山北明
000159 8.55 253994.5 国际实业
000416 3.55 94694.76 民生控股
000422 19.03 247331.12 湖北宜化
000506 3.49 515146.25 中润资源
000509 3.97 184937.36 华塑控股
000541 6.55 351648.41 佛山照明
000546 17.49 354921.53 金圆股份
000555 11.44 143035.95 神州信息
000572 5.92 500534.41 海马汽车
000589 5.0 224795.59 贵州轮胎
000603 11.74 75422.59 盛达资源
000636 18.61 458393.59 风华高科
000659 3.81 255693.81 珠海中富
000665 7.17 570297.25 湖北广电
000668 13.08 28159.98 荣丰控股
000671 2.05 2705432.25 阳光城
000672 14.07 110047.23 上峰水泥
000677 3.1 97129.64 恒天海龙
000681 12.59 113789.22 视觉中国
000683 9.02 694067.94 远兴能源
000701 5.94 78459.0 厦门信达
000710 12.91 58212.0 贝瑞基因
000727 2.22 363513.0 冠捷科技
000751 3.43 387551.59 锌业股份
000758 4.75 228022.12 中色股份
000762 53.99 270644.06 西藏矿业
000776 15.63 637661.94 广发证券
000807 9.75 736504.88 云铝股份
000823 10.86 175183.23 超声电子
000829 10.28 158040.12 天音控股
000851 5.24 254799.44 高鸿股份
000859 7.04 258530.91 国风新材
000908 3.28 113461.1 景峰医药
000931 6.57 74666.84 中关村
000948 12.62 115694.47 南天信息
000961 2.64 590531.25 中南建设
000969 9.41 262197.94 安泰科技
000976 5.22 671700.5 华铁股份
000982 2.09 1014135.06 中银绒业
000988 24.17 288073.25 华工科技
002004 5.86 195069.44 华邦健康
002007 20.28 185882.09 华兰生物
002030 17.83 243917.72 达安基因
002039 14.74 52199.9 黔源电力
002055 12.91 122260.0 得润电子
002065 6.34 374426.28 东华软件
002075 4.45 371681.84 沙钢股份
002083 5.44 572302.25 孚日股份
002104 8.93 724929.94 恒宝股份
002106 8.77 134034.47 莱宝高科
002108 6.11 414285.19 沧州明珠
002114 7.68 416032.91 罗平锌电
002131 1.91 811502.19 利欧股份
002152 9.39 271417.16 广电运通
002169 9.07 274232.47 智光电气
002174 9.12 149279.11 游族网络
002194 11.13 520459.69 武汉凡谷
002195 2.19 799160.94 二三四五
002197 9.33 462240.09 证通电子
002198 5.6 77123.66 嘉应制药
002199 7.62 254258.95 东晶电子
002212 9.54 256825.84 天融信
002216 17.23 70276.88 三全食品
002222 17.16 140418.8 福晶科技
002236 15.03 233433.52 大华股份
002237 10.19 194142.12 恒邦股份
002241 33.28 930233.19 歌尔股份
002245 18.84 369725.91 蔚蓝锂芯
002253 12.86 72370.16 川大智胜
002258 22.49 110428.96 利尔化学
002261 6.91 373853.28 拓维信息
002263 3.35 335931.59 大东南
002280 3.27 256673.69 联络互动
002281 19.37 125499.66 光迅科技
002301 6.76 102631.5 齐心集团
002315 13.73 25714.33 焦点科技
002326 30.86 250080.8 永太科技
002351 8.84 124275.8 漫步者
002370 5.68 634942.94 亚太药业
002373 10.25 148521.92 千方科技
002380 13.87 131495.0 科远智慧
002382 8.65 136009.94 蓝帆医疗
002390 5.38 193370.41 信邦制药
002393 20.94 19091.31 力生制药
002396 22.82 111549.36 星网锐捷
002425 5.33 355072.16 凯撒文化
002428 12.31 206885.95 云南锗业
002429 3.99 588676.25 兆驰股份
002431 2.98 330889.0 棕榈股份
002445 2.38 315482.81 中南文化
002460 90.95 344328.72 赣锋锂业
002463 13.37 983552.75 沪电股份
002466 116.88 581333.94 天齐锂业
002467 4.27 161052.45 二六三
002474 6.39 210668.44 榕基软件
002495 2.69 279183.59 佳隆股份
002500 5.52 367868.59 山西证券
002520 7.3 660868.0 日发精机
002545 9.91 123669.84 东方铁塔
002555 19.72 422069.03 三七互娱
002568 27.49 74371.34 百润股份
002574 4.86 68739.01 明牌珠宝
002583 5.37 127826.61 海能达
002584 7.65 209049.5 西陇科学
002587 5.23 188912.92 奥拓电子
002601 19.38 180711.8 龙佰集团
002605 13.96 38830.45 姚记科技
002609 7.58 65524.0 捷顺科技
002624 15.07 787705.69 完美世界
002636 9.59 120792.07 金安国纪
002638 2.32 256149.0 勤上股份
002643 18.83 159726.12 万润股份
002647 6.27 129804.99 仁东控股
002649 10.98 228563.27 博彦科技
002655 14.41 173972.12 共达电声
002657 16.13 322655.72 中科金财
002659 4.08 82094.0 凯文教育
002670 8.31 259826.98 国盛金控
002681 4.48 374795.72 奋达科技
002712 4.5 84611.3 思美传媒
002715 16.54 32489.83 登云股份
002723 12.88 89327.03 小崧股份
002725 10.88 212190.59 跃岭股份
002727 25.74 69674.19 一心堂
002737 18.3 140740.77 葵花药业
002745 10.08 349493.91 木林森
002748 14.27 39507.0 世龙实业
002756 150.75 100875.6 永兴材料
002777 13.89 50946.08 久远银海
002791 77.59 31256.41 坚朗五金
002792 12.78 43729.25 通宇通讯
002797 5.92 463223.19 第一创业
002803 11.63 50052.39 吉宏股份
002805 54.2 86294.36 丰元股份
002832 23.01 42304.1 比音勒芬
002855 8.96 47818.17 捷荣技术
002859 26.29 73104.8 洁美科技
002869 19.95 101769.44 金溢科技
002878 18.35 44982.9 元隆雅图
002890 20.18 31104.6 弘宇股份
002912 25.04 47381.34 中新赛克
002913 30.83 42837.74 奥士康
002932 64.33 28642.17 明德生物
002940 37.61 15039.09 昂利康
002947 22.0 133791.53 恒铭达
002952 15.78 49496.76 亚世光电
002961 16.59 19359.64 瑞达期货
002980 26.26 7490.0 华盛昌
002981 24.54 9319.2 朝阳科技
002983 21.99 36607.58 芯瑞达
300002 4.29 331567.03 神州泰岳
300009 9.41 140542.45 安科生物
300017 5.41 497806.62 网宿科技
300020 7.73 207491.09 银江技术
300031 18.4 188550.12 宝通科技
300033 86.03 42571.08 同花顺
300036 19.38 136368.52 超图软件
300047 7.14 295837.28 天源迪科
300058 5.77 446553.59 蓝色光标
300059 21.78 1789549.62 东方财富
300061 7.59 278335.47 旗天科技
300074 3.92 123337.0 华平股份
300075 16.81 214413.05 数字政通
300077 18.77 586190.19 国民技术
300079 5.59 408447.59 数码视讯
300081 8.02 241815.08 恒信东方
300085 10.72 133441.52 银之杰
300088 7.28 891816.81 长信科技
300096 6.66 49100.0 易联众
300102 7.65 337982.16 乾照光电
300113 13.32 146147.62 顺网科技
300127 19.41 65496.21 银河磁体
300128 3.84 213923.88 锦富技术
300134 8.51 89108.57 大富科技
300142 43.39 215823.16 沃森生物
300162 7.99 102449.03 雷曼光电
300166 9.2 509745.03 东方国信
300170 9.0 306933.97 汉得信息
300184 5.61 612264.62 力源信息
300188 13.49 122545.55 美亚柏科
300194 3.7 373606.97 福安药业
300205 12.59 88621.76 天喻信息
300207 29.23 267403.44 欣旺达
300212 17.65 174677.77 易华录
300218 12.6 56109.7 安利股份
300219 8.94 122645.69 鸿利智汇
300220 13.09 36382.98 金运激光
300226 21.29 60646.73 上海钢联
300231 7.57 68975.93 银信科技
300232 6.66 292681.28 洲明科技
300235 10.76 33431.14 方直科技
300236 35.88 103772.02 上海新阳
300241 5.67 153569.58 瑞丰光电
300243 10.35 42332.5 瑞丰高材
300244 30.64 52260.34 迪安诊断
300248 9.11 104619.18 新开普
300250 14.05 87270.64 初灵信息
300253 7.75 288455.91 卫宁健康
300264 5.82 137834.48 佳创视讯
300270 6.64 47264.0 中威电子
300271 7.33 206606.44 华宇软件
300283 6.4 89310.0 温州宏丰
300288 10.27 50660.0 朗玛信息
300296 6.71 618482.88 利亚德
300303 5.02 523630.16 聚飞光电
300304 5.53 191773.2 云意电气
300310 4.37 171339.56 宜通世纪
300311 6.85 246566.62 任子行
300315 3.18 324320.38 掌趣科技
300318 7.39 269390.81 博晖创新
300319 10.12 353658.69 麦捷科技
300323 7.8 396352.0 华灿光电
300345 8.1 82239.19 华民股份
300352 4.88 372936.0 北信源
300364 9.4 198242.12 中文在线
300366 8.93 199715.58 创意信息
300368 7.3 78987.4 汇金股份
300369 10.61 168527.69 绿盟科技
300377 8.96 206041.88 赢时胜
300378 18.25 56103.57 鼎捷软件
300383 9.78 303782.41 光环新网
300386 11.8 73467.13 飞天诚信
300390 78.22 170923.59 天华超净
300398 24.24 502673.72 飞凯材料
300399 11.52 29463.9 天利科技
300400 18.98 103266.93 劲拓股份
300405 6.39 81410.31 科隆股份
300413 31.78 121036.03 芒果超媒
300416 28.88 71488.84 苏试试验
300418 14.13 112096.71 昆仑万维
300433 11.13 564877.88 蓝思科技
300436 32.96 21867.2 广生堂
300439 12.24 80174.0 美康生物
300448 5.42 114129.33 浩云科技
300451 7.03 204580.95 创业慧康
300452 14.71 216427.59 山河药辅
300459 3.61 798294.56 汤姆猫
300463 18.85 79146.37 迈克生物
300467 11.74 43673.84 迅游科技
300468 10.69 232846.08 四方精创
300471 17.12 135045.34 厚普股份
300476 17.94 468093.88 胜宏科技
300483 14.94 64265.42 首华燃气
300494 13.74 57910.0 盛天网络
300502 26.66 268089.84 新易盛
300504 19.16 49911.74 天邑股份
300506 6.81 124000.32 名家汇
300522 13.68 99044.35 世名科技
300525 23.52 43536.42 博思软件
300541 12.57 139022.17 先进数通
300542 11.42 45421.65 新晨科技
300545 19.82 61449.7 联得装备
300546 23.78 68305.01 雄帝科技
300551 9.04 152947.44 古鳌科技
300560 15.26 63710.5 中富通
300561 10.49 67416.45 汇金科技
300566 18.77 63010.85 激智科技
300578 17.22 54067.0 会畅通讯
300579 25.14 75448.4 数字认证
300582 15.0 124965.93 英飞特
300588 10.93 61173.8 熙菱信息
300590 14.65 178083.59 移为通信
300603 10.59 144912.59 立昂技术
300605 12.95 34634.89 恒锋信息
300608 9.35 73489.87 思特奇
300611 13.0 66701.59 美力科技
300616 22.68 14278.46 尚品宅配
300618 54.25 43514.89 寒锐钴业
300624 32.24 41956.06 万兴科技
300631 27.46 20172.0 久吾高科
300634 13.06 61199.74 彩讯股份
300639 20.2 66888.39 凯普生物
300645 21.55 17004.68 正元智慧
300659 22.58 47061.25 中孚信息
300661 182.33 52777.28 圣邦股份
300663 16.18 278621.91 科蓝软件
300665 8.88 84132.12 飞鹿股份
300667 18.2 62450.26 必创科技
300673 16.62 17656.0 佩蒂股份
300677 22.83 147615.77 英科医疗
300678 18.7 69509.66 中科信息
300679 48.47 89235.48 电连技术
300687 25.41 41381.71 赛意信息
300706 29.43 170426.28 阿石创
300708 13.37 415296.56 聚灿光电
300709 32.52 63452.38 精研科技
300711 12.59 46319.52 广哈通信
300721 34.3 12994.0 怡达股份
300725 85.46 32737.85 药石科技
300730 10.24 75982.5 科创信息
300735 11.03 92931.66 光弘科技
300737 10.8 155955.44 科顺股份
300738 10.64 102360.29 奥飞数据
300771 15.18 60557.9 智莱科技
300773 17.82 165580.77 拉卡拉
300783 20.61 33143.34 三只松鼠
300785 25.75 14716.21 值得买
300787 36.48 32407.0 海能实业
300789 20.76 4651.6 唐源电气
300792 28.79 31411.0 壹网壹创
300800 15.89 15818.1 力合科技
300803 54.28 102423.1 指南针
300805 8.05 29973.0 电声股份
300812 19.59 57446.84 易天股份
300845 14.23 14745.92 捷安高科
300846 12.82 111614.62 首都在线
300853 29.88 39165.28 申昊科技
300860 43.26 15672.67 锋尚文化
300869 26.14 33206.97 康泰医学
300881 24.54 14262.93 盛德鑫泰
300890 54.34 37941.46 翔丰华
300891 12.73 52626.19 惠云钛业
300895 30.99 25391.03 铜牛信息
300903 14.95 102488.56 科翔股份
300905 18.21 5908.0 宝丽迪
300908 33.14 8340.0 仲景食品
300915 41.06 5235.0 海融科技
300921 19.4 17572.93 南凌科技
300925 12.13 73234.82 法本信息
300932 22.07 91953.71 三友联众
300935 30.44 9311.54 盈建科
300941 22.32 66794.44 创识科技
300942 21.36 19748.51 易瑞生物
300945 16.13 59323.98 曼卡龙
300959 31.38 8240.0 线上线下
300964 33.6 16703.0 本川智能
300975 8.73 95841.5 商络电子
300981 23.08 23692.41 中红医疗
300986 33.75 23819.97 志特新材
300987 15.8 28741.55 川网传媒
300989 20.37 7642.56 蕾奥规划
300991 14.66 29778.4 创益通
300992 21.45 14345.0 泰福泵业
300996 31.6 22786.87 普联软件
301002 25.08 9653.9 崧盛股份
301006 19.37 13635.21 迈拓股份
301011 30.0 6974.75 华立科技
301021 31.4 45931.63 英诺激光
301047 117.41 7518.46 义翘神州
301051 67.56 6384.58 信濠光电
301086 69.7 11260.99 鸿富瀚
301108 37.22 6217.5 洁雅股份
301118 43.59 9892.44 恒光股份
301131 49.54 45768.18 聚赛龙
301135 29.84 39919.45 瑞德智能
301139 33.48 26479.83 元道通信
301159 31.21 9972.47 三维天地
301169 37.3 10394.02 零点有数
301177 57.8 11514.07 迪阿股份
301178 33.38 8407.7 天亿马
301183 34.16 50487.29 东田微
301185 18.86 22780.95 鸥玛软件
301189 33.65 8522.0 奥尼电子
301191 78.93 18950.02 菲菱科思
301193 26.56 11058.37 家联科技
301200 54.67 31062.87 大族数控
301201 63.07 12626.25 诚达药业
301216 32.57 64241.29 万凯新材
301218 26.55 30110.5 华是科技
301236 34.2 52400.35 软通动力
301248 32.81 18395.51 杰创智能
600063 7.93 904810.62 皖维高新
600084 6.5 130148.92 中葡股份
600100 4.61 379359.41 同方股份
600105 3.88 231736.83 永鼎股份
600111 32.99 1151210.0 北方稀土
600114 10.02 118453.0 东睦股份
600120 3.93 296570.03 浙江东方
600156 4.63 58354.01 华升股份
600158 8.04 128061.96 中体产业
600165 10.17 139866.0 新日恒力
600183 16.56 251053.31 生益科技
600193 5.72 52602.01 创兴资源
600197 28.7 105172.23 伊力特
600200 7.91 319601.88 江苏吴中
600203 7.26 161356.69 福日电子
600206 17.69 616711.62 有研新材
600207 6.93 163372.81 安彩高科
600237 8.27 560755.0 铜峰电子
600298 47.13 102113.23 安琪酵母
600318 6.92 142263.84 新力金融
600331 3.15 257957.02 宏达股份
600360 8.36 1029250.19 华微电子
600410 5.76 239731.28 华胜天成
600446 9.92 146835.41 金证股份
600452 12.82 120062.68 涪陵电力
600497 5.47 1803521.88 驰宏锌锗
600498 15.03 171844.39 烽火通信
600529 27.73 104999.86 山东药玻
600531 5.33 151495.0 豫光金铅
600552 10.87 324300.34 凯盛科技
600556 7.79 240620.88 天下秀
600571 8.28 65738.04 信雅达
600581 4.57 182878.7 八一钢铁
600588 22.19 515885.5 用友网络
600602 7.25 193239.41 云赛智联
600651 3.6 133459.0 飞乐音响
600711 7.85 793855.38 盛屯矿业
600716 4.88 238611.0 凤凰股份
600718 11.43 191959.06 东软集团
600728 6.51 317080.94 佳都科技
600736 5.08 173357.25 苏州高新
600745 77.63 380417.69 闻泰科技
600756 13.29 108970.58 浪潮软件
600770 8.08 219821.69 综艺股份
600776 10.88 162626.14 东方通信
600782 4.49 337224.31 新钢股份
600797 6.82 387171.0 浙大网新
600820 5.51 339200.31 隧道股份
600831 5.61 72301.09 广电网络
600846 8.66 103233.64 同济科技
600850 19.82 67937.89 电科数字
600876 24.98 111509.22 洛阳玻璃
600883 7.92 30042.07 博闻科技
600884 28.55 294482.78 杉杉股份
600906 7.97 249506.17 财达证券
600916 14.37 312777.25 中国黄金
600927 19.02 43507.3 永安期货
600961 8.54 70985.41 株冶集团
600962 11.78 89477.68 国投中鲁
