000965 5.62 1081966.75 天保基建 4.46
002051 8.96 391285.44 中工国际 2.4
002062 7.82 1742943.88 宏润建设 6.39
002063 6.98 884022.75 远光软件 3.41
002205 12.6 219597.45 国统股份 4.13
002532 6.84 878267.19 天山铝业 2.4
002628 4.07 684250.06 成都路桥 2.52
002676 4.35 394423.59 顺威股份 2.11
002789 15.82 144163.45 建艺集团 4.08
002941 15.83 315172.88 新疆交建 4.9
002966 6.32 420569.38 苏州银行 1.94
300026 7.42 1571619.0 红日药业 2.2
300049 13.31 272318.53 福瑞股份 4.97
300497 14.14 256501.0 富祥药业 0.21
300614 32.58 72749.07 百川畅银 4.89
300682 27.56 119640.23 朗新科技 2.64
300718 20.5 139466.83 长盛轴承 7.16
300830 8.94 277290.81 金现代 6.81
300880 18.39 114643.17 迦南智能 3.61
301010 26.82 94804.03 晶雪节能 5.47
301038 21.49 109101.49 深水规院 1.51
301163 38.8 68064.38 宏德股份 6.16
600283 15.78 296095.28 钱江水利 5.98
600361 6.99 281124.25 创新新材 3.86
600505 9.39 180655.38 西昌电力 0.86
