002126 13.24 139647.7 银轮股份 1.15
002463 18.06 659146.88 沪电股份 5.43
002474 7.64 311715.62 榕基软件 4.66
002634 6.7 218584.23 棒杰股份 4.85
002850 168.85 46550.71 科达利 4.11
002917 11.7 84834.59 金奥博 3.72
300213 8.99 791633.81 佳讯飞鸿 1.35
300229 11.65 332579.28 拓尔思 2.1
300287 6.99 1997879.25 飞利信 7.21
300337 8.55 499542.16 银邦股份 7.96
300459 5.75 3003290.25 汤姆猫 3.23
300480 35.74 57933.54 光力科技 4.9
300650 31.25 76545.99 太龙股份 1.2
300678 23.34 173929.73 中科信息 6.33
300702 57.0 93468.96 天宇股份 5.44
300872 40.51 195478.48 天阳科技 6.33
300887 84.15 54052.4 谱尼测试 6.48
600161 32.78 358067.5 天坛生物 3.31
600280 3.39 434092.72 中央商场 3.35
600797 7.29 588768.75 浙大网新 5.35
600866 6.09 1091305.88 星湖科技 6.84
