000008 2.54 400561.62 神州高铁
000514 4.85 520007.84 渝开发
000521 4.45 819029.62 长虹美菱
000567 15.41 98112.44 海德股份
000582 8.02 253966.95 北部湾港
000680 5.89 1242015.5 山推股份
000797 3.27 803776.31 中国武夷
000812 5.76 351260.41 陕西金叶
000815 9.72 253165.02 美利云
000826 3.35 338988.38 启迪环境
000851 5.26 946200.94 高鸿股份
000886 4.76 497744.0 海南高速
000893 34.97 94864.14 亚钾国际
000926 4.71 399706.0 福星股份
002085 5.76 638293.19 万丰奥威
002133 3.55 128490.2 广宇集团
002135 9.3 256718.81 东南网架
002160 5.32 505493.16 常铝股份
002199 6.78 35579.02 东晶电子
002266 4.89 581628.19 浙富控股
002270 8.3 177947.19 华明装备
002271 46.03 265834.25 东方雨虹
002302 8.05 365441.59 西部建设
002305 2.57 829040.94 南国置业
002310 2.46 355512.41 东方园林
002314 3.88 372305.19 南山控股
002346 13.6 101486.88 柘中股份
002357 5.98 288787.62 富临运业
002596 3.66 1245525.5 海南瑞泽
002642 5.9 235738.0 荣联科技
002682 4.64 260883.7 龙洲股份
002822 5.28 291236.47 中装建设
002887 9.08 118870.62 绿茵生态
002922 20.06 279699.69 伊戈尔
002942 16.7 13838.15 新农股份
002949 13.67 21130.0 华阳国际
300051 5.98 55111.0 三五互联
300062 7.46 403079.81 中能电气
300105 6.38 114200.0 龙源技术
300113 14.5 184960.23 顺网科技
300143 11.46 146908.39 盈康生命
300185 3.04 1291709.25 通裕重工
300197 2.45 230769.44 节能铁汉
300249 9.69 243473.05 依米康
300391 11.75 85131.42 康跃科技
300621 8.82 48455.32 维业股份
300690 18.84 80222.26 双一科技
300746 11.88 100578.0 汉嘉设计
300776 173.6 19909.21 帝尔激光
300858 26.8 14783.09 科拓生物
300867 22.0 63581.02 圣元环保
300917 28.72 105991.71 特发服务
300989 22.3 14794.43 蕾奥规划
301136 18.99 47599.24 招标股份
301149 14.97 55628.11 隆华新材
301289 42.65 20836.59 国缆检测
600031 19.32 1053031.38 三一重工
600125 5.41 280800.0 铁龙物流
600150 19.12 522129.38 中国船舶
600163 8.7 469182.5 中闽能源
600322 2.07 265741.72 天房发展
600350 5.71 544327.75 山东高速
600487 16.45 749937.56 亨通光电
600508 18.26 275902.5 上海能源
600510 8.29 264634.34 黑牡丹
600522 24.58 719987.31 中天科技
600611 3.27 224116.91 大众交通
600622 3.44 470677.94 光大嘉宝
600657 6.2 927986.31 信达地产
600662 6.6 323948.62 外服控股
600790 3.68 214152.34 轻纺城
600802 6.55 122363.06 福建水泥
600815 3.13 546781.5 厦工股份
600830 5.67 90818.66 香溢融通
600874 7.22 163829.31 创业环保
600973 6.41 668436.0 宝胜股份
600984 6.47 180371.47 建设机械
