000029 8.19 74167.13 深深房A 2.25
000530 4.77 752842.5 冰山冷热 3.92
000590 9.56 36566.0 启迪药业 2.25
000608 3.2 201369.0 阳光股份 3.9
000711 3.57 922233.19 京蓝科技 5.62
000797 2.62 259216.52 中国武夷 3.15
000829 13.62 383057.62 天音控股 6.16
000897 2.67 419836.97 津滨发展 4.3
000919 7.64 103335.91 金陵药业 3.66
000929 8.68 55700.89 兰州黄河 3.46
000931 7.33 209346.52 中关村 5.92
000952 7.8 90345.21 广济药业 2.5
000993 11.94 299313.62 闽东电力 5.66
002061 6.68 920000.88 浙江交科 6.2
002124 6.69 718689.44 天邦食品 4.37
002163 10.43 136224.56 海南发展 4.51
002265 15.6 147568.22 西仪股份 1.7
002305 2.13 704393.94 南国置业 4.93
002370 6.29 966501.81 亚太药业 5.36
002517 4.87 353956.25 恺英网络 2.74
002620 7.68 841396.0 瑞和股份 5.06
002629 4.02 701164.38 仁智股份 3.61
002679 11.91 59546.7 福建金森 5.4
002828 8.9 213089.86 贝肯能源 0.56
002885 24.37 301241.53 京泉华 5.68
300096 8.68 406647.31 易联众 5.47
300110 4.37 392109.03 华仁药业 3.56
300111 3.37 751358.06 向日葵 3.06
300138 16.35 52902.9 晨光生物 1.55
300194 4.45 760429.19 福安药业 5.45
300200 7.88 58184.41 高盟新材 2.74
300220 14.79 48133.68 金运激光 2.5
300344 6.65 443312.62 立方数科 5.56
300500 28.1 252625.84 启迪设计 4.93
300518 55.95 27974.02 盛讯达 0.12
300614 36.43 33934.99 百川畅银 5.47
300635 14.4 45932.01 中达安 7.87
300715 14.62 46228.73 凯伦股份 3.18
300732 15.65 280123.69 设研院 4.68
300856 43.91 16959.0 科思股份 3.34
300935 50.94 17474.87 盈建科 6.57
300948 20.28 31285.13 冠中生态 4.27
300977 47.47 7978.37 深圳瑞捷 2.97
300980 35.25 5905.0 祥源新材 3.19
300986 43.21 9365.72 志特新材 2.17
300990 87.85 13923.57 同飞股份 6.59
301043 31.95 41399.0 绿岛风 7.11
301058 15.97 81301.99 中粮科工 0.88
301149 16.21 53468.12 隆华新材 5.6
600032 13.1 135093.64 浙江新能 4.38
600062 12.74 165042.55 华润双鹤 4.94
600082 3.4 152866.59 海泰发展 3.98
600098 6.49 91968.63 广州发展 0.31
600173 5.66 54047.67 卧龙地产 4.04
600207 6.67 240017.61 安彩高科 6.21
600218 10.49 278448.66 全柴动力 6.61
600322 2.11 328030.72 天房发展 4.97
600325 6.49 286383.78 华发股份 5.53
600332 29.95 146122.33 白云山 3.13
600351 8.16 1178952.12 亚宝药业 6.81
600397 3.5 462314.97 安源煤业 5.42
600533 3.63 656682.56 栖霞建设 6.14
600572 4.68 619885.06 康恩贝 4.0
600586 8.23 358628.72 金晶科技 3.52
600587 26.8 131589.27 新华医疗 5.72
600594 7.14 342368.31 益佰制药 1.28
600638 5.39 46364.21 新黄浦 3.85
600664 3.33 423470.09 哈药股份 2.78
600665 3.63 167538.69 天地源 3.12
600675 3.01 97328.7 中华企业 2.03
600800 5.14 711302.75 渤海化学 7.53
600895 13.12 76588.0 张江高科 2.26
600997 7.65 325180.91 开滦股份 5.66
600998 13.12 107333.08 九州通 1.86
