000048 18.29 51515.05 京基智农 1.95
000524 10.53 286440.03 岭南控股 3.03
000609 6.54 227513.77 中迪投资 4.47
000615 6.05 273807.91 奥园美谷 2.54
000638 8.8 893242.56 万方发展 3.77
000668 13.95 55596.88 荣丰控股 1.97
000955 4.58 264294.94 欣龙控股 4.09
000978 7.55 475138.44 桂林旅游 5.15
002254 19.72 144901.77 泰和新材 2.6
002336 7.79 174608.31 人人乐 2.63
002458 14.42 810258.75 益生股份 4.34
002511 10.97 301994.5 中顺洁柔 4.68
002609 8.51 177250.8 捷顺科技 0.12
300426 6.3 35253.72 唐德影视 2.44
300606 13.5 89629.17 金太阳 2.98
300960 19.29 13447.26 通业科技 1.37
301005 23.7 27259.87 超捷股份 1.8
600067 3.51 515038.69 冠城大通 3.85
600113 7.27 209701.91 浙江东日 3.56
600351 7.05 1316015.38 亚宝药业 7.47
600510 7.74 423250.5 黑牡丹 4.45
600706 10.72 473351.81 曲江文旅 0.75
600721 7.65 490102.12 百花医药 2.96
600783 13.13 110390.6 鲁信创投 2.58
600826 8.75 166391.34 兰生股份 3.31
