000034 17.72 150429.41 神州数码
000068 4.03 1318974.75 华控赛格
000407 4.27 347770.47 胜利股份
000530 5.89 378179.81 冰山冷热
000655 7.35 74485.53 金岭矿业
000759 7.64 902887.38 中百集团
000818 32.78 131259.38 航锦科技
000937 7.15 379719.69 冀中能源
000983 15.17 875128.62 山西焦煤
002058 12.61 27188.15 威尔泰
002090 12.27 294812.91 金智科技
002136 13.95 50511.0 安纳达
002137 6.01 572035.0 实益达
002145 7.62 483811.69 中核钛白
002171 10.79 311644.53 楚江新材
002197 9.93 1103252.12 证通电子
002277 4.11 306677.97 友阿股份
002368 18.41 70015.38 太极股份
002378 8.34 169412.72 章源钨业
002510 4.06 196731.2 天汽模
002540 5.42 142046.42 亚太科技
002689 4.71 1152679.62 远大智能
002772 7.53 72826.87 众兴菌业
002785 26.88 74460.0 万里石
002849 14.98 56594.7 威星智能
002862 13.16 76394.6 实丰文化
002891 28.6 51391.48 中宠股份
002947 18.63 35127.54 恒铭达
002952 15.31 105673.21 亚世光电
300008 4.33 518271.53 天海防务
300014 88.6 272135.59 亿纬锂能
300034 52.78 56263.07 钢研高纳
300065 11.17 139530.94 海兰信
300105 7.3 239196.69 龙源技术
300160 7.18 144887.2 秀强股份
300416 28.96 39299.05 苏试试验
300424 13.21 90454.67 航新科技
300438 82.28 103214.15 鹏辉能源
300473 18.27 27345.0 德尔股份
300551 11.22 169312.72 古鳌科技
300589 13.05 120975.84 江龙船艇
300673 22.77 46798.6 佩蒂股份
300722 28.58 27252.4 新余国科
300890 47.13 28498.11 翔丰华
300903 12.9 35161.39 科翔股份
300922 16.14 39222.22 天秦装备
300982 47.64 9630.11 苏文电能
301270 34.21 39500.75 汉仪股份
301306 46.33 17972.43 西测测试
600038 45.43 74905.57 中直股份
600096 25.22 762964.69 云天化
600105 3.54 205224.02 永鼎股份
600123 15.97 512052.97 兰花科创
600476 13.59 44539.0 湘邮科技
600508 17.23 226588.41 上海能源
600590 6.53 130866.52 泰豪科技
600615 10.91 93945.01 丰华股份
600971 8.04 191854.27 恒源煤电
600973 4.69 178732.66 宝胜股份
600997 8.05 307687.12 开滦股份
