000156 7.93 160457.11 华数传媒
000540 1.98 2483043.75 中天金融
000607 4.74 436162.84 华媒控股
000726 7.27 169045.02 鲁泰A
000975 9.94 413284.41 银泰黄金
002006 27.4 154623.31 精功科技
002053 14.34 363321.0 云南能投
002074 44.59 501092.44 国轩高科
002109 6.14 208219.31 兴化股份
002163 13.88 414201.28 海南发展
002207 9.36 865399.69 准油股份
002215 6.14 197018.08 诺普信
002290 7.07 35245.32 禾盛新材
002463 16.91 367432.62 沪电股份
002588 7.11 625863.12 史丹利
002597 39.63 78201.26 金禾实业
002601 20.39 239172.52 龙佰集团
002718 13.77 21787.0 友邦吊顶
002932 98.79 46172.79 明德生物
300266 4.0 653431.81 兴源环境
300444 5.44 414168.81 双杰电气
300678 18.39 157860.03 中科信息
300767 61.14 35117.4 震安科技
300945 15.12 133783.91 曼卡龙
301013 13.78 70707.43 利和兴
301120 18.21 213931.69 新特电气
600096 31.33 1319748.88 云天化
600230 15.85 137893.05 沧州大化
600295 31.04 158679.62 鄂尔多斯
600333 5.35 190289.45 长春燃气
600367 21.59 350694.31 红星发展
600438 53.53 951522.38 通威股份
600461 8.39 147862.05 洪城环境
600582 5.32 726205.19 天地科技
600873 10.28 442484.69 梅花生物
600928 3.96 612021.19 西安银行
600969 9.68 309280.22 郴电国际
