000007 7.09 88903.01 全新好
000012 5.95 440136.44 南玻A
000019 7.68 193903.2 深粮控股
000078 3.74 655417.12 海王生物
000088 5.03 231926.64 盐田港
000151 7.75 115500.47 中成股份
000153 8.08 50783.0 丰原药业
000423 32.1 97362.78 东阿阿胶
000430 5.65 252262.08 张家界
000507 5.53 342411.09 珠海港
000520 3.25 177343.23 长航凤凰
000528 6.27 225041.16 柳工
000532 10.4 67639.32 华金资本
000543 4.05 249568.16 皖能电力
000551 8.15 71567.92 创元科技
000566 4.59 646996.75 海南海药
000597 5.7 197590.44 东北制药
000678 4.29 70477.19 襄阳轴承
000700 4.37 134300.84 模塑科技
000720 5.34 225368.44 新能泰山
000750 3.47 988741.12 国海证券
000753 3.5 180750.77 漳州发展
000810 15.04 298665.91 创维数字
000826 3.44 408892.69 启迪环境
000863 3.18 553650.94 三湘印象
000975 9.2 425440.03 银泰黄金
002002 3.45 641992.5 鸿达兴业
002006 23.56 107769.54 精功科技
002013 10.79 840095.5 中航机电
002039 19.01 53533.87 黔源电力
002040 6.28 97429.72 南京港
002055 10.32 56409.43 得润电子
002056 17.86 545572.06 横店东磁
002098 6.1 44423.0 浔兴股份
002099 7.16 244084.98 海翔药业
002101 10.24 96259.79 广东鸿图
002136 13.71 109754.28 安纳达
002159 9.09 43876.0 三特索道
002209 6.57 22437.0 达意隆
002238 5.23 88394.29 天威视讯
002255 4.67 110577.72 海陆重工
002278 4.85 132900.2 神开股份
002284 6.72 112066.33 亚太股份
002357 5.36 146970.98 富临运业
002393 21.11 32224.25 力生制药
002398 6.8 190506.62 垒知集团
002422 18.32 137433.66 科伦药业
002434 7.11 221204.56 万里扬
002438 12.91 86220.94 江苏神通
002454 5.51 68316.5 松芝股份
002492 5.41 233672.31 恒基达鑫
002503 1.29 1172223.0 搜于特
002516 4.29 118003.24 旷达科技
002536 5.35 66223.5 飞龙股份
002615 5.33 68486.11 哈尔斯
002621 4.23 467764.38 美吉姆
002687 6.46 115868.0 乔治白
002697 5.08 358594.88 红旗连锁
002703 4.57 62044.67 浙江世宝
002719 7.92 27669.28 麦趣尔
002725 10.24 391516.88 跃岭股份
002730 8.29 87604.4 电光科技
002806 10.5 89467.85 华锋股份
002826 10.02 104512.59 易明医药
002868 10.59 21967.9 绿康生化
002885 15.7 107503.25 京泉华
002927 9.63 23749.48 泰永长征
002971 19.65 11241.0 和远气体
002990 24.43 37353.88 盛视科技
002991 51.44 10088.37 甘源食品
300022 4.76 186699.88 吉峰科技
300027 2.46 428126.97 华谊兄弟
300039 7.31 922562.19 上海凯宝
300048 5.32 131597.16 合康新能
300050 3.66 84005.62 世纪鼎利
300068 11.9 173663.36 南都电源
300107 5.44 84758.44 建新股份
300179 11.97 136527.55 四方达
300191 20.21 51190.85 潜能恒信
300206 9.95 42951.0 理邦仪器
300258 9.02 48493.03 精锻科技
300269 3.28 108488.57 联建光电
300304 4.61 90815.0 云意电气
300347 88.4 62872.59 泰格医药
300351 9.78 55319.85 永贵电器
300371 11.21 15362.4 汇中股份
300375 3.81 117864.88 鹏翎股份
300382 12.84 108514.8 斯莱克
300446 13.1 22213.9 乐凯新材
300528 6.15 182554.2 幸福蓝海
300545 16.22 49209.0 联得装备
300547 12.46 38248.8 川环科技
300606 16.76 13763.59 金太阳
300609 16.54 148370.16 汇纳科技
300610 12.95 33883.6 晨化股份
300632 10.65 56828.84 光莆股份
300639 24.22 298602.62 凯普生物
300643 12.04 106840.9 万通智控
300663 14.5 332238.59 科蓝软件
300726 57.58 35840.59 宏达电子
300742 27.63 10528.0 越博动力
300749 7.04 72781.0 顶固集创
300777 47.93 63638.22 中简科技
300828 21.73 23873.0 锐新科技
300843 20.5 32890.5 胜蓝股份
300871 17.68 33258.77 回盛生物
300884 14.48 61253.4 狄耐克
300887 69.72 32267.0 谱尼测试
300891 10.87 53923.63 惠云钛业
300926 21.75 89271.94 博俊科技
300928 44.58 9221.42 华安鑫创
300969 63.1 31094.46 恒帅股份
300978 11.99 26888.46 东箭科技
300992 21.79 28492.81 泰福泵业
301005 40.45 10986.0 超捷股份
301007 15.35 28023.36 德迈仕
301012 44.13 56791.32 扬电科技
301015 22.83 43943.5 百洋医药
301038 27.86 97468.95 深水规院
301043 29.8 51330.24 绿岛风
301079 24.28 9078.96 邵阳液压
301099 62.55 27690.65 雅创电子
301128 29.15 17926.25 强瑞技术
301181 30.68 23267.39 标榜股份
301198 27.04 42450.46 喜悦智行
301206 68.09 19782.62 三元生物
600006 5.12 327075.47 东风汽车
600066 8.08 398983.0 宇通客车
600081 10.31 34191.41 东风科技
600166 2.46 1157857.0 福田汽车
600218 8.69 77539.4 全柴动力
600230 14.62 109823.13 沧州大化
600249 4.87 77822.0 两面针
600297 2.31 1145841.88 广汇汽车
600322 2.24 816526.0 天房发展
600335 6.8 449776.0 国机汽车
600351 6.5 229018.05 亚宝药业
600353 6.82 77004.0 旭光电子
600358 6.51 339353.84 国旅联合
600389 60.7 58896.52 江山股份
600409 6.67 486099.03 三友化工
600425 4.38 1150558.5 青松建化
600428 4.71 339553.06 中远海特
600439 2.8 180607.78 瑞贝卡
600449 12.81 103168.03 宁夏建材
600543 5.62 111767.56 莫高股份
600549 17.18 177277.81 厦门钨业
600551 8.19 56643.08 时代出版
600557 15.26 109398.28 康缘药业
600576 4.87 81837.0 祥源文旅
600605 7.53 24461.22 汇通能源
600617 4.74 256545.55 国新能源
600626 3.88 155251.2 申达股份
600648 14.68 157889.73 外高桥
600650 11.75 161754.84 锦江在线
600651 3.39 158504.59 飞乐音响
600676 4.15 185259.47 交运股份
600678 5.8 229522.0 四川金顶
600692 6.0 146701.62 亚通股份
600794 3.37 680993.0 保税科技
600811 2.74 443112.41 东方集团
600831 5.9 249363.08 广电网络
600861 18.23 42376.0 北京城乡
600981 2.94 353538.03 汇鸿集团
600984 7.52 204643.3 建设机械
