000012 7.44 875065.81 南玻A
000550 15.72 140110.88 江铃汽车
000833 9.41 524220.0 粤桂股份
002312 14.11 695185.62 川发龙蟒
002526 2.29 1066341.62 山东矿机
002639 11.44 942738.94 雪人股份
002723 11.58 163131.73 小崧股份
002852 11.52 131506.84 道道全
300007 18.63 280237.97 汉威科技
300209 6.85 289966.84 有棵树
300432 21.08 712840.56 富临精工
300434 9.29 46837.24 金石亚药
300498 22.01 788438.38 温氏股份
300552 25.41 97121.9 万集科技
300630 30.19 78097.74 普利制药
300705 20.59 86767.52 九典制药
300938 25.75 15357.55 信测标准
300969 98.19 28562.2 恒帅股份
301126 17.8 118327.63 达嘉维康
600026 10.21 987916.62 中远海能
600070 5.53 113163.15 浙江富润
