000019 7.98 174027.27 深粮控股
000155 23.09 408652.97 川能动力
000419 5.24 184464.95 通程控股
000505 9.0 211819.41 京粮控股
000607 5.0 245340.84 华媒控股
000609 5.57 96154.74 中迪投资
000671 2.4 3794294.75 阳光城
000707 11.95 249942.64 双环科技
000719 7.5 122031.43 中原传媒
000778 4.34 537812.06 新兴铸管
000826 4.04 1271343.88 启迪环境
000833 8.21 171260.12 粤桂股份
000875 7.54 1692810.88 吉电股份
000933 17.51 668693.5 神火股份
000965 4.77 626847.81 天保基建
000968 10.91 369888.88 蓝焰控股
000983 13.1 1368964.62 山西焦煤
000985 16.81 73549.24 大庆华科
002041 21.33 173465.72 登海种业
002042 3.71 203541.7 华孚时尚
002096 13.23 113449.21 南岭民爆
002109 6.03 204989.5 兴化股份
002131 1.97 928519.62 利欧股份
002225 5.56 493782.09 濮耐股份
002229 7.98 177606.77 鸿博股份
002238 6.51 152406.56 天威视讯
002244 9.06 365850.69 滨江集团
002324 19.11 295488.72 普利特
002343 5.6 136518.0 慈文传媒
002354 4.11 527367.38 天娱数科
002357 6.16 139337.0 富临运业
002489 3.54 262357.97 浙江永强
002492 5.81 103454.0 恒基达鑫
002555 20.55 472516.69 三七互娱
002561 9.49 199352.05 徐家汇
002572 17.63 246459.81 索菲亚
002657 16.45 264048.81 中科金财
002658 7.55 149317.31 雪迪龙
002687 4.7 170286.69 乔治白
002925 25.07 140321.7 盈趣科技
002928 10.89 103816.62 华夏航空
300026 6.12 602429.25 红日药业
300087 15.95 281430.69 荃银高科
300182 5.91 1992437.62 捷成股份
300262 3.3 153904.59 巴安水务
300315 3.38 529594.38 掌趣科技
300396 17.93 52966.1 迪瑞医疗
300483 17.12 126938.0 首华燃气
300517 15.03 42063.08 海波重科
300536 16.24 49898.69 农尚环境
300541 13.2 301849.09 先进数通
300553 43.79 9529.0 集智股份
300618 57.5 76419.01 寒锐钴业
300654 10.39 58843.65 世纪天鸿
300761 46.96 56323.79 立华股份
300791 30.9 18585.98 仙乐健康
300805 8.59 82759.82 电声股份
300833 111.53 11082.6 浩洋股份
300987 17.29 84221.97 川网传媒
301058 17.05 79138.24 中粮科工
301109 17.91 62151.74 军信股份
301207 55.06 27727.72 华兰疫苗
600121 6.1 741922.12 郑州煤电
600123 15.82 516635.56 兰花科创
600153 11.93 314059.97 建发股份
600195 12.94 234542.95 中牧股份
600279 4.37 104848.5 重庆港
600313 12.09 1256578.38 农发种业
600338 33.33 533102.25 西藏珠峰
600397 3.39 327432.56 安源煤业
600408 3.29 159255.3 安泰集团
600486 111.81 36305.51 扬农化工
600508 18.18 401420.72 上海能源
600640 10.8 135561.7 国脉文化
600658 4.87 190929.42 电子城
600740 6.76 848297.94 山西焦化
600774 12.3 85803.48 汉商集团
600791 4.29 101653.02 京能置业
600857 12.9 42437.71 宁波中百
600875 17.9 432716.38 东方电气
600971 8.11 353137.38 恒源煤电
600975 9.27 427081.09 新五丰
600996 10.18 691949.75 贵广网络
