000014 9.55 127461.76 沙河股份 4.37
000036 3.94 96772.82 华联控股 3.14
000153 9.35 129944.81 丰原药业 3.43
000530 4.82 763350.56 冰山冷热 1.05
000558 3.34 785741.69 莱茵体育 5.36
000590 9.93 72039.65 启迪药业 3.87
000608 3.32 285087.09 阳光股份 3.75
000679 4.25 50144.71 大连友谊 3.41
000778 4.95 1278761.88 新兴铸管 0.2
000797 2.75 363726.31 中国武夷 4.96
000897 2.82 625446.0 津滨发展 5.62
000983 11.69 1286928.0 山西焦煤 5.6
002038 10.52 246173.08 双鹭药业 3.54
002305 2.26 1077178.38 南国置业 6.1
002325 2.68 463121.12 洪涛股份 1.51
002370 6.5 986595.44 亚太药业 3.34
002375 6.2 419120.09 亚厦股份 4.2
002397 3.56 89664.44 梦洁股份 2.01
002406 5.55 108309.81 远东传动 0.18
002442 6.05 148685.0 龙星化工 4.67
002548 8.05 604793.94 金新农 5.78
002576 14.7 83429.02 通达动力 3.89
002596 3.51 306603.03 海南瑞泽 3.54
002728 17.94 255394.52 特一药业 4.49
002759 31.49 502067.41 天际股份 4.72
002765 7.46 181794.0 蓝黛科技 4.48
002772 7.86 124898.0 众兴菌业 4.66
002796 8.85 87042.25 世嘉科技 6.63
002816 19.06 41583.49 和科达 6.01
002840 17.08 65029.02 华统股份 3.08
002883 11.58 23735.9 中设股份 1.4
002890 16.59 8796.0 弘宇股份 2.03
300018 6.85 147630.66 中元股份 3.01
300030 9.74 124910.27 阳普医疗 2.63
300069 20.12 10958.0 金利华电 5.89
300076 5.31 94486.0 GQY视讯 2.12
300110 4.57 549159.38 华仁药业 4.58
300187 7.72 146907.0 永清环保 2.93
300194 4.62 787530.5 福安药业 3.82
300221 6.72 275303.41 银禧科技 4.35
300422 7.52 69364.03 博世科 3.72
300497 17.4 534901.94 富祥药业 3.2
300517 13.97 38620.39 海波重科 2.95
300585 15.7 46807.0 奥联电子 6.8
300599 9.46 47934.66 雄塑科技 2.94
300627 37.03 26481.67 华测导航 2.29
300651 33.94 35712.9 金陵体育 7.13
300725 96.31 119822.72 药石科技 4.68
300791 30.2 19677.5 仙乐健康 0.07
300814 20.27 30841.07 中富电路 4.22
300823 23.52 37891.61 建科机械 7.5
300844 62.5 11479.0 山水比德 3.96
300849 10.89 20794.0 锦盛新材 1.68
300949 51.2 20091.0 奥雅股份 1.23
300977 48.84 8568.0 深圳瑞捷 2.89
301037 23.31 8531.51 保立佳 2.87
301057 19.4 22476.46 汇隆新材 4.25
301059 19.37 36643.36 金三江 5.16
301075 37.6 23934.1 多瑞医药 2.68
301149 16.9 89043.92 隆华新材 4.26
600032 13.38 191983.64 浙江新能 2.14
600062 13.01 212230.73 华润双鹤 2.12
600097 12.47 82053.08 开创国际 3.66
600128 8.9 232462.84 弘业股份 3.61
600158 9.13 288744.22 中体产业 2.24
600173 5.85 64666.0 卧龙地产 3.36
600197 27.13 142081.94 伊力特 3.23
600219 4.13 1395409.5 南山铝业 1.72
600376 5.51 108939.82 首开股份 2.04
600496 4.65 638600.38 精工钢构 2.88
600586 8.38 397666.03 金晶科技 1.82
600587 28.49 170015.67 新华医疗 6.31
600651 3.45 103375.01 飞乐音响 1.47
600664 3.41 442639.03 哈药股份 2.4
600675 3.08 111020.75 中华企业 2.33
600692 7.36 349159.62 亚通股份 7.6
600708 2.74 543557.25 光明地产 4.98
600975 9.39 522820.12 新五丰 4.92
