000031 3.92 209341.06 大悦城
000078 3.82 777125.38 海王生物
000099 6.91 100757.09 中信海直
000100 4.99 2392101.5 TCL科技
000151 8.65 118335.81 中成股份
000411 14.62 101961.35 英特集团
000514 4.24 376445.09 渝开发
000519 20.34 518715.25 中兵红箭
000521 3.68 291652.19 长虹美菱
000533 3.79 241808.5 顺钠股份
000545 3.83 202586.0 金浦钛业
000566 5.05 439966.47 海南海药
000628 11.13 25699.0 高新发展
000638 5.76 41018.28 万方发展
000667 1.84 2995664.75 美好置业
000701 5.79 111223.75 厦门信达
000702 5.44 102138.97 正虹科技
000722 9.01 356799.12 湖南发展
000731 9.05 304502.78 四川美丰
000735 6.29 131552.12 罗牛山
000790 5.43 246038.2 华神科技
000798 8.25 165198.41 中水渔业
000816 3.72 411332.0 智慧农业
000833 7.07 296785.0 粤桂股份
000876 15.59 558006.81 新希望
000901 9.22 203378.58 航天科技
000908 4.44 711897.94 景峰医药
000911 10.41 153141.02 南宁糖业
000912 5.75 462357.38 泸天化
000930 9.58 329113.81 中粮科技
000950 5.8 614113.94 重药控股
000953 7.82 580789.56 河化股份
000966 6.37 788135.75 长源电力
000989 9.73 189631.88 九芝堂
002019 15.87 118632.15 亿帆医药
002026 14.21 126544.34 山东威达
002046 12.51 89556.66 国机精工
002091 10.81 167390.0 江苏国泰
002096 11.19 43088.15 南岭民爆
002105 8.56 40485.0 信隆健康
002107 7.4 176507.8 沃华医药
002119 14.04 144966.89 康强电子
002135 12.35 867360.56 东南网架
002136 17.65 131982.16 安纳达
002144 10.02 33168.1 宏达高科
002145 10.23 265699.12 中核钛白
002148 6.68 748397.25 北纬科技
002151 35.4 126173.99 北斗星通
002157 6.42 560322.5 正邦科技
002162 6.2 1028394.06 悦心健康
002170 5.84 202514.73 芭田股份
002189 16.9 45253.79 中光学
002198 6.51 104074.64 嘉应制药
002205 10.0 224349.72 国统股份
002209 7.89 86265.43 达意隆
002215 6.59 259883.0 诺普信
002234 15.48 109606.52 民和股份
002235 6.22 1397080.0 安妮股份
002264 4.8 101212.02 新华都
002277 3.21 516416.09 友阿股份
002286 11.98 91378.8 保龄宝
002295 7.0 32831.0 精艺股份
002299 19.58 174773.91 圣农发展
002314 3.77 380709.44 南山控股
002324 13.8 132818.06 普利特
002331 9.88 341750.19 皖通科技
002340 8.74 2040758.38 格林美
002342 3.99 157586.47 巨力索具
002347 4.62 55696.37 泰尔股份
002374 5.17 976481.06 中锐股份
002383 8.38 726590.25 合众思壮
002385 8.0 1392552.38 大北农
002389 20.07 118928.54 航天彩虹
002418 3.41 221135.0 康盛股份
002428 14.76 437449.19 云南锗业
002440 8.56 208922.2 闰土股份
002443 7.98 296547.97 金洲管道
002446 5.94 382683.62 盛路通信
002455 11.91 149214.38 百川股份
002458 8.57 89504.33 益生股份
002462 16.12 187520.28 嘉事堂
002480 5.27 248100.0 新筑股份
002481 8.17 245296.52 双塔食品
002489 3.64 949723.19 浙江永强
002494 4.64 99450.0 华斯股份
002496 2.65 147641.66 辉丰股份
002513 4.78 50337.88 蓝丰生化
002527 7.0 83732.11 新时达
002538 8.35 152761.58 司尔特
002542 3.04 611064.38 中化岩土
002544 23.99 86995.6 普天科技
002556 11.35 153829.11 辉隆股份
002573 7.43 187691.48 清新环境
002580 7.25 79559.75 圣阳股份
002581 18.69 192361.31 未名医药
002583 5.5 202937.14 海能达
002588 6.33 306877.72 史丹利
002590 7.8 64632.0 万安科技
002634 5.31 62909.49 棒杰股份
002650 4.7 124674.0 加加食品
002652 4.15 816851.75 扬子新材
002660 7.97 47502.0 茂硕电源
002671 5.56 461475.75 龙泉股份
002676 4.25 224901.3 顺威股份
002693 5.27 155429.88 双成药业
002696 6.27 118670.0 百洋股份
002702 5.65 273316.28 海欣食品
002703 5.93 114211.56 浙江世宝
002719 8.95 20576.0 麦趣尔
002721 3.81 513015.0 金一文化
002723 14.15 45087.8 小崧股份
002727 24.93 115473.56 一心堂
002734 11.02 33980.27 利民股份
002735 26.8 35202.93 王子新材
002746 9.45 137644.52 仙坛股份
002767 11.53 44097.28 先锋电子
002774 11.25 304667.25 快意电梯
002788 9.38 453621.69 鹭燕医药
002808 8.08 60246.56 恒久科技
002817 12.31 109088.18 黄山胶囊
002822 7.19 734221.25 中装建设
002835 12.11 55572.43 同为股份
002846 7.01 30650.76 英联股份
002852 13.34 57214.59 道道全
002858 13.56 28674.0 力盛体育
002861 12.57 22997.36 瀛通通讯
002877 6.71 23857.84 智能自控
002878 19.46 92668.34 元隆雅图
002895 22.32 83163.7 川恒股份
002898 13.72 163165.84 赛隆药业
002899 14.71 63351.0 英派斯
002907 14.96 97019.0 华森制药
002932 93.93 64306.37 明德生物
002947 26.35 56605.64 恒铭达
002956 16.25 17925.6 西麦食品
002981 22.21 8684.79 朝阳科技
300021 5.71 229588.5 大禹节水
300025 4.33 142099.73 华星创业
300032 6.52 297703.0 金龙机电
300042 14.76 98332.9 朗科科技
300045 8.93 139126.45 华力创通
300053 9.77 192140.88 欧比特
300062 9.61 48869.0 中能电气
300067 3.97 133491.06 安诺其
300075 25.47 810742.31 数字政通
300123 7.11 175464.0 亚光科技
300141 11.9 93670.0 和顺电气
300149 12.95 73629.26 睿智医药
300154 6.8 31672.0 瑞凌股份
300175 5.68 635860.0 朗源股份
300177 8.25 244548.92 中海达
300181 10.9 593168.69 佐力药业
300199 21.8 1275739.38 翰宇药业
300210 3.9 180047.0 森远股份
300239 5.98 74321.0 东宝生物
300247 3.96 280113.69 融捷健康
300252 9.25 83562.7 金信诺
300255 7.81 320550.78 常山药业
300268 18.25 37267.0 佳沃食品
300275 15.08 64884.0 梅安森
300277 8.0 69427.0 海联讯
300281 5.7 45272.5 金明精机
300314 13.49 62591.5 戴维医疗
300318 8.23 247496.28 博晖创新
300322 10.63 60513.25 硕贝德
300342 11.03 73470.34 天银机电
300349 11.41 40931.92 金卡智能
300354 31.84 14542.61 东华测试
300404 12.17 109603.47 博济医药
300407 10.38 273999.41 凯发电气
300417 11.26 12967.6 南华仪器
300425 5.2 109395.56 中建环能
300430 11.41 61191.1 诚益通
300435 18.23 158964.0 中泰股份
300437 23.78 142936.48 清水源
300453 11.3 58205.22 三鑫医疗
300457 26.52 111104.38 赢合科技
300466 5.64 82419.2 赛摩智能
300484 13.2 34178.0 蓝海华腾
300490 16.5 92999.46 华自科技
300491 15.4 41616.0 通合科技
300510 5.46 141517.12 金冠股份
300516 31.61 19241.5 久之洋
300556 25.58 102400.72 丝路视觉
300563 13.24 34588.26 神宇股份
300593 47.67 31189.71 新雷能
300650 25.77 31266.66 太龙股份
300665 9.54 53020.1 飞鹿股份
300684 16.38 28561.0 中石科技
300702 51.48 42902.68 天宇股份
300716 10.68 67756.06 国立科技
300745 43.61 49284.0 欣锐科技
300753 18.98 32313.16 爱朋医疗
300765 15.59 67350.81 新诺威
300779 15.52 13059.0 惠城环保
300795 25.05 8510.0 米奥会展
300801 20.63 24188.4 泰和科技
300813 69.06 6441.15 泰林生物
300818 43.18 24063.45 耐普矿机
300835 66.02 37122.76 龙磁科技
300836 32.52 5789.0 佰奥智能
300858 30.97 23003.8 科拓生物
300869 37.79 105514.08 康泰医学
300886 26.2 8007.61 华业香料
300892 29.36 8136.72 品渥食品
300898 23.54 16088.5 熊猫乳品
300927 28.08 7985.74 江天化学
300930 28.3 7252.58 屹通新材
300933 9.42 72408.53 中辰股份
300937 39.26 34038.03 药易购
300940 30.04 18939.96 南极光
300952 18.37 22727.96 恒辉安防
300953 114.94 24706.78 震裕科技
300955 26.82 8310.99 嘉亨家化
300960 22.11 10679.3 通业科技
300961 17.26 13635.22 深水海纳
300968 11.13 29017.48 格林精密
300981 73.92 14125.88 中红医疗
300997 13.35 33381.28 欢乐家
301001 27.57 6336.0 凯淳股份
301012 41.61 20234.05 扬电科技
301013 19.86 10058.43 利和兴
301020 26.41 13458.56 密封科技
301021 31.1 6632.1 英诺激光
301022 41.46 12738.0 海泰科
301025 16.22 37195.36 读客文化
301030 25.73 16247.49 仕净科技
301032 11.36 26897.24 新柴股份
301033 49.17 5372.45 迈普医学
301039 10.0 77188.07 中集车辆
301040 33.4 19159.97 中环海陆
301042 38.1 3475.0 安联锐视
301049 31.45 39804.88 超越科技
301055 18.47 11943.65 张小泉
301062 14.24 34798.86 上海艾录
301068 31.4 12981.26 大地海洋
301072 43.0 80136.14 中捷精工
301076 32.34 14825.13 新瀚新材
301079 28.98 15148.1 邵阳液压
301087 68.68 20576.82 可孚医疗
301093 44.8 10040.76 华兰股份
301096 87.59 18869.17 百诚医药
301108 49.98 10944.2 洁雅股份
301113 35.73 10625.0 雅艺科技
301119 33.01 9778.76 正强股份
301127 15.16 100565.53 天源环保
301133 28.16 11485.74 金钟股份
301155 97.26 38419.99 海力风电
301181 35.54 37610.82 标榜股份
301190 25.78 19198.1 善水科技
301198 28.34 10663.0 喜悦智行
600055 28.82 167579.44 万东医疗
600073 7.21 136358.53 上海梅林
600083 10.29 57708.1 博信股份
600108 3.75 1535157.12 亚盛集团
600123 12.12 512787.62 兰花科创
600152 6.7 50856.01 维科技术
600212 5.41 189419.02 绿能慧充
600216 15.48 185774.94 浙江医药
600230 16.41 84271.05 沧州大化
600235 6.04 125115.0 民丰特纸
600243 4.29 155492.0 青海华鼎
600249 6.12 464926.34 两面针
600272 12.3 270026.41 开开实业
600278 8.04 227627.09 东方创业
600283 13.04 80886.84 钱江水利
600301 16.19 42331.93 南化股份
600313 5.78 840309.5 农发种业
600319 7.47 125810.88 亚星化学
600380 12.46 385605.31 健康元
600389 42.15 31323.3 江山股份
600393 1.29 328893.0 粤泰股份
600435 9.11 255728.59 北方导航
600444 13.38 43433.0 国机通用
600467 3.0 484649.34 好当家
600479 11.77 130522.71 千金药业
600481 12.27 289878.75 双良节能
600495 3.79 249877.41 晋西车轴
600506 12.02 21550.0 香梨股份
600511 28.9 205170.91 国药股份
600512 4.08 1424308.62 腾达建设
600529 28.33 162485.09 山东药玻
600535 14.97 346956.25 天士力
600538 5.38 98503.0 国发股份
600565 2.46 361958.12 迪马股份
600571 14.01 533564.31 信雅达
600573 10.79 185844.38 惠泉啤酒
600576 6.98 391716.59 祥源文旅
600629 7.72 140078.77 华建集团
600678 6.52 155898.0 四川金顶
600704 5.49 1071208.88 物产中大
600722 5.97 102395.47 金牛化工
600724 4.4 273259.0 宁波富达
600727 9.79 149763.23 鲁北化工
600743 2.18 647286.12 华远地产
600744 5.15 731091.38 华银电力
600768 9.69 69808.77 宁波富邦
600796 5.83 64348.0 钱江生化
600798 4.58 728265.81 宁波海运
600811 3.33 1368051.5 东方集团
600812 8.1 162667.09 华北制药
600817 10.63 21094.56 宇通重工
600829 7.1 186863.08 人民同泰
600844 3.64 150278.0 丹化科技
600857 13.28 129914.23 宁波中百
600892 3.53 63664.41 大晟文化
600894 7.62 253600.22 广日股份
600929 7.07 92132.91 雪天盐业
600993 22.26 59581.77 马应龙
