000011 10.3 63940.98 深物业A
000017 4.04 67398.0 深中华A
000060 4.5 458584.97 中金岭南
000158 5.97 168767.8 常山北明
000426 6.45 173223.0 兴业矿业
000507 5.62 184187.28 珠海港
000521 4.0 141550.61 长虹美菱
000531 7.43 94596.95 穗恒运A
000543 4.92 304573.69 皖能电力
000558 3.08 452924.09 莱茵体育
000573 3.94 955477.38 粤宏远A
000582 7.59 142698.48 北部湾港
000586 8.24 36795.01 汇源通信
000589 5.13 660721.38 贵州轮胎
000592 2.73 640509.19 平潭发展
000601 5.39 190093.8 韶能股份
000612 6.19 261303.48 焦作万方
000633 9.13 220090.23 合金投资
000667 1.66 1317577.62 美好置业
000680 4.48 149232.06 山推股份
000722 13.66 146662.27 湖南发展
000758 4.93 397161.19 中色股份
000802 4.16 110326.06 北京文化
000826 3.48 194521.69 启迪环境
000897 2.46 239162.94 津滨发展
000905 7.63 83502.84 厦门港务
000909 9.76 480153.53 数源科技
000912 5.47 282771.03 泸天化
000918 2.42 520805.0 嘉凯城
000923 12.0 76930.81 河钢资源
000966 4.94 175232.92 长源电力
000975 12.99 368681.62 银泰黄金
000982 2.0 430837.19 中银绒业
002029 5.84 158252.17 七匹狼
002068 15.99 364250.09 黑猫股份
002125 17.12 221967.56 湘潭电化
002127 4.73 302144.66 南极电商
002168 4.29 725017.81 惠程科技
002170 6.23 187408.12 芭田股份
002183 5.84 442824.69 怡亚通
002207 8.98 458707.97 准油股份
002210 2.39 332438.56 飞马国际
002212 10.13 360265.0 天融信
002267 8.34 184563.92 陕天然气
002278 5.19 331258.22 神开股份
002347 4.81 222464.44 泰尔股份
002388 6.01 67648.81 新亚制程
002446 7.28 246299.2 盛路通信
002469 7.34 498804.0 三维化学
002480 5.13 182498.31 新筑股份
002486 3.25 398877.0 嘉麟杰
002490 5.23 664968.62 山东墨龙
002496 2.4 171647.59 辉丰股份
002530 6.63 138822.23 金财互联
002536 8.62 272614.0 飞龙股份
002537 9.0 1095018.62 海联金汇
002543 11.12 433499.84 万和电气
002554 4.15 553652.94 惠博普
002565 4.05 171051.77 顺灏股份
002570 5.41 357167.59 贝因美
002581 17.16 54028.0 未名医药
002596 3.04 249874.95 海南瑞泽
002639 9.92 251975.52 雪人股份
002650 4.41 330916.0 加加食品
002652 3.07 710451.62 扬子新材
002681 3.78 175629.95 奋达科技
002709 48.0 298151.03 天赐材料
002738 105.5 227309.8 中矿资源
002765 10.6 428109.38 蓝黛科技
002769 8.74 127240.47 普路通
002774 7.15 34885.17 快意电梯
002778 13.99 28826.4 中晟高科
002826 9.54 23433.77 易明医药
002829 33.78 16566.37 星网宇达
002830 11.54 36711.0 名雕股份
002863 6.03 369501.41 今飞凯达
002893 8.95 47831.24 华通热力
002908 14.79 90036.42 德生科技
002911 13.2 150869.66 佛燃能源
002915 18.27 88726.02 中欣氟材
002969 3.86 52708.02 嘉美包装
002992 34.32 67168.56 宝明科技
002997 25.2 127617.34 瑞鹄模具
300025 5.08 75687.68 华星创业
300057 10.07 273001.22 万顺新材
300071 2.95 96746.0 福石控股
300096 5.83 38535.88 易联众
300127 16.17 29382.34 银河磁体
300128 3.66 200194.0 锦富技术
300132 5.63 92956.0 青松股份
300151 15.43 55218.18 昌红科技
300157 3.62 149037.25 恒泰艾普
300163 3.53 116480.93 先锋新材
300164 4.69 311696.59 通源石油
300167 5.43 87657.02 迪威迅
300195 5.67 58630.01 长荣股份
300197 2.47 303886.5 节能铁汉
300221 4.81 49253.0 银禧科技
300228 7.0 367043.91 富瑞特装
300235 9.73 22626.0 方直科技
300240 7.73 61554.0 飞力达
300248 8.15 63638.76 新开普
300262 2.86 52545.3 巴安水务
300266 3.23 160775.02 兴源环境
300270 5.53 32438.0 中威电子
300290 4.36 65891.0 荣科科技
300295 9.69 192542.69 三六五网
300335 5.33 521444.16 迪森股份
300350 5.31 82817.0 华鹏飞
300352 4.11 196583.44 北信源
300365 8.55 113691.0 恒华科技
300377 7.72 111090.97 赢时胜
300410 9.03 49537.96 正业科技
300435 14.87 52719.2 中泰股份
300462 8.97 15972.0 华铭智能
300464 5.76 46634.0 星徽股份
300471 14.05 63913.76 厚普股份
300479 18.62 109490.93 神思电子
300483 15.65 85967.06 首华燃气
300500 15.5 50245.57 启迪设计
300511 7.5 314166.38 雪榕生物
300537 13.85 37823.0 广信材料
300556 17.8 18937.16 丝路视觉
300566 23.37 102330.92 激智科技
300602 14.98 69996.32 飞荣达
300609 13.68 21798.0 汇纳科技
300621 8.95 26251.5 维业股份
300625 11.62 22313.0 三雄极光
300634 13.37 63964.72 彩讯股份
300670 7.17 57259.5 大烨智能
300756 13.39 12465.77 金马游乐
300779 15.07 12414.0 惠城环保
300792 26.91 38397.96 壹网壹创
300793 14.79 105225.41 佳禾智能
300835 29.73 25225.5 龙磁科技
300839 13.02 15776.32 博汇股份
300854 17.61 18176.74 中兰环保
300864 18.52 7848.35 南大环境
300868 16.97 6749.38 杰美特
300875 33.16 9207.6 捷强装备
300877 16.0 40374.65 金春股份
300884 11.69 131536.34 狄耐克
300907 19.98 6697.1 康平科技
300912 14.04 10197.0 凯龙高科
300917 24.89 87165.05 特发服务
300929 12.63 15058.69 华骐环保
300930 30.9 14847.52 屹通新材
300941 19.97 52580.58 创识科技
300947 13.88 13441.45 德必集团
300978 14.49 89873.35 东箭科技
301001 22.67 19652.32 凯淳股份
301033 38.91 8285.59 迈普医学
301049 23.69 24135.44 超越科技
301110 37.39 7796.8 青木股份
301113 34.34 16301.1 雅艺科技
301121 74.88 29975.14 紫建电子
301127 11.31 49553.17 天源环保
301129 58.95 8439.63 瑞纳智能
301138 29.7 10361.67 华研精机
301171 19.03 90202.65 易点天下
301187 19.8 46471.26 欧圣电气
301302 59.25 18650.43 华如科技
301308 60.87 35397.83 江波龙
600006 6.27 283536.56 东风汽车
600017 3.03 341496.44 日照港
600021 10.54 1153285.0 上海电力
600070 5.65 61130.0 浙江富润
600111 30.48 965005.56 北方稀土
600113 6.87 89755.0 浙江东日
600116 9.43 250443.28 三峡水利
600127 8.66 229323.73 金健米业
600133 5.75 117701.21 东湖高新
600166 2.76 727934.5 福田汽车
600190 3.62 588218.31 锦州港
600202 5.19 115440.78 哈空调
600259 42.35 85325.14 广晟有色
600284 6.25 115693.26 浦东建设
600293 3.31 141294.0 三峡新材
600310 3.3 177685.06 桂东电力
600313 10.92 580983.19 农发种业
600322 2.21 326375.28 天房发展
600348 18.39 782521.94 华阳股份
600387 7.87 67149.95 海越能源
600393 1.59 390836.25 粤泰股份
600452 14.03 188635.7 涪陵电力
600466 1.43 1111159.38 蓝光发展
600481 16.0 235450.78 双良节能
600505 8.27 64792.18 西昌电力
600546 18.2 505708.12 山煤国际
600561 5.57 27936.0 江西长运
600565 2.37 322371.0 迪马股份
600647 15.26 20706.0 同达创业
600697 13.39 21704.35 欧亚集团
600736 5.33 370561.41 苏州高新
600791 4.92 323074.09 京能置业
600828 4.0 331360.81 茂业商业
600844 3.54 323561.03 丹化科技
600862 26.56 173212.33 中航高科
600863 4.08 1535722.12 内蒙华电
600938 16.62 449167.38 中国海油
600970 9.4 281597.88 中材国际
600988 21.8 360330.38 赤峰黄金
