000049 45.6 137258.44 德赛电池 1.81
000531 9.27 92253.69 穗恒运A 1.42
000902 17.68 151189.41 新洋丰 2.2
000909 7.92 203393.52 数源科技 1.15
000913 13.95 40152.21 钱江摩托 0.94
002009 17.42 147178.12 天奇股份 1.51
002136 15.71 80811.41 安纳达 2.48
002141 5.65 341179.0 贤丰控股 4.44
002145 11.0 276987.12 中核钛白 2.42
002310 3.0 768895.12 东方园林 2.39
002312 11.9 423458.72 川发龙蟒 4.75
002326 34.2 688185.06 永太科技 2.27
002335 31.84 249765.23 科华数据 4.81
002538 9.31 269516.16 司尔特 2.76
002539 14.2 402048.41 云图控股 4.26
002583 5.2 247393.41 海能达 4.0
002837 33.98 147401.36 英维克 7.23
002922 16.98 170422.31 伊戈尔 2.17
002963 16.56 14773.0 豪尔赛 0.55
300068 11.6 356451.31 南都电源 3.66
300141 11.57 44508.73 和顺电气 0.78
300203 26.2 71677.75 聚光科技 3.31
300228 8.22 192304.48 富瑞特装 0.24
300340 17.97 106447.8 科恒股份 4.17
300355 5.54 2190581.0 蒙草生态 7.16
300376 9.06 408868.28 易事特 2.03
300390 84.88 293412.69 天华超净 7.72
300402 23.89 47685.0 宝色股份 1.4
300425 5.6 338592.97 中建环能 1.82
300487 96.72 30667.05 蓝晓科技 3.89
300490 17.96 161253.59 华自科技 2.57
300499 12.99 234506.16 高澜股份 3.01
300510 5.75 169526.0 金冠股份 0.7
300517 13.97 80737.4 海波重科 1.82
300540 26.61 24212.19 蜀道装备 0.99
300693 33.25 205611.69 盛弘股份 5.92
300729 24.44 21648.0 乐歌股份 1.45
300741 32.03 35217.73 华宝股份 1.52
300820 74.14 18283.89 英杰电气 4.5
300827 77.79 80019.76 上能电气 6.3
300927 30.28 8999.36 江天化学 0.63
300930 31.95 14154.36 屹通新材 1.27
300937 36.97 38775.1 药易购 4.64
300985 35.99 43957.47 致远新能 1.7
300990 105.0 12729.0 同飞股份 1.76
301002 44.62 10011.09 崧盛股份 1.25
301017 21.63 76032.6 漱玉平民 3.44
301035 69.35 10610.87 润丰股份 1.45
301068 36.38 47254.57 大地海洋 2.02
301072 31.56 38466.75 中捷精工 1.64
301079 31.88 21820.0 邵阳液压 0.28
301106 42.16 63050.37 骏成科技 1.93
301113 41.35 39063.98 雅艺科技 4.84
301158 28.5 163827.33 德石股份 0.18
301193 29.45 16825.87 家联科技 0.96
301217 21.12 767438.0 铜冠铜箔 7.15
600039 11.38 396137.19 四川路桥 1.7
600111 48.09 1612861.75 北方稀土 4.2
600141 37.03 755317.38 兴发集团 6.07
600259 47.27 79760.29 广晟有色 1.22
600273 10.84 182671.03 嘉化能源 0.09
600455 23.08 17107.0 博通股份 0.96
600549 21.61 208490.23 厦门钨业 1.55
600596 25.53 435908.03 新安股份 2.28
600647 15.36 50868.01 同达创业 2.13
600980 17.4 46310.04 北矿科技 0.93
