000059 8.02 539940.5 华锦股份
000407 4.2 610827.06 胜利股份
000420 5.36 770083.62 吉林化纤
000504 13.86 42900.0 南华生物
000519 23.99 957372.75 中兵红箭
000570 5.15 224609.48 苏常柴A
000586 8.65 61120.96 汇源通信
000593 8.55 426597.38 德龙汇能
000639 4.22 279240.28 西王食品
000688 18.52 115968.71 国城矿业
000802 4.43 424520.41 北京文化
000829 10.8 418872.56 天音控股
000880 11.22 149004.36 潍柴重机
000892 4.24 1000180.75 欢瑞世纪
000899 9.57 741382.88 赣能股份
000913 22.73 62927.59 钱江摩托
000960 14.0 499733.84 锡业股份
000963 43.89 200637.41 华东医药
000985 18.48 32438.0 大庆华科
002003 10.1 138488.69 伟星股份
002044 5.88 1499959.38 美年健康
002103 5.6 473487.41 广博股份
002119 14.68 629301.19 康强电子
002123 12.6 411114.81 梦网科技
002131 1.87 970407.69 利欧股份
002153 15.69 127103.45 石基信息
002197 11.11 703501.12 证通电子
002221 8.89 158533.41 东华能源
002229 7.4 228103.77 鸿博股份
002235 5.18 661543.69 安妮股份
002269 1.84 600019.75 美邦服饰
002306 4.58 167782.0 中科云网
002322 10.13 199903.12 理工能科
002347 5.2 669445.06 泰尔股份
002348 2.43 361118.72 高乐股份
002361 4.55 582650.25 神剑股份
002389 25.44 701569.69 航天彩虹
002395 13.0 206095.12 双象股份
002420 6.71 170496.0 毅昌科技
002445 2.44 545034.62 中南文化
002453 12.0 126270.2 华软科技
002471 2.92 667579.5 中超控股
002494 4.51 68536.26 华斯股份
002510 4.48 317387.03 天汽模
002519 5.19 389349.19 银河电子
002526 2.46 665652.25 山东矿机
002555 16.85 498262.72 三七互娱
002621 4.14 455363.59 美吉姆
002632 7.0 152378.06 道明光学
002634 11.43 291707.75 棒杰股份
002638 2.46 448076.47 勤上股份
002640 4.05 1223370.5 跨境通
002652 3.02 556508.81 扬子新材
002659 4.64 319477.0 凯文教育
002679 11.7 81165.32 福建金森
002705 17.91 134756.59 新宝股份
002730 8.34 55331.0 电光科技
002799 14.31 75489.37 环球印务
002800 20.2 111948.8 天顺股份
002847 102.85 14358.0 盐津铺子
002848 11.08 322551.81 高斯贝尔
002876 44.48 105672.04 三利谱
002878 18.27 145982.31 元隆雅图
002905 8.53 185378.27 金逸影视
002911 12.39 165994.17 佛燃能源
002928 12.51 182208.95 华夏航空
002933 24.72 35651.0 新兴装备
002956 14.27 39608.8 西麦食品
300013 4.93 359689.47 新宁物流
300050 3.89 109369.0 世纪鼎利
300084 4.55 103861.94 海默科技
300087 16.13 226680.16 荃银高科
300130 14.22 493719.31 新国都
300132 7.28 123150.81 青松股份
300143 11.93 229543.36 盈康生命
300148 3.42 324740.0 天舟文化
300208 11.72 177178.7 青岛中程
300220 12.36 48529.0 金运激光
300221 5.4 129366.03 银禧科技
300225 6.25 173402.0 金力泰
300262 3.03 123245.81 巴安水务
300280 18.75 83229.99 紫天科技
300320 12.73 185430.12 海达股份
300417 11.02 14723.8 南华仪器
300452 17.82 202605.14 山河药辅
300464 6.23 93819.0 星徽股份
300483 14.38 89264.17 首华燃气
300496 122.2 60794.67 中科创达
300540 19.54 33905.0 蜀道装备
300556 20.65 94257.48 丝路视觉
300581 20.31 179671.44 晨曦航空
300594 17.6 43373.0 朗进科技
300603 10.72 141213.25 立昂技术
300615 12.39 33785.18 欣天科技
300623 21.61 292630.19 捷捷微电
300651 25.36 31357.61 金陵体育
300662 44.45 43975.67 科锐国际
300677 24.77 346370.0 英科医疗
300680 28.47 51819.08 隆盛科技
300716 13.52 88967.8 国立科技
300722 28.91 39387.1 新余国科
300740 12.85 90077.58 水羊股份
300779 19.3 52710.12 惠城环保
300781 19.24 34504.1 因赛集团
300783 19.7 73288.0 三只松鼠
300785 33.58 80361.76 值得买
300788 20.62 20126.0 中信出版
300845 22.71 82467.4 捷安高科
300846 11.53 176541.09 首都在线
300857 19.38 33983.84 协创数据
300858 29.9 14803.8 科拓生物
300877 17.77 46180.0 金春股份
300985 24.51 36772.63 致远新能
300987 15.98 55357.17 川网传媒
300989 20.45 14682.17 蕾奥规划
300994 21.07 35988.21 久祺股份
301025 11.02 133227.42 读客文化
301053 22.94 13472.31 远信工业
301068 28.81 20729.31 大地海洋
301098 18.8 51280.09 金埔园林
301158 18.7 52473.8 德石股份
301169 35.77 49065.15 零点有数
301171 19.73 94970.69 易点天下
301198 19.53 28376.05 喜悦智行
301231 23.49 43149.74 荣信文化
301266 73.38 21300.44 宇邦新材
600032 12.54 172645.88 浙江新能
600066 7.65 390100.78 宇通客车
600079 21.59 408337.62 人福医药
600118 23.7 269534.44 中国卫星
600121 5.32 455062.28 郑州煤电
600137 15.36 19280.81 浪莎股份
600152 13.43 835659.44 维科技术
600158 10.79 845767.94 中体产业
600165 8.91 338928.88 新日恒力
600187 2.82 346221.16 国中水务
600218 9.65 143355.12 全柴动力
600220 3.03 709287.06 江苏阳光
600234 8.04 27147.0 科新发展
600246 10.11 288218.38 万通发展
600250 5.46 46183.0 南纺股份
600262 17.53 21094.36 北方股份
600288 13.47 50770.13 大恒科技
600316 25.99 145611.48 洪都航空
600333 5.44 159870.66 长春燃气
600370 3.15 475821.75 三房巷
600386 4.18 156953.33 北巴传媒
600387 9.74 124160.81 海越能源
600419 15.43 59923.47 天润乳业
600428 7.61 1062357.5 中远海特
600433 3.9 235976.2 冠豪高新
600469 5.07 100740.4 风神股份
600500 7.48 394032.53 中化国际
600515 4.42 1406805.5 海南机场
600547 20.05 399758.66 山东黄金
600638 5.7 85605.8 新黄浦
600730 6.73 393250.38 中国高科
600744 4.58 428165.09 华银电力
600761 15.1 299422.34 安徽合力
600777 2.54 1677220.62 新潮能源
600818 33.74 44134.77 中路股份
600866 6.71 277723.09 星湖科技
600880 5.19 465142.66 博瑞传播
600892 4.27 134843.0 大晟文化
600903 8.16 146130.67 贵州燃气
600977 11.73 299156.0 中国电影
600990 29.08 58039.74 四创电子
600992 26.4 366857.91 贵绳股份
