000301 14.18 735277.75 东方盛虹
000523 3.62 364764.0 广州浪奇
000533 4.15 180795.84 顺钠股份
000557 5.5 349308.38 西部创业
000597 5.63 178216.56 东北制药
000665 6.76 707191.94 湖北广电
000681 12.83 674823.81 视觉中国
000695 13.38 54435.21 滨海能源
000818 29.74 67402.99 航锦科技
000836 3.03 520189.69 富通信息
000909 9.54 295134.19 数源科技
000950 5.8 427594.09 重药控股
002012 5.95 214927.0 凯恩股份
002080 24.32 210449.0 中材科技
002090 14.61 482939.28 金智科技
002115 5.03 334604.53 三维通信
002116 11.99 493738.62 中国海诚
002117 8.26 198625.8 东港股份
002157 4.3 944981.44 正邦科技
002169 8.62 213357.56 智光电气
002171 7.87 215457.92 楚江新材
002214 14.0 60211.53 大立科技
002238 7.35 392590.44 天威视讯
002269 1.92 1318434.0 美邦服饰
002292 4.86 326334.75 奥飞娱乐
002298 6.94 178702.44 中电兴发
002301 7.42 160634.97 齐心集团
002315 15.5 83753.02 焦点科技
002323 3.94 319885.69 雅博股份
002326 26.94 424777.12 永太科技
002338 24.51 63369.07 奥普光电
002341 4.03 116145.0 新纶新材
002362 15.91 138807.2 汉王科技
002394 7.55 64264.0 联发股份
002455 10.63 121525.27 百川股份
002458 15.76 316348.38 益生股份
002476 5.81 189578.44 宝莫股份
002511 11.97 237633.34 中顺洁柔
002516 5.8 461433.75 旷达科技
002529 17.83 122968.82 海源复材
002564 5.66 852334.06 天沃科技
002580 11.45 455083.75 圣阳股份
002598 14.1 479186.59 山东章鼓
002626 19.02 74765.16 金达威
002633 10.5 118367.93 申科股份
002650 4.34 247865.5 加加食品
002657 17.11 403971.91 中科金财
002691 5.74 40948.88 冀凯股份
002695 12.28 421005.69 煌上煌
002705 17.69 107427.76 新宝股份
002712 4.64 191225.72 思美传媒
002723 13.4 135914.8 小崧股份
002779 27.36 34398.78 中坚科技
002780 12.85 102957.12 三夫户外
002799 15.09 194615.78 环球印务
002803 14.8 238112.62 吉宏股份
002808 8.37 207833.94 恒久科技
002837 34.16 148700.31 英维克
002840 17.23 231996.72 华统股份
002858 13.18 114502.0 力盛体育
002870 26.72 14257.7 香山股份
002910 11.92 175356.0 庄园牧场
002946 12.52 150373.09 新乳业
002951 9.45 49008.0 金时科技
002987 31.24 153324.66 京北方
300042 12.81 56055.16 朗科科技
300044 3.55 253000.05 赛为智能
300062 6.44 104239.4 中能电气
300065 16.0 376529.75 海兰信
300074 3.82 135955.02 华平股份
300076 5.92 135531.31 GQY视讯
300096 6.59 174537.48 易联众
300118 27.2 317529.81 东方日升
300119 20.69 51672.5 瑞普生物
300140 7.84 212388.0 中环装备
300141 8.67 41656.29 和顺电气
300153 7.55 72545.05 科泰电源
300166 8.92 626558.94 东方国信
300167 5.41 69686.04 迪威迅
300174 26.28 189514.41 元力股份
300209 6.08 125716.9 有棵树
300222 7.29 188312.0 科大智能
300229 13.27 431840.53 拓尔思
300231 7.9 130363.61 银信科技
300250 12.0 76609.0 初灵信息
300269 4.71 110899.95 联建光电
300274 120.09 294504.34 阳光电源
300277 7.38 65609.0 海联讯
300286 30.0 35609.86 安科瑞
300300 4.24 159423.44 海峡创新
300306 10.51 56159.0 远方信息
300329 7.04 68771.0 海伦钢琴
300333 6.35 95313.8 兆日科技
300339 20.3 519900.62 润和软件
300344 4.6 84384.96 立方数科
300353 9.82 182794.94 东土科技
300368 6.57 90001.0 汇金股份
300376 7.78 362690.56 易事特
300378 16.54 92797.16 鼎捷软件
300380 16.58 57834.0 安硕信息
300383 9.1 252384.45 光环新网
300386 10.58 60890.4 飞天诚信
300389 10.14 71024.15 艾比森
300393 16.4 293546.72 中来股份
300410 13.58 214249.77 正业科技
300419 5.66 84635.87 浩丰科技
300449 5.35 57970.2 汉邦高科
300462 9.56 20377.0 华铭智能
300464 6.17 73278.0 星徽股份
300467 11.64 59707.5 迅游科技
300468 12.07 370240.44 四方精创
300504 17.46 38454.0 天邑股份
300506 6.65 97387.89 名家汇
300531 13.67 83652.69 优博讯
300536 14.92 35427.0 农尚环境
300537 14.73 102039.33 广信材料
300541 12.99 152392.45 先进数通
300554 29.5 66768.78 三超新材
300557 31.47 6792.0 理工光科
300561 10.0 52074.3 汇金科技
300571 32.98 15933.19 平治信息
300579 26.64 101992.8 数字认证
300582 13.98 68954.5 英飞特
300588 10.36 62921.87 熙菱信息
300591 5.05 190174.0 万里马
300592 15.5 39400.0 华凯易佰
300602 15.58 50172.35 飞荣达
300605 13.49 57398.07 恒锋信息
300607 15.8 73728.39 拓斯达
300608 8.92 68488.0 思特奇
300609 16.86 43576.1 汇纳科技
300623 21.63 95136.24 捷捷微电
300626 8.88 34565.0 华瑞股份
300629 28.65 79651.46 新劲刚
300640 6.32 63348.0 德艺文创
300648 42.0 64674.61 星云股份
300658 9.89 39132.88 延江股份
300668 17.54 14524.0 杰恩设计
300698 25.56 30161.3 万马科技
300703 10.68 56591.0 创源股份
300713 13.98 17255.76 英可瑞
300717 15.72 12196.0 华信新材
300720 14.95 35372.03 海川智能
300731 19.42 55678.0 科创新源
300743 12.63 27683.59 天地数码
300751 451.49 16372.9 迈为股份
300756 16.61 83068.91 金马游乐
300766 12.18 378564.25 每日互动
300770 35.78 30902.18 新媒股份
300791 31.61 16829.91 仙乐健康
300807 23.16 15161.92 天迈科技
300820 85.8 33667.52 英杰电气
300826 13.0 25200.88 测绘股份
300827 58.43 83884.11 上能电气
300830 8.31 55996.43 金现代
300840 9.91 66149.85 酷特智能
300842 59.8 32066.35 帝科股份
300846 11.01 112617.19 首都在线
300856 55.15 22393.89 科思股份
300866 60.43 24289.36 安克创新
300871 22.17 29703.49 回盛生物
300872 15.69 217143.94 天阳科技
300876 31.35 22348.08 蒙泰高新
300879 19.06 28660.66 大叶股份
300880 16.09 38466.68 迦南智能
300882 17.21 37084.76 万胜智能
300898 22.2 192881.38 熊猫乳品
300909 34.26 22351.08 汇创达
300920 17.76 20451.33 润阳科技
300921 20.24 53764.65 南凌科技
300940 18.81 32967.36 南极光
300941 22.28 69827.0 创识科技
300952 19.82 43102.48 恒辉安防
300955 29.26 14116.8 嘉亨家化
300987 15.8 56200.24 川网传媒
300989 22.5 30351.89 蕾奥规划
300994 20.53 25866.98 久祺股份
301001 22.3 20523.0 凯淳股份
301009 11.98 46247.63 可靠股份
301017 20.13 96772.02 漱玉平民
301021 30.03 56934.96 英诺激光
301026 35.33 39204.71 浩通科技
301031 173.35 4230.2 中熔电气
301036 18.7 6992.97 双乐股份
301059 21.29 10392.6 金三江
301066 11.41 25598.47 万事利
301081 12.77 11441.18 严牌股份
301085 30.61 10481.0 亚康股份
301120 20.67 52179.21 新特电气
301122 63.48 7914.84 采纳股份
301126 18.83 136948.91 达嘉维康
301168 78.16 22159.29 通灵股份
301171 18.23 53445.15 易点天下
301178 27.5 26447.47 天亿马
301182 20.84 6652.28 凯旺科技
301185 16.87 57060.01 鸥玛软件
301191 84.18 12243.0 菲菱科思
301199 22.97 20995.07 迈赫股份
301205 43.93 10523.99 联特科技
301208 59.23 15918.73 中亦科技
301263 31.64 38389.74 泰恩康
301288 19.87 24994.57 清研环境
301289 46.33 5095.8 国缆检测
301319 62.63 20628.97 唯特偶
301326 42.43 10817.0 捷邦科技
301327 222.48 9663.39 华宝新能
301328 75.42 14147.83 维峰电子
301330 37.98 42739.01 熵基科技
301339 18.4 91921.74 通行宝
301380 39.16 30041.83 挖金客
301388 28.27 39120.3 欣灵电气
600137 16.05 36147.81 浪莎股份
600207 6.64 119909.49 安彩高科
600220 2.98 303205.44 江苏阳光
600230 17.68 158223.47 沧州大化
600250 6.05 80631.0 南纺股份
600272 10.72 122214.76 开开实业
600400 5.32 296394.59 红豆股份
600477 4.33 1686620.88 杭萧钢构
600571 10.94 649373.25 信雅达
600580 13.84 468163.75 卧龙电驱
600715 2.38 406521.0 文投控股
600738 6.76 130301.0 丽尚国潮
600826 9.61 145784.06 兰生股份
600882 31.09 230268.92 妙可蓝多
600975 7.58 330986.53 新五丰
600990 33.27 57117.38 四创电子
