002250 16.73 59836.83 联化科技 1.33
002326 30.97 371949.69 永太科技 0.49
002329 6.13 357976.59 皇氏集团 5.33
002434 9.4 497833.84 万里扬 1.95
002559 7.55 209619.0 亚威股份 0.67
002615 6.69 212765.05 哈尔斯 2.92
002786 6.64 231232.08 银宝山新 0.3
002851 31.32 67400.84 麦格米特 3.44
002906 48.9 124868.02 华阳集团 4.71
002984 33.36 104686.75 森麒麟 5.37
002992 24.51 321102.12 宝明科技 2.55
300100 9.2 88879.0 双林股份 0.88
300115 10.05 452933.0 长盈精密 2.24
300118 33.39 949066.81 东方日升 5.87
300217 6.73 766726.81 东方电热 3.86
300260 60.98 66907.57 新莱应材 3.76
300339 17.03 280323.62 润和软件 0.59
300343 16.73 935933.44 联创股份 4.37
300360 13.93 145972.86 炬华科技 1.38
300394 24.33 70575.43 天孚通信 2.06
300499 13.4 435528.44 高澜股份 4.12
300505 30.17 221511.38 川金诺 0.03
300514 12.11 159138.75 友讯达 2.8
300520 16.08 85695.48 科大国创 2.42
300543 11.33 144328.56 朗科智能 1.71
300580 20.51 37259.0 贝斯特 1.23
300602 14.68 89454.24 飞荣达 0.82
300710 29.94 52729.7 万隆光电 7.0
300745 49.43 93097.14 欣锐科技 5.62
300801 27.01 110223.1 泰和科技 4.93
300806 27.58 18918.8 斯迪克 1.96
300828 18.2 97399.96 锐新科技 4.3
300854 20.45 58479.39 中兰环保 6.62
300893 19.67 25155.69 松原股份 0.1
300912 16.73 30158.2 凯龙高科 0.78
300960 20.23 38053.62 通业科技 3.48
300963 16.9 82573.88 中洲特材 4.38
300965 47.63 5881.85 恒宇信通 0.74
301007 14.28 36807.67 德迈仕 1.13
301012 43.2 47193.65 扬电科技 1.36
301022 32.53 10433.51 海泰科 2.3
301040 33.6 59674.52 中环海陆 2.88
301042 32.87 6133.46 安联锐视 1.83
301070 28.55 25838.91 开勒股份 5.78
301072 29.9 24401.51 中捷精工 1.15
301081 15.1 18505.8 严牌股份 1.14
301106 32.22 11014.25 骏成科技 3.47
301107 39.63 52680.84 瑜欣电子 6.65
301119 30.58 23408.82 正强股份 3.31
301127 11.45 104519.01 天源环保 2.88
301131 40.69 12773.52 聚赛龙 1.7
301137 17.33 37347.18 哈焊华通 0.46
301138 31.28 19798.9 华研精机 0.9
301181 31.2 40356.9 标榜股份 7.0
301186 34.23 22745.8 超达装备 1.88
301187 24.67 115858.69 欧圣电气 3.22
301215 6.72 364853.53 中汽股份 2.44
301226 37.82 57480.98 祥明智能 1.12
301248 30.47 25198.45 杰创智能 0.96
301258 41.45 20573.69 富士莱 0.27
600366 12.98 544147.0 宁波韵升 4.26
600399 19.8 386157.12 抚顺特钢 4.1
600933 18.02 176311.73 爱柯迪 4.04
