000039 15.39 214970.88 中集集团
000059 7.52 545452.56 华锦股份
000060 5.25 1239344.25 中金岭南
000096 9.9 87593.76 广聚能源
000159 7.63 640408.06 国际实业
000408 37.74 262981.22 藏格矿业
000488 7.23 559612.06 晨鸣纸业
000507 6.54 308732.75 珠海港
000554 6.59 692350.25 泰山石油
000603 14.7 158067.91 盛达资源
000608 3.47 131766.47 阳光股份
000609 5.01 60520.53 中迪投资
000615 8.61 269888.03 奥园美谷
000715 5.28 58852.03 中兴商业
000731 10.16 686492.5 四川美丰
000737 8.64 143547.05 北方铜业
000751 4.22 998618.25 锌业股份
000778 5.2 1264691.5 新兴铸管
000792 34.49 1550677.5 盐湖股份
000878 13.41 398522.59 云南铜业
000908 4.27 386121.0 景峰医药
000912 6.05 343479.59 泸天化
000925 10.12 283803.69 众合科技
000930 10.9 476701.72 中粮科技
000932 6.09 2322476.25 华菱钢铁
000933 14.44 1967852.0 神火股份
000955 5.07 93610.8 欣龙控股
000985 15.47 68135.88 大庆华科
002002 5.6 1160983.38 鸿达兴业
002060 5.63 829232.19 粤水电
002062 5.39 552360.0 宏润建设
002078 12.58 514925.56 太阳纸业
002109 5.96 218426.44 兴化股份
002221 11.95 282757.16 东华能源
002244 6.65 397715.12 滨江集团
002267 7.23 263061.84 陕天然气
002278 6.91 363129.53 神开股份
002314 3.84 497301.38 南山控股
002317 12.55 667829.94 众生药业
002353 47.72 203846.0 杰瑞股份
002435 5.07 373243.44 长江健康
002478 4.75 211717.73 常宝股份
002571 7.53 129139.77 德力股份
002750 14.99 743649.94 龙津药业
002767 15.3 150574.78 先锋电子
002795 11.62 63081.16 永和智控
002868 11.68 21673.23 绿康生化
002898 11.88 63524.7 赛隆药业
300030 9.3 121557.51 阳普医疗
300066 4.85 224461.0 三川智慧
300075 20.94 590425.69 数字政通
300084 7.93 954108.75 海默科技
300221 6.98 265234.88 银禧科技
300240 8.38 115833.27 飞力达
300243 13.59 76242.02 瑞丰高材
300268 18.77 42807.0 佳沃食品
300350 7.61 362416.69 华鹏飞
300406 18.86 160303.61 九强生物
300436 41.3 124436.23 广生堂
300528 6.66 163230.2 幸福蓝海
300534 15.85 1101824.75 陇神戎发
300540 29.15 53849.12 蜀道装备
300859 23.86 40178.0 西域旅游
300869 40.35 180577.88 康泰医学
300917 26.94 23773.82 特发服务
300946 71.08 10890.42 恒而达
300966 42.23 53530.37 共同药业
300985 41.9 77654.32 致远新能
300998 36.46 78966.59 宁波方正
301008 40.33 8174.86 宏昌科技
301019 40.89 25164.43 宁波色母
301060 30.72 128035.3 兰卫医学
301096 82.9 17019.42 百诚医药
301117 75.22 71221.84 佳缘科技
301166 79.94 31615.52 优宁维
600017 3.18 1026738.12 日照港
600039 12.49 701299.81 四川路桥
600125 6.32 1404380.12 铁龙物流
600130 4.07 292480.44 波导股份
600157 1.86 4819795.0 永泰能源
600170 3.37 1013674.81 上海建工
600216 16.46 447689.38 浙江医药
600230 19.12 155313.77 沧州大化
600248 6.16 571178.38 陕西建工
600278 8.09 218160.8 东方创业
600282 3.97 854871.81 南钢股份
600307 2.35 1238849.5 酒钢宏兴
600308 6.13 232431.86 华泰股份
600331 3.49 754709.56 宏达股份
600333 5.77 288298.56 长春燃气
600339 3.59 1637663.38 中油工程
600348 12.81 509977.44 华阳股份
600362 23.11 468882.28 江西铜业
600409 9.63 1258248.25 三友化工
600426 36.3 417485.12 华鲁恒升
600428 5.11 595393.62 中远海特
600490 4.85 640823.75 鹏欣资源
600491 6.0 356260.19 龙元建设
600546 12.18 688189.38 山煤国际
600594 6.93 249551.2 益佰制药
600603 4.24 255588.08 广汇物流
600612 49.26 56445.54 老凤祥
600635 3.91 308120.5 大众公用
600664 3.32 407876.38 哈药股份
600688 4.18 847314.81 上海石化
600704 5.85 730203.56 物产中大
600727 10.57 185060.73 鲁北化工
600751 3.15 697260.31 海航科技
600782 6.32 1149571.0 新钢股份
600801 21.26 229791.16 华新水泥
600808 4.45 2435085.75 马钢股份
600820 5.74 515750.78 隧道股份
600822 8.97 49669.59 上海物贸
600857 12.75 99577.58 宁波中百
600863 3.96 1403021.12 内蒙华电
600864 6.03 605515.56 哈投股份
600871 2.37 2034162.5 石化油服
600874 7.24 175470.09 创业环保
600903 9.98 243370.69 贵州燃气
600941 62.05 136458.59 中国移动
600956 15.44 169013.69 新天绿能
600968 3.17 1456660.25 海油发展
600971 7.38 332504.81 恒源煤电
600989 18.17 985251.69 宝丰能源
600997 7.99 421249.59 开滦股份
