000009 10.28 1277436.88 中国宝安 7.64
000050 9.07 122404.08 深天马A 1.23
000400 16.87 385560.88 许继电气 2.18
000537 11.36 505772.53 广宇发展 5.18
000582 7.9 651597.75 北部湾港 0.77
000591 7.12 985529.38 太阳能 2.89
000605 5.81 165615.02 渤海股份 2.29
000636 16.67 217372.95 风华高科 1.52
000695 8.16 27089.0 滨海能源 1.37
000723 10.49 1217137.38 美锦能源 0.86
000776 15.67 1174157.88 广发证券 1.16
000859 5.64 136738.97 国风新材 0.18
000862 6.71 365302.25 银星能源 2.44
000899 5.27 241981.59 赣能股份 0.57
000962 8.93 62652.05 东方钽业 1.59
000966 5.11 282297.53 长源电力 2.61
000978 5.54 257785.41 桂林旅游 3.55
002009 15.17 82678.27 天奇股份 0.66
002019 13.2 182110.14 亿帆医药 4.02
002026 9.72 181470.0 山东威达 2.1
002033 6.11 124361.62 丽江股份 0.33
002036 12.23 554307.06 联创电子 5.16
002068 8.71 132804.06 黑猫股份 1.16
002074 30.3 477152.41 国轩高科 4.48
002079 9.24 178346.95 苏州固锝 1.65
002108 4.84 463324.0 沧州明珠 3.2
002149 10.98 138438.22 西部材料 3.29
002153 19.99 80212.89 石基信息 6.9
002156 13.63 270861.19 通富微电 2.4
002182 17.8 251133.95 云海金属 1.71
002184 9.4 52254.47 海得控制 0.21
002202 11.61 596946.06 金风科技 0.52
002240 45.7 414040.03 盛新锂能 1.35
002256 2.57 595832.19 兆新股份 1.98
002273 9.83 321174.81 水晶光电 0.51
002283 5.7 137052.16 天润工业 2.7
002284 6.37 101183.69 亚太股份 1.59
002300 6.72 121548.22 太阳电缆 1.82
002305 2.91 3340915.75 南国置业 0.34
002314 4.55 1607971.0 南山控股 2.48
002335 21.16 125374.6 科华数据 2.22
002402 14.67 266236.03 和而泰 5.16
002436 8.99 324695.47 兴森科技 1.81
002438 12.24 79277.0 江苏神通 0.82
002455 9.06 163746.97 百川股份 1.91
002497 26.8 552004.38 雅化集团 1.82
002506 2.96 1088797.5 协鑫集成 2.78
002518 15.26 109478.19 科士达 2.35
002529 12.79 92125.0 海源复材 3.81
002537 8.0 1142140.12 海联金汇 1.52
002549 14.91 84010.76 凯美特气 0.81
002585 14.1 371305.97 双星新材 3.68
002598 7.61 60121.6 山东章鼓 1.47
002617 8.38 518766.44 露笑科技 1.82
002623 20.26 19234.44 亚玛顿 1.66
002636 7.9 96184.22 金安国纪 0.77
002655 9.8 230559.09 共达电声 6.29
002657 13.65 429986.12 中科金财 0.44
002733 11.83 60135.74 雄韬股份 1.98
002747 15.47 124314.47 埃斯顿 0.91
002765 6.25 124622.0 蓝黛科技 3.99
002805 27.6 72041.0 丰元股份 4.23
002833 20.51 28652.45 弘亚数控 3.33
002885 15.17 150373.75 京泉华 3.76
002892 14.6 21840.5 科力尔 0.83
002913 62.81 13764.88 奥士康 1.37
002915 22.58 138647.47 中欣氟材 1.21
002949 14.11 91278.96 华阳国际 4.21
002957 12.72 21043.43 科瑞技术 1.11
002965 21.38 10317.93 祥鑫科技 0.23
002971 19.08 16037.0 和远气体 0.42
002982 36.83 26454.17 湘佳股份 2.79
002989 17.75 39398.21 中天精装 1.49
002997 12.85 43910.96 瑞鹄模具 0.63
300001 13.94 188357.78 特锐德 1.6
300007 15.23 111910.0 汉威科技 0.93
300017 5.05 424113.84 网宿科技 0.4
300040 6.38 115026.77 九洲集团 0.31
300054 18.02 131252.7 鼎龙股份 1.46
300062 10.37 229462.84 中能电气 1.17
300077 15.6 307519.19 国民技术 0.39
300081 8.83 323674.5 恒信东方 0.46
300088 6.45 1586572.62 长信科技 6.26
300100 9.37 293431.0 双林股份 5.04
300101 16.61 192680.52 振芯科技 0.36
300125 17.0 75860.15 聆达股份 3.15
300129 6.48 309605.47 泰胜风能 3.51
300131 4.46 211921.44 英唐智控 0.68
300160 7.34 213507.95 秀强股份 3.38
300183 11.91 50435.64 东软载波 0.34
300217 4.0 465005.84 东方电热 0.5
300223 77.41 110182.67 北京君正 3.43
300236 29.1 56341.38 上海新阳 4.38
300239 7.76 768898.5 东宝生物 5.01
300241 4.98 125479.96 瑞丰光电 1.22
300250 12.18 139892.03 初灵信息 0.25
300264 5.59 359679.59 佳创视讯 4.1
300274 71.9 585354.56 阳光电源 6.74
300286 19.99 25332.0 安科瑞 5.49
300304 4.43 102956.11 云意电气 1.37
300305 11.16 28620.0 裕兴股份 0.72
300317 5.09 141279.73 珈伟新能 0.79
300319 7.64 157034.62 麦捷科技 1.46
300351 9.38 60351.85 永贵电器 1.62
300360 8.3 155370.91 炬华科技 0.61
300363 76.7 117911.74 博腾股份 4.9
300376 6.76 449422.72 易事特 2.74
300389 8.83 48212.78 艾比森 0.68
300398 23.43 169901.8 飞凯材料 1.78
300415 11.96 68466.8 伊之密 2.57
300421 8.44 70435.0 力星股份 1.08
300432 21.55 470677.62 富临精工 2.47
300440 6.12 65538.65 运达科技 0.82
300451 6.42 424307.38 创业慧康 0.79
300456 13.99 163116.44 赛微电子 2.27
300460 11.0 107086.43 惠伦晶体 1.48
300471 13.93 135338.94 厚普股份 1.75
300490 11.05 133282.86 华自科技 1.94
300492 39.1 8830.15 华图山鼎 6.95
300499 8.96 141693.2 高澜股份 2.75
300502 25.86 181539.31 新易盛 4.27
300503 8.52 71810.0 昊志机电 0.59
300528 5.89 169944.59 幸福蓝海 1.73
300548 24.37 32587.87 博创科技 1.42
300571 39.15 21139.72 平治信息 0.31
300582 12.54 120591.34 英飞特 1.37
300587 14.97 144844.3 天铁股份 3.6
300595 37.6 176480.41 欧普康视 0.86
300618 53.02 64046.09 寒锐钴业 2.55
300623 19.59 192404.23 捷捷微电 2.35
300631 26.28 37637.01 久吾高科 1.86
300655 25.62 103194.72 晶瑞电材 2.56
300668 17.05 12635.4 杰恩设计 1.55
300671 62.26 123184.33 富满微 6.1
300672 64.44 66328.37 国科微 3.6
300681 69.71 19690.0 英搏尔 1.04
300689 15.76 9325.4 澄天伟业 0.51
300690 14.67 33490.73 双一科技 1.45
300706 19.22 34612.51 阿石创 1.96
300707 12.27 45770.36 威唐工业 0.41
300708 11.08 308168.19 聚灿光电 4.92
300712 36.38 57667.9 永福股份 2.91
300713 12.53 24264.55 英可瑞 1.71
300724 64.1 101360.42 捷佳伟创 2.66
300726 54.95 38829.97 宏达电子 0.88
300733 20.26 19603.63 西菱动力 0.15
300745 30.59 64168.95 欣锐科技 7.14
300747 30.39 31582.86 锐科激光 1.06
300767 54.2 23965.31 震安科技 0.37
300815 20.83 14916.58 玉禾田 0.97
300817 15.83 9333.27 双飞股份 1.8
300820 82.4 18461.12 英杰电气 3.13
300825 18.6 46526.9 阿尔特 0.81
300831 11.98 194349.05 派瑞股份 6.02
300842 37.75 25580.49 帝科股份 2.25
300852 30.69 12914.0 四会富仕 1.42
300859 19.0 22090.0 西域旅游 1.28
300902 36.4 24725.1 国安达 0.83
300920 21.35 14103.0 润阳科技 5.12
300926 20.46 70865.73 博俊科技 2.04
300947 36.36 59810.54 德必集团 3.33
300961 13.18 38095.73 深水海纳 0.61
300982 43.02 36897.4 苏文电能 4.32
300991 22.29 16054.19 创益通 1.64
300998 27.86 56184.74 宁波方正 2.43
301003 31.66 82677.74 江苏博云 2.13
301004 22.86 76841.24 嘉益股份 7.02
301021 24.66 15999.01 英诺激光 2.54
301023 59.41 3158.0 江南奕帆 0.88
301026 36.03 6967.9 浩通科技 0.92
301041 18.39 14388.52 金百泽 0.49
301057 21.46 39912.49 汇隆新材 0.66
301082 17.69 21795.01 久盛电气 1.09
301106 30.74 15962.8 骏成科技 1.08
301118 41.41 26572.67 恒光股份 0.07
301150 108.5 23642.06 中一科技 0.46
301155 59.36 62659.03 海力风电 3.76
301186 29.9 15138.58 超达装备 0.84
301215 6.26 354510.09 中汽股份 1.29
301221 47.68 25891.48 光庭信息 6.55
301222 30.96 44813.36 浙江恒威 1.11
301268 22.06 100192.46 铭利达 1.8
600011 7.32 1177254.0 华能国际 0.27
600027 3.91 959800.38 华电国际 2.9
600032 12.46 218401.22 浙江新能 1.38
600054 9.63 112871.85 黄山旅游 2.12
600059 9.8 367252.38 古越龙山 1.66
600095 6.74 282772.66 湘财股份 2.74
600110 9.55 951666.69 诺德股份 5.88
600171 16.59 311983.84 上海贝岭 2.15
600197 24.13 142239.2 伊力特 0.58
600206 14.69 343535.31 有研新材 4.04
600223 8.74 181738.38 鲁商发展 2.7
600323 19.17 54138.74 瀚蓝环境 1.38
600330 8.91 217283.38 天通股份 1.6
600358 5.94 343052.03 国旅联合 4.76
600360 6.81 555598.81 华微电子 7.58
600363 19.0 86305.36 联创光电 2.65
600460 43.77 469834.72 士兰微 2.39
600499 14.98 460161.78 科达制造 2.46
600517 4.82 177490.3 国网英大 1.47
600529 22.4 136527.08 山东药玻 0.99
600537 3.61 98669.82 亿晶光电 1.69
600580 11.91 245375.77 卧龙电驱 3.84
600584 23.72 446436.62 长电科技 0.94
600586 6.01 253577.33 金晶科技 2.73
600602 6.93 430572.91 云赛智联 0.58
600603 4.41 1018120.94 广汇物流 5.75
600622 4.66 2735898.75 光大嘉宝 6.64
600639 15.26 231080.09 浦东金桥 1.94
600693 4.68 799569.19 东百集团 3.77
600703 19.32 893242.0 三安光电 3.65
600718 9.33 289407.69 东软集团 2.19
600749 10.55 102850.12 西藏旅游 1.44
600821 5.96 626273.0 金开新能 3.29
600827 11.8 285788.06 百联股份 3.87
600847 13.95 33243.42 万里股份 5.36
600860 17.87 429204.53 京城股份 3.59
600905 5.95 3050199.0 三峡能源 1.19
600956 11.52 64170.74 新天绿能 1.59
