000058 6.86 766885.75 深赛格 6.19
000759 5.82 1304402.75 中百集团 4.3
002380 16.47 203755.0 科远智慧 3.85
002514 13.38 671329.12 宝馨科技 1.83
002648 15.15 323220.31 卫星化学 4.12
002666 5.53 167719.61 德联集团 2.6
002669 13.18 156788.2 康达新材 2.17
002896 25.59 105415.11 中大力德 3.77
300033 106.42 106123.48 同花顺 5.83
300057 11.16 566548.5 万顺新材 3.52
300073 62.8 198630.12 当升科技 2.48
300093 45.63 40923.63 金刚光伏 1.26
300192 6.94 159749.0 科德教育 0.87
300533 27.13 35191.91 冰川网络 2.03
300565 30.09 383826.88 科信技术 5.39
300566 30.49 139811.8 激智科技 7.66
300679 35.89 54058.43 电连技术 1.36
300681 43.76 46206.21 英搏尔 4.99
300694 11.08 58031.89 蠡湖股份 1.65
300721 51.12 16659.5 怡达股份 3.48
300723 36.0 41579.74 一品红 0.73
300755 31.7 168342.28 华致酒行 6.02
300985 24.3 17750.63 致远新能 1.25
301005 26.7 43595.47 超捷股份 5.91
301078 13.11 371864.12 孩子王 7.99
301229 32.4 37067.12 纽泰格 5.57
600079 23.09 323932.69 人福医药 2.85
600633 8.82 843790.88 浙数文化 5.25
600640 10.36 124092.68 国脉文化 1.67
600661 10.21 198025.44 昂立教育 4.08
600916 13.05 382107.16 中国黄金 2.84
