000002 19.38 1917457.5 万科A
000006 4.36 492355.28 深振业A
000031 3.93 428212.31 大悦城
000034 13.76 78134.4 神州数码
000069 6.05 1535571.25 华侨城A
000099 6.82 95375.83 中信海直
000519 20.85 376598.81 中兵红箭
000534 9.95 54284.02 万泽股份
000573 3.34 346475.59 粤宏远A
000586 6.9 21266.0 汇源通信
000638 4.8 88955.46 万方发展
000668 12.35 21712.0 荣丰控股
000671 2.58 4575184.5 阳光城
000782 4.4 63248.45 美达股份
000837 6.82 88326.12 秦川机床
000919 6.53 67976.0 金陵药业
000926 4.2 224152.56 福星股份
000963 34.1 257994.84 华东医药
000985 14.7 36056.5 大庆华科
002016 5.85 81070.07 世荣兆业
002038 10.13 424389.81 双鹭药业
002049 183.0 86135.67 紫光国微
002074 26.8 314199.31 国轩高科
002137 4.44 40074.01 实益达
002146 3.74 647876.5 荣盛发展
002166 8.27 307571.62 莱茵生物
002253 10.31 33491.63 川大智胜
002262 12.39 128525.84 恩华药业
002298 5.78 130730.04 中电兴发
002302 7.9 417715.25 西部建设
002305 3.12 4545534.0 南国置业
002413 4.56 198098.52 雷科防务
002424 6.65 599495.19 贵州百灵
002529 11.56 70156.02 海源复材
002550 6.2 1572698.38 千红制药
002556 10.18 98399.47 辉隆股份
002559 5.85 52756.83 亚威股份
002585 13.38 377728.75 双星新材
002597 38.05 78225.55 金禾实业
002640 3.03 525486.06 跨境通
002644 7.87 92457.83 佛慈制药
002677 14.1 50879.94 浙江美大
002726 10.02 166208.89 龙大美食
002729 44.27 17559.2 好利科技
002765 5.84 75760.9 蓝黛科技
002823 8.39 20027.17 凯中精密
002833 19.68 26922.15 弘亚数控
002847 69.99 23483.06 盐津铺子
002858 10.61 26232.0 力盛体育
002897 25.25 34423.04 意华股份
002968 33.4 14740.0 新大正
002977 46.97 6977.32 天箭科技
002983 18.88 31090.92 芯瑞达
002993 31.7 56218.59 奥海科技
300019 15.35 65374.04 硅宝科技
300270 4.67 47914.0 中威电子
300450 44.27 195861.62 先导智能
300474 82.91 47728.73 景嘉微
300481 20.91 50532.92 濮阳惠成
300514 9.02 32835.0 友讯达
300596 45.88 24531.27 利安隆
300653 54.8 13437.62 正海生物
300662 47.07 26495.74 科锐国际
300726 50.93 41649.33 宏达电子
300769 441.9 19332.65 德方纳米
300775 38.65 93824.66 三角防务
300847 11.45 26221.5 中船汉光
300878 43.46 22991.48 维康药业
300911 63.9 23200.35 亿田智能
300919 83.82 27951.86 中伟股份
300947 35.17 68822.45 德必集团
301122 56.5 13475.9 采纳股份
301187 25.97 210248.0 欧圣电气
301200 50.89 20894.1 大族数控
301259 31.91 191995.8 艾布鲁
600031 16.5 1483535.62 三一重工
600150 15.66 419528.25 中国船舶
600153 14.46 579349.19 建发股份
600159 2.96 448107.41 大龙地产
600160 11.35 436835.72 巨化股份
600246 8.2 236876.72 万通发展
600258 23.53 159112.55 首旅酒店
600273 10.43 204189.0 嘉化能源
600280 2.49 319807.59 中央商场
600319 5.41 113619.14 亚星化学
600340 3.0 1092019.38 华夏幸福
600360 6.21 219039.2 华微电子
600380 11.13 190276.98 健康元
600383 14.28 582397.5 金地集团
600459 16.39 86573.93 贵研铂业
600491 5.17 338898.5 龙元建设
600533 3.89 1124081.88 栖霞建设
600576 4.85 118373.02 祥源文旅
600606 4.79 1341897.38 绿地控股
600649 4.16 534558.19 城投控股
600679 9.25 39959.0 上海凤凰
600689 8.38 309453.75 上海三毛
600697 13.67 97934.0 欧亚集团
600708 2.76 1186155.62 光明地产
600714 12.67 40073.0 金瑞矿业
600743 2.06 784408.25 华远地产
600745 65.78 212347.23 闻泰科技
600748 4.02 369220.12 上实发展
600793 9.81 20369.4 宜宾纸业
600820 5.86 1083399.38 隧道股份
600823 3.09 429835.88 世茂股份
600858 5.24 289607.66 银座股份
600956 11.09 41788.08 新天绿能
