000567 15.85 74307.77 海德股份 0.44
000729 8.5 666754.0 燕京啤酒 5.99
000762 49.3 413803.91 西藏矿业 1.04
000831 33.51 632743.19 中国稀土 3.11
000913 18.39 146907.91 钱江摩托 2.17
002276 7.8 460229.81 万马股份 5.26
002299 18.63 101585.45 圣农发展 0.38
002388 5.03 121406.0 新亚制程 4.36
002436 10.35 842806.06 兴森科技 5.83
002455 12.27 516270.97 百川股份 3.28
002510 4.1 882468.0 天汽模 3.27
002511 11.77 307209.44 中顺洁柔 2.79
002533 7.33 328178.03 金杯电工 0.69
002576 12.65 174193.66 通达动力 4.54
002664 15.42 133779.52 信质集团 0.46
002709 53.16 1118478.12 天赐材料 6.62
002726 10.35 155945.94 龙大美食 0.1
002733 14.47 108451.13 雄韬股份 1.26
002759 26.34 299781.69 天际股份 4.73
002915 19.15 211360.64 中欣氟材 3.01
002988 14.27 93880.0 豪美新材 3.86
300037 47.56 274242.09 新宙邦 2.39
300082 12.35 307564.81 奥克股份 5.11
300088 7.14 1107337.62 长信科技 1.13
300121 10.94 61188.2 阳谷华泰 1.77
300177 7.84 192088.44 中海达 1.95
300218 15.14 64975.0 安利股份 0.93
300228 6.75 584123.81 富瑞特装 6.63
300247 3.54 316123.41 融捷健康 4.73
300307 5.12 106270.0 慈星股份 2.4
300320 13.4 352561.62 海达股份 7.89
300407 7.69 35049.96 凯发电气 1.72
300423 10.35 103636.23 N辉科技 1.97
300471 16.96 233430.88 厚普股份 4.89
300472 9.84 187788.72 新元科技 2.29
300540 23.28 35895.68 蜀道装备 3.88
300580 20.98 102268.91 贝斯特 5.8
300582 14.68 157994.12 英飞特 1.66
300600 10.04 164599.05 国瑞科技 0.8
300610 18.38 140708.55 晨化股份 3.73
300619 84.27 50460.54 金银河 2.89
300647 10.25 231548.0 超频三 2.5
300683 37.6 52523.27 海特生物 2.82
300691 14.43 113282.41 联合光电 3.07
300721 37.2 16796.75 怡达股份 3.85
300803 51.96 134635.94 指南针 2.28
300943 15.43 71032.06 春晖智控 2.8
300988 20.71 93933.3 津荣天宇 3.04
301020 24.38 59343.2 密封科技 6.23
301059 17.05 22437.44 金三江 0.95
301069 41.17 64047.85 凯盛新材 2.11
301113 38.81 22628.15 雅艺科技 0.36
301221 58.02 41210.99 光庭信息 4.24
600096 34.62 1414337.5 云天化 5.04
600141 46.51 504740.31 兴发集团 4.05
600166 2.87 2508793.25 福田汽车 4.75
600201 8.93 519299.75 生物股份 2.17
600218 10.12 278403.06 全柴动力 3.06
600237 7.39 335504.72 铜峰电子 4.97
600375 8.62 335621.78 汉马科技 3.23
600392 20.95 730962.25 盛和资源 0.48
600448 4.15 750473.25 华纺股份 1.47
600478 6.61 297743.88 科力远 1.69
600552 11.82 658591.56 凯盛科技 3.96
600559 27.05 344664.75 老白干酒 2.08
600571 9.84 351971.47 信雅达 7.07
600587 20.75 124263.94 新华医疗 3.29
600873 10.79 468282.88 梅花生物 2.08
600875 16.16 611313.0 东方电气 3.92
600909 4.81 1175894.25 华安证券 4.11
