000040 4.65 1697409.75 东旭蓝天 4.97
000059 8.14 1096638.12 华锦股份 3.69
000060 4.59 784248.88 中金岭南 2.23
000301 21.79 604323.06 东方盛虹 6.81
000531 8.05 102251.16 穗恒运A 1.26
000537 16.55 460707.81 广宇发展 6.77
000539 5.26 788428.38 粤电力A 7.35
000543 5.49 637199.81 皖能电力 3.39
000551 11.91 411386.38 创元科技 3.3
000591 8.2 557042.56 太阳能 0.86
000599 4.46 194024.0 青岛双星 1.36
000600 5.19 381957.38 建投能源 1.37
000690 5.6 407912.59 宝新能源 2.94
000751 3.56 430036.91 锌业股份 4.09
000758 5.09 653467.5 中色股份 1.39
000862 7.05 181168.66 银星能源 2.32
000883 5.37 521699.97 湖北能源 2.87
000926 4.61 264069.12 福星股份 0.44
000962 10.58 126065.11 东方钽业 4.75
002045 13.8 832942.31 国光电器 4.39
002046 15.17 291578.34 国机精工 4.48
002114 8.09 241031.69 罗平锌电 4.66
002149 15.67 163163.88 西部材料 0.06
002164 6.64 119728.1 宁波东力 1.37
002167 7.47 418790.41 东方锆业 7.33
002226 5.42 158197.7 江南化工 0.74
002256 3.01 563778.62 兆新股份 2.03
002272 8.05 800433.62 川润股份 3.21
002350 9.73 676684.75 北京科锐 4.85
002476 5.61 142705.66 宝莫股份 0.36
002497 29.04 308280.53 雅化集团 1.43
002560 7.23 244342.62 通达股份 5.39
002564 5.58 422070.97 天沃科技 2.76
002578 4.77 311429.53 闽发铝业 3.92
002606 10.11 171158.84 大连电瓷 2.33
002608 7.24 104460.9 江苏国信 2.26
002617 12.33 576227.31 露笑科技 2.92
002735 21.54 45074.4 王子新材 3.86
002915 20.11 117125.6 中欣氟材 2.44
002976 24.69 35154.6 瑞玛精密 5.06
002978 37.96 16867.07 安宁股份 0.32
002997 26.03 111298.04 瑞鹄模具 4.29
300035 28.35 229477.09 中科电气 3.69
300095 10.79 67592.08 华伍股份 2.08
300140 7.53 112531.0 中环装备 4.29
300340 13.19 68320.61 科恒股份 1.54
300443 44.05 93099.0 金雷股份 2.97
300554 26.46 96856.23 三超新材 2.08
300780 16.05 50102.0 德恩精工 3.68
300855 49.21 36201.47 图南股份 4.39
300863 80.58 13059.87 卡倍亿 3.57
300982 52.38 14145.76 苏文电能 3.93
301031 183.86 7463.92 中熔电气 5.18
301120 26.2 118018.6 新特电气 2.87
301150 88.1 18574.25 中一科技 5.57
600023 3.77 660982.12 浙能电力 2.17
600032 13.74 84875.43 浙江新能 1.33
600058 10.1 287234.31 五矿发展 6.88
600075 6.51 319083.94 新疆天业 1.56
600101 9.75 208189.31 明星电力 2.63
600180 8.2 464365.03 瑞茂通 3.15
600213 8.59 128931.25 亚星客车 2.02
600295 18.94 256574.52 鄂尔多斯 4.99
600310 3.67 292497.5 桂东电力 2.23
600331 3.25 479457.0 宏达股份 2.2
600483 12.8 189060.31 福能股份 2.81
600537 6.75 952883.69 亿晶光电 1.66
600549 26.88 178110.31 厦门钨业 1.86
600686 6.47 181749.55 金龙汽车 1.09
600753 13.28 52617.24 东方银星 0.38
600888 9.85 770959.19 新疆众和 6.26
600961 8.37 66008.01 株冶集团 3.46
