000006 4.76 430900.41 深振业A
000031 4.29 462120.19 大悦城
000046 1.95 791645.25 泛海控股
000056 7.47 242312.0 皇庭国际
000529 6.31 116587.09 广弘控股
000548 4.73 272670.91 湖南投资
000667 2.0 3827516.5 美好置业
000681 15.97 522597.59 视觉中国
000711 3.38 345079.69 京蓝科技
000719 8.42 106407.25 中原传媒
000753 3.55 178435.92 漳州发展
000757 4.5 150362.0 浩物股份
000819 12.66 131226.3 岳阳兴长
000886 4.02 128862.27 海南高速
000888 7.78 197317.48 峨眉山A
000902 17.17 168534.23 新洋丰
000923 14.41 116045.0 河钢资源
000955 5.33 353591.0 欣龙控股
000961 4.32 2172137.25 中南建设
000990 13.02 200003.58 诚志股份
000998 20.15 474019.72 隆平高科
002016 6.21 114583.09 世荣兆业
002047 3.81 936601.81 宝鹰股份
002059 6.81 383237.0 云南旅游
002128 17.2 419874.62 电投能源
002133 4.15 612920.12 广宇集团
002205 9.38 123789.66 国统股份
002208 8.7 643535.19 合肥城建
002235 6.17 691761.06 安妮股份
002277 3.34 464638.88 友阿股份
002279 5.53 374871.44 久其软件
002303 3.63 332331.53 美盈森
002330 9.95 661210.25 得利斯
002354 5.2 1522786.5 天娱数科
002385 8.43 1983045.12 大北农
002398 7.59 192889.55 垒知集团
002425 7.34 656935.5 凯撒文化
002431 3.29 316084.75 棕榈股份
002546 4.58 292354.0 新联电子
002561 7.6 110503.71 徐家汇
002615 5.52 49778.75 哈尔斯
002674 10.35 45112.0 兴业科技
002682 5.24 665001.0 龙洲股份
002694 5.46 339085.53 顾地科技
002712 5.01 107039.4 思美传媒
002765 7.82 349006.0 蓝黛科技
002807 3.92 463113.25 江阴银行
002823 10.1 42771.82 凯中精密
002839 6.0 249744.92 张家港行
002878 20.33 138148.38 元隆雅图
002885 23.01 197119.58 京泉华
002958 3.55 533328.94 青农商行
002981 22.24 9103.91 朝阳科技
002995 26.57 31200.0 天地在线
300044 2.56 189695.92 赛为智能
300071 2.66 129393.98 福石控股
300094 7.16 1803594.25 国联水产
300148 4.05 945115.5 天舟文化
300220 15.23 62211.38 金运激光
300264 8.11 481675.53 佳创视讯
300269 3.65 82105.81 联建光电
300277 8.11 162013.0 海联讯
300291 5.24 123222.0 百纳千成
300292 4.96 919666.88 吴通控股
300352 5.23 323912.16 北信源
300355 4.68 422847.44 蒙草生态
300366 10.97 277477.38 创意信息
300418 17.0 263029.53 昆仑万维
300426 8.17 61905.41 唐德影视
300459 4.3 1872236.5 汤姆猫
300467 16.29 166778.0 迅游科技
300505 31.96 101581.27 川金诺
300582 19.24 541073.81 英飞特
300624 42.39 96878.11 万兴科技
300654 9.38 47280.1 世纪天鸿
300860 54.8 93239.46 锋尚文化
300892 29.9 19023.36 品渥食品
300925 22.55 31913.58 法本信息
600035 3.29 184793.95 楚天高速
600064 9.94 187032.0 南京高科
600073 7.59 270566.03 上海梅林
600081 11.6 38684.0 东风科技
600083 11.57 69070.58 博信股份
600094 4.23 726778.25 大名城
600101 7.23 192020.59 明星电力
600159 3.7 979692.0 大龙地产
600162 2.42 1098297.62 香江控股
600208 2.96 1337595.12 新湖中宝
600215 8.49 74905.6 派斯林
600266 4.9 431714.97 城建发展
600325 7.04 652391.38 华发股份
600410 7.67 369788.81 华胜天成
600419 13.54 79774.67 天润乳业
600463 8.65 45757.01 空港股份
600502 4.93 965768.5 安徽建工
600551 9.37 142337.45 时代出版
600605 9.28 33876.59 汇通能源
600638 6.04 109132.95 新黄浦
600684 4.6 1073551.38 珠江股份
600708 2.92 935398.75 光明地产
600712 4.16 123884.0 南宁百货
600720 10.26 278226.16 祁连山
600737 8.85 538727.81 中粮糖业
600743 2.45 1009539.19 华远地产
600748 4.32 280886.28 上实发展
600791 4.82 357312.31 京能置业
600805 3.94 109568.52 悦达投资
600853 3.81 829473.69 龙建股份
600965 7.14 289030.69 福成股份
600986 6.37 1072143.0 浙文互联
