000042 8.34 116217.0 中洲控股
000046 1.24 565964.0 泛海控股
000068 4.07 302224.41 华控赛格
000070 6.29 128124.49 特发信息
000099 7.38 85872.76 中信海直
000158 6.11 306489.81 常山北明
000420 4.39 361384.28 吉林化纤
000506 3.76 993954.5 中润资源
000514 3.88 189518.23 渝开发
000547 10.4 265187.53 航天发展
000551 9.35 58345.0 创元科技
000557 5.0 152509.38 西部创业
000558 3.29 809054.25 莱茵体育
000561 8.04 216463.08 烽火电子
000576 11.14 48506.0 甘化科工
000595 7.36 721820.06 宝塔实业
000659 3.62 480670.69 珠海中富
000663 8.49 122447.91 永安林业
000670 7.54 741895.94 盈方微
000727 1.99 549525.0 冠捷科技
000736 12.79 367409.0 中交地产
000755 5.33 437225.0 山西路桥
000777 10.37 60687.1 中核科技
000782 5.86 206340.22 美达股份
000812 5.67 359697.53 陕西金叶
000856 8.93 283128.0 冀东装备
000863 3.61 264615.09 三湘印象
000911 8.0 34312.01 南宁糖业
000928 5.52 170152.23 中钢国际
000931 6.42 130729.99 中关村
000949 3.34 143612.45 新乡化纤
000951 11.36 136364.06 中国重汽
000957 13.85 598959.62 中通客车
000997 13.31 120690.11 新大陆
000998 14.93 203802.42 隆平高科
002008 27.7 250280.78 大族激光
002026 11.3 99694.3 山东威达
002031 3.01 2468287.75 巨轮智能
002041 20.82 104863.46 登海种业
002112 7.36 162281.02 三变科技
002131 1.87 892066.0 利欧股份
002133 3.33 174693.0 广宇集团
002148 5.57 333609.41 北纬科技
002150 8.14 97094.3 通润装备
002161 5.18 164721.09 远望谷
002171 9.04 242345.36 楚江新材
002175 3.62 1052327.88 东方智造
002181 4.07 192839.12 粤传媒
002184 10.99 69740.16 海得控制
002188 5.55 97502.0 中天服务
002192 115.3 88182.54 融捷股份
002214 13.76 61410.96 大立科技
002222 14.87 47842.57 福晶科技
002234 18.19 165327.03 民和股份
002247 2.53 81000.0 聚力文化
002253 11.57 32644.5 川大智胜
002273 11.8 266494.84 水晶光电
002279 5.96 1213631.12 久其软件
002292 4.63 398454.19 奥飞娱乐
002295 6.65 78105.01 精艺股份
002298 6.51 151444.75 中电兴发
002333 5.43 64836.0 罗普斯金
002337 5.49 187365.69 赛象科技
002347 4.5 95099.0 泰尔股份
002348 2.25 295740.03 高乐股份
002354 3.59 251809.41 天娱数科
002361 4.13 153701.0 神剑股份
002363 6.45 101366.37 隆基机械
002368 20.22 175019.64 太极股份
002383 6.86 282887.84 合众思壮
002409 54.4 77271.3 雅克科技
002413 5.01 269374.47 雷科防务
002421 3.23 371018.09 达实智能
002426 2.74 903868.0 胜利精密
002428 10.45 71649.13 云南锗业
002439 23.23 248171.36 启明星辰
002448 6.18 59574.0 中原内配
002449 8.14 90302.55 国星光电
002455 10.74 153323.48 百川股份
002460 79.2 452452.88 赣锋锂业
002463 10.69 255930.77 沪电股份
002467 4.17 245333.23 二六三
002468 13.94 489257.84 申通快递
002471 2.59 236127.05 中超控股
002502 3.2 93618.33 鼎龙文化
002519 4.78 188393.7 银河电子
002523 2.98 170369.27 天桥起重
002526 2.37 475842.19 山东矿机
002527 6.75 110126.64 新时达
002547 5.07 589596.5 春兴精工
002553 12.76 260413.12 南方精工
002584 7.1 240467.48 西陇科学
002599 4.48 186004.0 盛通股份
002611 4.53 138478.95 东方精工
002633 9.24 18880.0 申科股份
002642 6.23 428882.41 荣联科技
002648 13.85 464044.16 卫星化学
002651 6.59 90229.61 利君股份
002652 2.75 97451.98 扬子新材
002658 8.65 321337.03 雪迪龙
002663 1.91 223405.72 普邦股份
002669 12.74 69014.54 康达新材
002685 5.09 1304112.62 华东重机
002691 5.07 48314.2 冀凯股份
002731 19.29 75773.98 萃华珠宝
002741 18.83 39737.41 光华科技
002747 20.06 227241.59 埃斯顿
002767 10.97 14124.0 先锋电子
002771 9.96 50703.8 真视通
002787 6.21 33161.0 华源控股
002795 10.13 725206.94 永和智控
002802 15.4 18540.1 洪汇新材
002809 10.39 74741.93 红墙股份
002811 8.57 27181.0 郑中设计
002829 36.02 31370.65 星网宇达
002845 12.59 44334.27 同兴达
002847 96.59 12300.4 盐津铺子
002855 8.29 32112.0 捷荣技术
002871 15.07 195963.2 伟隆股份
002877 7.13 85483.8 智能自控
002878 15.9 49435.0 元隆雅图
002886 18.08 41989.7 沃特股份
002892 13.79 46911.34 科力尔
002896 26.14 176925.98 中大力德
002899 13.01 50825.23 英派斯
002908 17.49 175819.56 德生科技
002932 64.89 60522.78 明德生物
002933 22.95 16598.0 新兴装备
002935 22.37 65730.18 天奥电子
002975 36.28 5603.85 博杰股份
002980 28.05 63879.62 华盛昌
002990 23.39 12571.0 盛视科技
002995 15.47 28076.44 天地在线
300002 4.1 235935.56 神州泰岳
300007 18.22 99586.26 汉威科技
300013 4.26 128381.72 新宁物流
300022 4.69 109018.0 吉峰科技
300024 9.45 203557.27 机器人
300025 5.1 88983.87 华星创业
300042 12.06 32633.34 朗科科技
300043 2.92 237286.8 星辉娱乐
300044 3.7 350704.88 赛为智能
300045 7.13 79533.0 华力创通
300046 15.49 38231.6 台基股份
300050 3.69 71822.0 世纪鼎利
300052 19.43 205472.5 中青宝
300053 8.07 112793.47 欧比特
300061 7.36 272455.97 旗天科技
300065 11.66 201728.66 海兰信
300075 16.4 328009.75 数字政通
300081 6.66 181441.5 恒信东方
300082 9.39 77978.25 奥克股份
300085 9.56 85427.93 银之杰
300088 6.41 325525.53 长信科技
300092 9.96 48152.0 科新机电
300095 10.01 65902.85 华伍股份
300099 6.42 69071.6 精准信息
300102 6.13 110214.7 乾照光电
300115 11.59 350558.75 长盈精密
300119 22.03 66090.31 瑞普生物
300123 5.79 149269.98 亚光科技
300130 12.75 211744.86 新国都
300134 7.81 78877.73 大富科技
300144 11.47 262601.97 宋城演艺
300148 3.16 182953.23 天舟文化
300150 3.98 77468.68 世纪瑞尔
300153 7.12 36333.0 科泰电源
300157 3.54 143100.53 恒泰艾普
300162 7.21 90114.23 雷曼光电
300163 3.36 70729.0 先锋新材
300169 4.54 35439.0 天晟新材
300172 4.77 81955.96 中电环保
300174 16.8 68426.45 元力股份
300193 7.55 49900.12 佳士科技
300198 3.18 99379.42 纳川股份
300205 10.57 72685.47 天喻信息
300212 13.86 100784.42 易华录
300219 7.69 101026.14 鸿利智汇
300220 11.63 26187.2 金运激光
300229 11.08 151885.41 拓尔思
300231 7.17 60945.3 银信科技
300240 7.08 53270.62 飞力达
300241 4.97 57909.0 瑞丰光电
300242 3.04 82217.0 佳云科技
300250 11.88 54781.0 初灵信息
300252 7.73 55594.41 金信诺
300270 5.6 29472.0 中威电子
300271 6.6 202248.92 华宇软件
300275 11.82 33344.0 梅安森
300277 6.73 33664.02 海联讯
300279 5.45 61972.43 和晶科技
300280 17.26 17359.99 紫天科技
300283 5.36 47301.0 温州宏丰
300292 3.24 192920.59 吴通控股
300295 8.6 77769.22 三六五网
300305 12.71 47586.36 裕兴股份
300306 10.12 103958.2 远方信息
300307 5.02 93330.0 慈星股份
300310 3.93 134479.56 宜通世纪
300311 6.27 249107.52 任子行
300319 8.09 81720.05 麦捷科技
300322 8.94 57739.82 硕贝德
300333 6.18 72733.92 兆日科技
300334 6.83 35840.0 津膜科技
300339 18.39 456797.0 润和软件
300340 11.89 35417.6 科恒股份
300344 4.82 95334.0 立方数科
300346 30.58 121335.01 南大光电
300352 4.19 253088.88 北信源
300364 7.5 178980.42 中文在线
300371 12.46 17789.2 汇中股份
300378 17.56 56206.04 鼎捷软件
300379 22.81 296628.94 东方通
300386 10.5 49343.44 飞天诚信
300389 9.64 47973.88 艾比森
300411 7.04 30963.8 金盾股份
300417 10.37 35347.2 南华仪器
300444 4.86 77608.27 双杰电气
300448 5.06 50827.71 浩云科技
300456 14.46 64550.75 赛微电子
300461 14.52 12067.0 田中精机
300465 8.23 129636.64 高伟达
300466 5.19 59465.0 赛摩智能
300468 10.18 244321.28 四方精创
300474 51.32 51858.6 景嘉微
300480 15.19 42010.25 光力科技
300490 11.03 57729.86 华自科技
300514 9.77 21542.4 友讯达
300518 53.75 16901.47 盛讯达
300527 6.86 96640.99 中船应急
300532 13.99 61847.88 今天国际
300535 13.2 9891.01 达威股份
300549 12.8 17532.85 优德精密
300551 11.37 187055.05 古鳌科技
300552 21.14 33780.8 万集科技
300555 7.21 23131.5 路通视信
300556 17.5 23470.53 丝路视觉
300570 17.46 25771.0 太辰光
300572 12.26 28960.9 安车检测
300576 20.63 20281.17 容大感光
300578 14.99 27574.72 会畅通讯
300582 12.46 34818.2 英飞特
300590 11.57 69744.2 移为通信
300597 7.97 28882.0 吉大通信
300598 41.5 73652.03 诚迈科技
300605 12.3 29983.45 恒锋信息
300620 34.42 20532.0 光库科技
300626 8.46 20724.8 华瑞股份
300629 22.67 100273.96 新劲刚
300645 21.31 21973.98 正元智慧
300651 22.29 23634.61 金陵体育
300655 15.42 108256.93 晶瑞电材
300656 31.27 20128.43 民德电子
300659 17.3 58644.81 中孚信息
300665 8.04 17624.8 飞鹿股份
300687 26.47 81551.86 赛意信息
300688 15.29 86476.91 创业黑马
300690 18.75 44515.81 双一科技
300691 15.67 45280.96 联合光电
300692 6.83 73518.16 中环环保
300696 28.53 68014.1 爱乐达
300708 10.04 58158.19 聚灿光电
300713 13.67 8864.6 英可瑞
300733 23.71 14450.5 西菱动力
300743 11.42 26639.17 天地数码
300756 13.06 12645.8 金马游乐
300766 10.23 51782.09 每日互动
300768 13.26 51411.3 迪普科技
300780 15.24 34364.0 德恩精工
300781 16.66 8355.6 因赛集团
300789 21.69 8912.8 唐源电气
300801 24.93 36928.0 泰和科技
300806 23.96 39996.67 斯迪克
300807 21.34 9712.52 天迈科技
300810 16.83 11896.0 中科海讯
300814 16.9 13080.01 中富电路
300818 31.53 10020.0 耐普矿机
300828 15.82 30277.63 锐新科技
300829 25.27 16049.18 金丹科技
300830 7.32 29044.55 金现代
300838 14.28 13534.39 浙江力诺
300848 24.5 25248.47 美瑞新材
300855 51.53 23806.44 图南股份
300860 38.2 10273.59 锋尚文化
300873 32.7 15565.32 海晨股份
300875 38.12 34148.53 捷强装备
300883 6.23 48123.8 龙利得
300886 23.29 4429.0 华业香料
300894 27.16 16695.35 火星人
300895 25.44 33376.09 铜牛信息
300905 16.49 8470.3 宝丽迪
300910 134.7 24607.83 瑞丰新材
300913 17.67 26892.0 兆龙互连
300922 15.2 28683.61 天秦装备
300931 7.2 21686.13 通用电梯
300943 14.02 29723.87 春晖智控
300960 18.02 8255.34 通业科技
300965 41.21 3185.0 恒宇信通
300977 19.45 4647.0 深圳瑞捷
300986 36.76 30316.44 志特新材
300988 21.48 22750.01 津荣天宇
300991 12.51 24671.92 创益通
301002 20.23 12860.17 崧盛股份
301006 16.76 11066.88 迈拓股份
301013 9.4 38667.81 利和兴
301016 19.5 10491.42 雷尔伟
301022 28.72 3115.0 海泰科
301025 10.08 42735.94 读客文化
301032 8.18 26539.37 新柴股份
301041 16.37 17865.84 金百泽
301042 34.19 5593.93 安联锐视
301049 22.59 8400.23 超越科技
301050 78.3 34263.19 雷电微力
301052 22.9 12116.98 果麦文化
301059 21.63 19824.31 金三江
301081 12.91 8171.81 严牌股份
301091 19.97 42575.44 深城交
301099 67.3 14341.7 雅创电子
301106 29.06 3638.0 骏成科技
301112 32.09 15237.2 信邦智能
301125 25.0 8232.38 腾亚精工
301127 11.22 43259.92 天源环保
301128 28.8 12043.15 强瑞技术
301137 14.51 19523.79 哈焊华通
301171 17.39 77860.48 易点天下
301183 24.72 12929.0 东田微
301185 17.18 46342.15 鸥玛软件
301197 24.67 22583.15 工大科雅
301205 42.49 17435.09 联特科技
301208 45.4 27901.5 中亦科技
301209 28.82 23043.0 联合化学
301213 37.33 10163.0 观想科技
301218 21.5 19313.0 华是科技
301221 46.93 10880.24 光庭信息
301236 29.89 57876.96 软通动力
301270 30.34 22515.56 汉仪股份
301282 27.68 34837.34 金禄电子
301285 15.86 143274.3 鸿日达
301298 19.27 17274.68 东利机械
301302 57.07 11991.72 华如科技
301306 42.02 10905.38 西测测试
301308 53.12 25596.56 江波龙
301369 97.74 20619.39 联动科技
600038 41.5 80217.46 中直股份
600071 18.94 68417.96 凤凰光学
600077 2.91 262125.0 宋都股份
600106 4.94 162390.09 重庆路桥
600107 6.83 118373.76 美尔雅
600118 21.27 143972.34 中国卫星
600128 8.13 57185.01 弘业股份
600148 13.98 18450.0 长春一东
600186 2.69 897016.19 莲花健康
600198 6.27 93838.76 大唐电信
600201 8.62 261424.56 生物股份
600202 4.9 56546.1 哈空调
600234 7.76 23437.01 科新发展
600316 24.62 109838.9 洪都航空
600335 8.07 251096.58 国机汽车
600363 27.33 115944.55 联创光电
600372 19.29 208964.23 中航电子
600391 17.89 55483.4 航发科技
600393 1.47 352473.0 粤泰股份
600399 15.16 269652.0 抚顺特钢
600418 15.0 1487520.0 江淮汽车
600444 12.89 19855.0 国机通用
600452 13.56 109037.86 涪陵电力
600455 20.36 10861.52 博通股份
600475 9.25 118877.62 华光环能
600476 13.33 28975.0 湘邮科技
600483 11.79 212686.11 福能股份
600501 11.31 62307.83 航天晨光
600533 4.22 647989.44 栖霞建设
600552 9.31 182617.61 凯盛科技
600560 10.06 43862.0 金自天正
600640 9.43 132437.64 国脉文化
600641 18.39 291681.06 万业企业
600683 5.12 348180.59 京投发展
600686 6.5 441379.03 金龙汽车
600693 4.33 423104.22 东百集团
600703 18.92 808062.38 三安光电
600718 10.51 128732.65 东软集团
600730 5.67 176679.16 中国高科
600746 9.24 58051.64 江苏索普
600758 4.15 378909.75 辽宁能源
600765 30.81 254772.73 中航重机
600768 9.37 16059.01 宁波富邦
600790 4.02 460417.09 轻纺城
600794 3.67 205207.59 保税科技
600836 6.6 79096.02 上海易连
600879 6.28 311834.34 航天电子
600888 8.48 345270.16 新疆众和
600893 46.62 257973.97 航发动力
600905 5.96 1562781.88 三峡能源
600906 7.27 332382.97 财达证券
600916 11.74 278752.12 中国黄金
