000063 30.78 525978.81 中兴通讯
000153 9.71 46624.02 丰原药业
000155 21.36 271639.03 川能动力
000158 6.56 347359.53 常山北明
000159 6.57 98351.0 国际实业
000301 18.21 312347.66 东方盛虹
000529 6.45 255470.48 广弘控股
000566 4.76 126761.91 海南海药
000581 22.13 162040.52 威孚高科
000586 8.76 31259.26 汇源通信
000590 9.08 29679.0 启迪药业
000597 6.09 152713.59 东北制药
000607 5.35 508044.0 华媒控股
000615 8.65 142880.86 奥园美谷
000671 2.84 1904689.75 阳光城
000682 7.71 182391.06 东方电子
000756 9.43 64057.54 新华制药
000795 7.11 527946.0 英洛华
000819 13.61 281232.56 岳阳兴长
000860 28.19 161310.17 顺鑫农业
000862 7.49 354441.19 银星能源
000919 7.14 59128.0 金陵药业
000922 10.77 68171.88 佳电股份
000961 4.36 928114.19 中南建设
000970 14.18 353941.44 中科三环
000975 8.63 263637.72 银泰黄金
000976 5.33 367677.19 华铁股份
002073 6.75 257426.88 软控股份
002079 11.83 113541.95 苏州固锝
002095 15.33 67508.9 生意宝
002100 12.11 523991.19 天康生物
002105 10.27 111632.41 信隆健康
002111 10.79 49086.82 威海广泰
002117 9.0 179424.92 东港股份
002123 15.0 173254.56 梦网科技
002155 10.89 542773.81 湖南黄金
002167 7.44 123151.62 东方锆业
002170 5.91 139596.02 芭田股份
002171 11.15 187832.64 楚江新材
002194 9.75 84419.49 武汉凡谷
002212 15.53 146665.52 天融信
002222 16.75 95670.62 福晶科技
002230 46.08 214208.36 科大讯飞
002238 6.47 157331.81 天威视讯
002246 8.95 180712.0 北化股份
002253 15.7 83584.5 川大智胜
002270 8.38 152775.0 华明装备
002285 3.65 335658.41 世联行
002286 12.82 90627.93 保龄宝
002291 18.61 94811.28 遥望科技
002296 7.52 59651.41 辉煌科技
002308 4.15 120116.99 威创股份
002331 8.36 38333.4 皖通科技
002345 5.9 297968.16 潮宏基
002354 4.76 786045.81 天娱数科
002368 25.09 77740.37 太极股份
002370 5.6 805123.75 亚太药业
002375 6.7 191276.16 亚厦股份
002376 9.12 80922.01 新北洋
002378 8.25 106939.0 章源钨业
002390 5.88 263156.16 信邦制药
002412 6.49 298999.06 汉森制药
002419 7.47 735567.81 天虹股份
002424 6.62 229783.28 贵州百灵
002431 3.22 658932.75 棕榈股份
002446 6.56 286074.19 盛路通信
002458 10.28 128518.69 益生股份
002467 4.43 189638.91 二六三
002512 3.52 424571.31 达华智能
002517 5.46 383677.72 恺英网络
002527 8.0 72347.49 新时达
002547 4.15 331869.03 春兴精工
002556 12.05 107174.17 辉隆股份
002565 4.88 447211.72 顺灏股份
002577 12.13 70527.17 雷柏科技
002584 9.08 502503.0 西陇科学
002597 43.08 59331.38 金禾实业
002602 7.08 603048.81 世纪华通
002621 4.33 483472.91 美吉姆
002624 14.12 420061.53 完美世界
002634 5.96 120754.0 棒杰股份
002639 10.71 1123663.12 雪人股份
002646 17.91 54714.45 天佑德酒
002647 9.1 364984.47 仁东控股
002671 5.07 180887.0 龙泉股份
002683 28.86 87877.54 广东宏大
002686 6.15 45954.5 亿利达
002702 5.86 254221.5 海欣食品
002714 58.68 661891.25 牧原股份
002735 24.12 49493.12 王子新材
002745 13.95 145917.2 木林森
002756 121.48 102623.71 永兴材料
002760 24.56 21912.01 凤形股份
002803 18.44 73497.51 吉宏股份
002864 26.1 26840.58 盘龙药业
002869 15.43 25464.15 金溢科技
002902 13.17 79888.56 铭普光磁
002929 35.03 31058.44 润建股份
002952 16.71 66862.7 亚世光电
002972 18.53 7211.0 科安达
002981 21.3 6194.0 朝阳科技
300006 5.46 146915.06 莱美药业
300011 6.99 137996.56 鼎汉技术
300020 9.3 513543.59 银江技术
300021 6.34 416363.25 大禹节水
300030 9.14 57084.04 阳普医疗
300031 21.43 145393.55 宝通科技
300036 24.0 168295.3 超图软件
300039 6.53 1095548.5 上海凯宝
300045 10.17 252415.12 华力创通
300050 4.47 107580.0 世纪鼎利
300051 5.33 39439.02 三五互联
300053 9.07 95607.61 欧比特
300058 8.88 1315057.5 蓝色光标
300077 21.15 272042.88 国民技术
300079 8.18 580188.31 数码视讯
300094 6.53 1947824.38 国联水产
300096 7.99 159010.5 易联众
300098 4.97 709128.19 高新兴
300099 8.79 173654.14 精准信息
300105 6.11 64198.1 龙源技术
300106 10.34 59048.0 西部牧业
300110 4.49 196235.0 华仁药业
300113 14.12 102414.83 顺网科技
300120 8.42 106750.19 经纬辉开
300122 120.09 232409.22 智飞生物
300131 6.67 218758.2 英唐智控
300134 10.48 92920.26 大富科技
300137 7.29 98317.05 先河环保
300139 11.76 186095.0 晓程科技
300148 4.12 581568.25 天舟文化
300158 7.89 431991.53 振东制药
300165 6.73 526600.0 天瑞仪器
300166 13.27 2005315.0 东方国信
300170 8.71 258666.34 汉得信息
300177 8.58 131517.31 中海达
300179 10.39 57978.0 四方达
300182 6.59 2692972.75 捷成股份
300209 6.57 100838.01 有棵树
300212 27.1 123835.88 易华录
300213 7.43 381568.84 佳讯飞鸿
300214 8.36 91894.0 日科化学
300220 16.07 46180.29 金运激光
300222 10.06 172932.64 科大智能
300231 9.79 335151.69 银信科技
300233 30.95 76540.97 金城医药
300235 13.37 68384.0 方直科技
300245 9.55 116055.58 天玑科技
300249 8.25 931231.06 依米康
300252 9.0 54709.5 金信诺
300254 7.94 168138.64 仟源医药
300264 7.54 237386.05 佳创视讯
300270 6.41 82436.18 中威电子
300272 6.72 106660.87 开能健康
300277 9.31 91156.0 海联讯
300279 7.46 119003.8 和晶科技
300280 32.53 59291.01 紫天科技
300290 6.59 256340.05 荣科科技
300295 10.63 93785.69 三六五网
300302 9.68 84364.63 同有科技
300308 36.94 65820.89 中际旭创
300315 3.93 674947.38 掌趣科技
300318 8.13 156073.67 博晖创新
300328 9.07 170240.23 宜安科技
300333 9.65 580629.0 兆日科技
300343 13.59 474946.41 联创股份
300349 12.18 43342.08 金卡智能
300352 5.77 668471.38 北信源
300353 10.35 197096.98 东土科技
300360 10.65 135519.62 炬华科技
300368 9.85 243290.59 汇金股份
300378 21.49 98156.01 鼎捷软件
300379 28.35 155910.81 东方通
300380 19.86 111626.47 安硕信息
300412 15.27 293179.0 迦南科技
300413 35.67 236652.95 芒果超媒
300419 7.18 154879.59 浩丰科技
300448 6.85 165119.5 浩云科技
300451 9.95 232406.72 创业慧康
300459 5.07 1569871.5 汤姆猫
300462 13.5 147266.0 华铭智能
300467 15.02 122402.91 迅游科技
300469 16.4 107493.8 信息发展
300498 21.41 551157.5 温氏股份
300499 13.02 102928.78 高澜股份
300504 23.08 170756.56 天邑股份
300514 12.67 65733.0 友讯达
300519 18.92 62938.0 新光药业
300521 13.73 15170.76 爱司凯
300532 10.77 121792.14 今天国际
300540 26.91 23875.44 蜀道装备
300541 17.52 712337.69 先进数通
300548 32.89 40342.64 博创科技
300556 27.67 79018.72 丝路视觉
300559 8.68 39154.0 佳发教育
300563 14.63 62904.3 神宇股份
300578 23.12 50605.0 会畅通讯
300595 39.85 187605.55 欧普康视
300603 10.48 224094.44 立昂技术
300624 42.06 49983.2 万兴科技
300632 13.31 65334.48 光莆股份
300634 15.57 84479.84 彩讯股份
300678 21.66 119155.6 中科信息
300684 17.87 33561.6 中石科技
300689 22.48 21316.6 澄天伟业
300698 23.4 14029.55 万马科技
300703 10.37 93165.53 创源股份
300705 29.08 38702.0 九典制药
300710 59.45 9870.84 万隆光电
300717 16.1 26286.38 华信新材
300738 21.95 91890.81 奥飞数据
300758 13.95 89730.87 七彩化学
300761 37.58 27439.95 立华股份
300767 95.84 13071.46 震安科技
300770 49.17 49987.36 新媒股份
300774 17.82 28069.19 倍杰特
300788 28.46 32432.78 中信出版
300828 25.22 17354.0 锐新科技
300831 15.82 85606.0 派瑞股份
300856 55.12 10244.0 科思股份
300878 43.4 7978.04 维康药业
300913 26.0 12105.59 兆龙互连
300920 31.36 11383.61 润阳科技
300925 25.28 31286.44 法本信息
300936 36.89 8402.55 中英科技
300959 45.96 8269.55 线上线下
300961 19.74 27672.7 深水海纳
300967 21.38 69462.0 晓鸣股份
300991 31.11 7812.29 创益通
301032 11.81 41312.54 新柴股份
301052 32.71 38555.7 果麦文化
301098 27.23 22178.03 金埔园林
301188 21.16 18543.83 力诺特玻
301217 19.23 428126.75 铜冠铜箔
600038 56.96 97602.04 中直股份
600096 18.27 509321.25 云天化
600101 7.37 135813.72 明星电力
600105 4.48 281404.47 永鼎股份
600111 42.6 1334792.0 北方稀土
600141 32.37 403756.56 兴发集团
600197 23.25 114495.43 伊力特
600199 13.8 197235.22 金种子酒
600200 7.13 76823.81 江苏吴中
600219 4.79 1856337.0 南山铝业
600222 7.35 94053.16 太龙药业
600250 5.58 194543.06 南纺股份
600272 10.7 259233.64 开开实业
600312 9.14 398873.44 平高电气
600318 10.7 223046.16 新力金融
600329 27.06 99850.43 达仁堂
600335 7.65 114303.97 国机汽车
600340 3.43 952926.06 华夏幸福
600396 3.14 826983.0 金山股份
600458 12.56 139801.19 时代新材
600481 10.64 232498.2 双良节能
600505 9.96 160449.03 西昌电力
600516 10.19 646399.31 方大炭素
600521 21.69 162816.81 华海药业
600523 20.02 71534.8 贵航股份
600535 14.74 205971.62 天士力
600540 5.65 111005.52 新赛股份
600552 10.36 145425.41 凯盛科技
600586 9.12 424157.53 金晶科技
600602 6.9 235300.08 云赛智联
600633 9.56 1006894.44 浙数文化
600637 8.93 474469.53 东方明珠
600662 7.2 108909.89 外服控股
600706 10.82 551608.94 曲江文旅
600711 9.73 830237.25 盛屯矿业
600714 13.83 66170.0 金瑞矿业
600797 6.28 287006.19 浙大网新
600825 4.42 130259.4 新华传媒
600836 6.08 104644.06 上海易连
600893 49.5 235146.61 航发动力
600936 3.34 206254.44 广西广电
600965 6.82 276698.34 福成股份
600975 6.94 259683.02 新五丰
600986 6.32 1560857.75 浙文互联
600988 15.14 349468.88 赤峰黄金
