000001 11.95 3872084.25 平安银行
000338 10.48 641814.81 潍柴动力
000521 4.61 557159.12 长虹美菱
000540 1.64 3322542.0 中天金融
000707 10.27 473071.38 双环科技
000736 13.45 1001438.88 中交地产
000782 4.78 229337.95 美达股份
000837 10.12 449729.0 秦川机床
000838 5.33 399351.75 财信发展
000897 2.41 667238.75 津滨发展
000909 9.61 524390.12 数源科技
000951 13.94 345166.72 中国重汽
002078 10.78 349158.25 太阳纸业
002083 4.94 147318.8 孚日股份
002112 8.68 908279.62 三变科技
002205 11.14 267154.75 国统股份
002212 12.36 452865.19 天融信
002225 4.47 411406.56 濮耐股份
002242 16.11 105150.98 九阳股份
002253 14.44 287479.53 川大智胜
002290 8.7 61575.12 禾盛新材
002481 6.25 346501.59 双塔食品
002572 17.23 594262.0 索菲亚
002601 18.06 458248.19 龙佰集团
002625 18.69 415156.09 光启技术
002642 10.25 2490942.75 荣联科技
002686 6.29 144728.06 亿利达
002941 13.47 206098.73 新疆交建
002956 13.85 37828.04 西麦食品
002984 29.4 85536.03 森麒麟
300019 17.8 213738.23 硅宝科技
300066 5.47 105807.5 三川智慧
300111 3.12 301566.0 向日葵
300223 72.98 98193.71 北京君正
300272 5.84 120046.97 开能健康
300327 33.8 177580.95 中颖电子
300401 16.26 242664.77 花园生物
300465 8.9 283378.09 高伟达
300469 14.68 97082.1 信息发展
300510 4.86 232113.59 金冠股份
300816 23.99 31933.65 艾可蓝
300829 24.09 39968.0 金丹科技
300884 11.56 109507.62 狄耐克
300909 33.9 51351.46 汇创达
300911 41.56 87804.82 亿田智能
300999 42.33 112920.57 金龙鱼
301037 18.32 37179.31 保立佳
301076 24.31 16192.18 新瀚新材
301115 27.04 34152.25 建科股份
301116 16.33 34763.44 益客食品
301226 33.55 28574.61 祥明智能
600027 5.52 884058.75 华电国际
600055 20.54 119786.37 万东医疗
600191 6.15 68457.0 华资实业
600195 13.96 113371.39 中牧股份
600198 6.41 126863.01 大唐电信
600249 5.35 212702.11 两面针
600380 12.58 374038.94 健康元
600426 30.17 333700.28 华鲁恒升
600455 21.59 13478.01 博通股份
600460 35.31 433516.53 士兰微
600533 4.4 1066012.0 栖霞建设
600833 11.44 94199.02 第一医药
600864 5.12 919571.06 哈投股份
600906 7.75 575194.31 财达证券
