000403 22.58 186996.06 派林生物
000739 21.63 124873.65 普洛药业
002039 15.08 148862.91 黔源电力
002250 15.62 110889.18 联化科技
002277 4.41 1376547.38 友阿股份
002422 26.8 345286.25 科伦药业
002575 6.12 192575.0 群兴玩具
300018 6.18 131932.12 中元股份
300204 14.28 399172.81 舒泰神
300294 36.1 144520.78 博雅生物
300363 42.01 206026.92 博腾股份
300395 54.29 57313.1 菲利华
300525 18.56 82362.04 博思软件
300596 52.57 22152.95 利安隆
300601 31.47 107055.77 康泰生物
300636 14.58 62835.77 同和药业
300702 24.72 124540.64 天宇股份
300726 42.37 44190.39 宏达电子
300841 86.6 13922.08 康华生物
300856 50.3 29343.0 科思股份
301016 19.88 24361.6 雷尔伟
301230 52.38 30161.82 泓博医药
301239 71.94 20692.43 普瑞眼科
600079 24.42 313214.81 人福医药
600161 23.32 230991.23 天坛生物
600212 7.78 158386.75 绿能慧充
600329 28.7 74996.04 达仁堂
600452 14.6 174742.25 涪陵电力
600566 27.18 153712.91 济川药业
600576 7.42 707270.19 祥源文旅
600588 23.8 352971.59 用友网络
600753 13.99 188988.62 东方银星
600879 6.78 461254.31 航天电子
600992 23.97 255865.56 贵绳股份
