000609 5.72 119733.01 中迪投资 2.69
000707 12.58 367580.09 双环科技 5.27
000719 7.81 160697.3 中原传媒 4.13
000833 8.38 254489.14 粤桂股份 2.07
000920 9.6 110324.18 沃顿科技 1.37
000968 11.5 562530.56 蓝焰控股 5.41
002357 6.36 190846.0 富临运业 3.25
002489 3.57 328269.88 浙江永强 0.85
002575 7.12 586035.88 群兴玩具 0.85
002687 4.93 252768.7 乔治白 4.89
300197 2.65 1092702.75 节能铁汉 5.16
300206 11.16 99166.54 理邦仪器 5.18
300262 3.35 156269.41 巴安水务 1.51
300483 17.74 198881.84 首华燃气 3.62
300517 15.45 57626.42 海波重科 2.79
300827 76.72 207384.84 上能电气 6.14
301058 17.48 89413.97 中粮科工 2.52
600121 6.11 756314.5 郑州煤电 0.16
600123 16.07 694245.31 兰花科创 1.58
600279 4.5 126126.23 重庆港 2.98
600408 3.33 160000.62 安泰集团 1.22
600515 3.67 646946.12 海南机场 1.1
600642 6.19 283168.94 申能股份 1.98
600740 6.79 961715.75 山西焦化 0.44
600875 18.78 645759.81 东方电气 4.92
600996 10.54 744939.88 贵广网络 3.54
