000035 5.56 374735.47 中国天楹
000090 6.77 392381.38 天健集团
000333 57.06 765308.81 美的集团
000404 5.28 585325.06 长虹华意
000423 36.76 121640.94 东阿阿胶
000530 4.18 245635.05 冰山冷热
000537 12.66 319696.97 广宇发展
000547 12.21 928958.38 航天发展
000710 14.0 100249.21 贝瑞基因
000723 12.7 1682666.25 美锦能源
000738 27.37 150254.38 航发控制
000757 4.24 166602.91 浩物股份
000766 5.18 169193.98 通化金马
000788 8.13 287107.75 北大医药
000799 179.8 87579.57 酒鬼酒
000803 16.56 69979.0 山高环能
000875 7.33 1054082.75 吉电股份
000877 12.52 288899.0 天山股份
000913 20.91 119570.27 钱江摩托
000963 44.2 220993.16 华东医药
000981 1.75 572972.31 山子股份
000993 14.09 383181.84 闽东电力
002015 16.28 250755.59 协鑫能科
002053 13.98 307194.03 云南能投
002085 5.3 233715.0 万丰奥威
002090 8.27 46854.1 金智科技
002096 12.42 68641.09 南岭民爆
002130 5.88 187805.58 沃尔核材
002135 8.86 398018.03 东南网架
002198 5.67 71748.21 嘉应制药
002206 6.83 271041.0 海利得
002249 6.19 477456.62 大洋电机
002266 4.77 447425.62 浙富控股
002271 47.71 654885.75 东方雨虹
002275 13.26 66733.85 桂林三金
002277 4.57 566338.62 友阿股份
002283 6.9 457348.53 天润工业
002284 8.93 393661.03 亚太股份
002288 5.39 191833.64 超华科技
002290 7.32 124604.11 禾盛新材
002300 7.15 92377.94 太阳电缆
002322 8.59 51774.82 理工能科
002361 3.92 252577.92 神剑股份
002364 7.49 91407.94 中恒电气
002383 6.2 215156.19 合众思壮
002397 4.01 229278.0 梦洁股份
002442 5.48 101691.01 龙星化工
002448 7.08 204153.86 中原内配
002451 6.21 45863.5 摩恩电气
002505 3.5 1196130.88 鹏都农牧
002520 6.09 313331.0 日发精机
002546 3.75 127421.0 新联电子
002562 6.78 392134.84 兄弟科技
002564 4.73 289445.0 天沃科技
002580 8.25 176278.31 圣阳股份
002585 16.7 399669.53 双星新材
002595 22.42 55665.63 豪迈科技
002603 24.07 874454.5 以岭药业
002623 30.13 96500.27 亚玛顿
002644 10.22 159300.66 佛慈制药
002646 19.26 169026.8 天佑德酒
002660 7.71 217996.42 茂硕电源
002664 15.43 159255.31 信质集团
002666 6.05 1044142.19 德联集团
002667 20.98 122759.14 鞍重股份
002713 6.71 90348.65 东易日盛
002715 13.5 22880.0 登云股份
002725 10.63 170298.64 跃岭股份
002741 18.08 41380.08 光华科技
002747 19.13 162653.45 埃斯顿
002817 7.51 56515.08 黄山胶囊
002824 58.65 126190.62 和胜股份
002833 23.26 27186.42 弘亚数控
002840 18.65 134487.7 华统股份
002845 18.47 41561.42 同兴达
002851 26.13 101693.89 麦格米特
002852 10.89 110610.06 道道全
002859 25.62 70458.56 洁美科技
002863 5.42 157675.5 今飞凯达
002868 13.83 46999.17 绿康生化
002870 31.08 16303.0 香山股份
002873 16.9 127078.39 新天药业
002876 42.12 148648.44 三利谱
002900 13.93 130023.0 哈三联
002928 10.69 108579.58 华夏航空
002979 19.45 41112.53 雷赛智能
002981 22.4 18054.2 朝阳科技
002983 19.84 13326.2 芯瑞达
002991 58.33 9464.15 甘源食品
300037 48.9 354861.59 新宙邦
300068 14.71 350203.28 南都电源
300091 4.24 251972.41 金通灵
300109 16.13 56380.0 新开源
300116 2.03 887836.06 保力新
300119 17.68 42525.14 瑞普生物
300123 6.2 204970.95 亚光科技
300153 8.74 153905.0 科泰电源
300177 8.11 218809.48 中海达
300196 18.55 68006.41 长海股份
300204 12.94 196993.0 舒泰神
300208 12.53 343891.59 青岛中程
300228 6.66 232948.14 富瑞特装
300274 93.19 526956.38 阳光电源
300294 34.48 75506.65 博雅生物
300314 10.32 28884.0 戴维医疗
300326 8.19 163843.27 凯利泰
300350 7.07 245316.77 华鹏飞
300351 14.45 142172.0 永贵电器
300400 15.15 31232.0 劲拓股份
300421 13.75 276824.03 力星股份
300423 10.3 90103.13 N辉科技
300435 15.8 114632.0 中泰股份
300441 6.5 87166.17 鲍斯股份
300444 5.52 227059.27 双杰电气
300451 7.35 210411.8 创业慧康
300476 17.3 260162.77 胜宏科技
300491 14.06 64790.0 通合科技
300510 4.73 169283.59 金冠股份
300517 12.93 29631.68 海波重科
300519 17.55 47645.7 新光药业
300520 16.54 59022.4 科大国创
300540 22.92 25193.03 蜀道装备
300549 13.29 16880.0 优德精密
300580 21.28 77204.48 贝斯特
300584 32.53 79280.75 海辰药业
300598 41.67 79693.09 诚迈科技
300627 33.35 96133.48 华测导航
300642 22.36 21225.37 透景生命
300644 15.14 12273.02 南京聚隆
300647 10.27 135978.19 超频三
300668 18.6 10585.0 杰恩设计
300670 7.42 44776.0 大烨智能
300705 19.18 32310.81 九典制药
300742 17.51 52795.2 越博动力
300752 23.73 39271.96 隆利科技
300755 40.22 46109.1 华致酒行
300762 18.09 66626.27 上海瀚讯
300791 27.13 23664.4 仙乐健康
300808 13.23 24953.0 久量股份
300809 35.29 42757.74 华辰装备
300822 16.36 7602.17 贝仕达克
300837 40.66 7302.15 浙矿股份
300848 18.92 35860.0 美瑞新材
300856 63.36 13283.39 科思股份
300861 96.49 24804.52 美畅股份
300864 21.99 13706.25 南大环境
300882 14.46 29676.84 万胜智能
300905 18.07 6071.17 宝丽迪
300913 15.66 24807.95 兆龙互连
300943 15.94 109497.65 春晖智控
300982 49.93 21219.48 苏文电能
300986 27.8 15144.34 志特新材
300988 21.12 82106.36 津荣天宇
300993 12.36 41581.4 玉马遮阳
301002 24.43 15785.49 崧盛股份
301005 22.96 21973.71 超捷股份
301006 18.55 13756.08 迈拓股份
301016 18.3 5935.73 雷尔伟
301017 17.44 23544.62 漱玉平民
301033 38.85 10182.7 迈普医学
301068 25.1 16941.55 大地海洋
301072 33.97 33099.56 中捷精工
301080 175.57 4699.97 百普赛斯
301100 23.0 18606.41 风光股份
301113 41.18 28077.04 雅艺科技
301123 26.27 46688.74 奕东电子
301138 29.97 16701.14 华研精机
301150 84.22 25971.65 中一科技
301163 38.28 56010.29 宏德股份
301166 60.72 15752.13 优宁维
301186 35.0 29344.34 超达装备
301193 28.12 16933.05 家联科技
301298 26.13 124769.7 东利机械
600031 18.58 1285642.38 三一重工
600055 24.15 119589.1 万东医疗
600059 10.68 255649.02 古越龙山
600135 7.68 96301.29 乐凯胶片
600151 10.76 258247.14 航天机电
600161 25.12 142549.91 天坛生物
600163 8.45 657011.12 中闽能源
600176 16.91 522354.78 中国巨石
600192 5.25 233129.17 长城电工
600218 9.9 164543.75 全柴动力
600285 13.11 101921.58 羚锐制药
600288 13.82 43658.42 大恒科技
600315 38.6 102731.61 上海家化
600405 5.75 427952.84 动力源
600536 42.73 466127.0 中国软件
600563 181.93 26996.72 法拉电子
600577 5.73 1114253.62 精达股份
600586 7.19 280109.53 金晶科技
600600 93.98 84963.34 青岛啤酒
600673 9.06 481407.12 东阳光
600698 5.45 520707.09 湖南天雁
600699 13.96 365500.81 均胜电子
600821 6.82 776133.25 金开新能
600841 8.2 319126.88 动力新科
600882 39.89 53723.33 妙可蓝多
600884 27.12 756263.75 杉杉股份
600885 55.94 76953.63 宏发股份
600956 12.88 106409.99 新天绿能
600960 3.95 536300.0 渤海汽车
