002093 7.4 1259930.62 国脉科技
002116 9.17 325340.78 中国海诚
002460 129.3 374134.16 赣锋锂业
002466 87.48 868097.75 天齐锂业
002652 3.81 632046.81 扬子新材
002709 101.12 241016.27 天赐材料
002774 10.7 382411.97 快意电梯
002849 15.42 131862.45 威星智能
002855 10.26 204775.84 捷荣技术
002865 90.4 46159.82 钧达股份
002917 10.76 59039.69 金奥博
300074 4.54 852536.06 华平股份
300235 13.36 161839.47 方直科技
300288 14.15 324773.06 朗玛信息
300353 11.12 324879.59 东土科技
300452 22.37 486477.28 山河药辅
300666 64.2 177057.72 江丰电子
301060 53.8 275713.38 兰卫医学
301072 41.72 80372.66 中捷精工
301098 25.31 50626.36 金埔园林
600335 7.28 640543.75 国机汽车
600880 5.87 722875.75 博瑞传播
600906 12.15 1379910.25 财达证券
