000058 6.17 242565.36 深赛格
000065 8.39 150471.88 北方国际
000400 21.42 790276.31 许继电气
000530 4.63 495084.31 冰山冷热
000605 6.86 221899.05 渤海股份
000655 7.6 208267.56 金岭矿业
000695 10.04 52251.0 滨海能源
000753 3.9 302147.47 漳州发展
000779 10.84 109620.0 甘咨询
000821 19.7 1547558.38 京山轻机
000885 9.51 153865.09 城发环境
000957 20.38 1378022.75 中通客车
002307 7.35 977867.5 北新路桥
002323 4.01 564260.5 雅博股份
002431 3.47 1586038.12 棕榈股份
002487 46.06 525372.19 大金重工
002502 3.53 1078663.62 鼎龙文化
002601 21.81 408800.88 龙佰集团
002612 26.93 128473.63 朗姿股份
002797 6.34 1365447.62 第一创业
002860 13.7 103614.35 星帅尔
300032 6.16 183992.0 金龙机电
300057 10.43 264276.31 万顺新材
300080 6.31 1186313.5 易成新能
300093 51.91 195542.88 金刚光伏
300233 29.54 162715.53 金城医药
300382 17.89 229957.23 斯莱克
300850 94.03 104207.91 新强联
300977 26.51 25364.3 深圳瑞捷
300982 48.13 40122.76 苏文电能
301027 22.49 49531.64 华蓝集团
301155 89.31 74979.46 海力风电
301167 32.2 23166.09 建研设计
301168 49.85 52092.98 通灵股份
301179 48.31 68847.03 泽宇智能
301266 54.8 60993.76 宇邦新材
600116 10.13 293267.78 三峡水利
600133 5.97 384079.97 东湖高新
600153 12.29 326492.66 建发股份
600248 5.42 515639.56 陕西建工
600301 14.49 46857.0 南化股份
600333 5.21 171277.88 长春燃气
600348 14.29 1183001.62 华阳股份
600368 3.92 448780.94 五洲交通
600517 6.34 1146514.88 国网英大
600620 10.9 91375.61 天宸股份
600629 7.31 71384.54 华建集团
600903 8.18 245667.12 贵州燃气
600956 14.52 614449.81 新天绿能
