000009 17.16 1679513.75 中国宝安
000020 10.31 46004.01 深华发A
000516 10.72 250834.62 国际医学
000547 13.24 1277730.5 航天发展
000561 9.52 493947.38 烽火电子
000682 8.68 529356.25 东方电子
000779 10.25 107256.26 甘咨询
000948 13.8 456348.19 南天信息
002074 43.14 697381.12 国轩高科
002090 14.52 1148960.38 金智科技
002139 16.43 739084.31 拓邦股份
002169 9.76 528324.88 智光电气
002196 10.89 143175.34 方正电机
002214 16.07 68150.1 大立科技
002222 18.44 163991.31 福晶科技
002292 4.89 845439.69 奥飞娱乐
002314 3.98 667123.81 南山控股
002345 5.38 1358718.12 潮宏基
002355 6.12 875456.0 兴民智通
002373 10.5 270360.44 千方科技
002380 16.17 436397.53 科远智慧
002387 7.1 326846.25 维信诺
002406 6.08 318246.0 远东传动
002414 13.3 307215.12 高德红外
002436 14.91 593198.75 兴森科技
002483 6.95 452289.0 润邦股份
002510 4.86 789698.19 天汽模
002639 11.97 1006274.56 雪人股份
002664 18.75 153844.45 信质集团
002717 2.95 620968.19 岭南股份
002729 51.08 22126.52 好利科技
002791 85.32 70361.59 坚朗五金
002863 7.0 346396.41 今飞凯达
002882 11.93 158910.45 金龙羽
002884 20.92 36570.72 凌霄泵业
002913 32.5 32918.69 奥士康
002929 39.59 35879.48 润建股份
002981 26.7 12979.0 朝阳科技
300004 7.07 107175.79 南风股份
300007 23.77 219325.78 汉威科技
300072 5.08 347478.0 海新能科
300076 5.11 82523.0 GQY视讯
300088 8.4 2154334.5 长信科技
300102 8.05 351963.91 乾照光电
300128 3.97 234832.36 锦富技术
300169 5.63 127669.02 天晟新材
300176 6.15 67485.3 派生科技
300183 16.12 78514.58 东软载波
300219 11.09 486365.84 鸿利智汇
300227 8.41 128245.75 光韵达
300241 6.23 285356.12 瑞丰光电
300246 16.58 55775.63 宝莱特
300252 8.77 147951.16 金信诺
300258 15.61 129084.85 精锻科技
300263 9.99 574959.25 隆华科技
300269 4.14 108933.63 联建光电
300274 140.04 347912.38 阳光电源
300279 6.72 134779.88 和晶科技
300287 4.36 680828.06 飞利信
300308 34.5 174925.14 中际旭创
300323 8.06 359072.09 华灿光电
300423 12.08 123183.07 N辉科技
300424 13.07 162627.92 航新科技
300538 15.11 52219.69 同益股份
300548 22.74 133964.7 博创科技
300569 12.08 335226.38 天能重工
300578 17.61 43234.1 会畅通讯
300617 50.98 52097.37 安靠智电
300623 24.98 234821.14 捷捷微电
300648 53.99 108651.76 星云股份
300675 15.72 55915.89 建科院
300709 40.04 114948.4 精研科技
300713 17.5 77745.54 英可瑞
300747 33.86 117065.47 锐科激光
300758 15.56 379956.25 七彩化学
300780 18.38 48594.0 德恩精工
300862 30.41 27814.07 蓝盾光电
300992 25.15 37375.34 泰福泵业
301008 28.53 7334.2 宏昌科技
301035 81.21 12956.77 润丰股份
301045 23.32 13100.5 天禄科技
301101 56.56 20250.17 明月镜片
301106 37.1 13803.1 骏成科技
301183 37.57 80342.06 东田微
301193 32.17 19165.08 家联科技
600107 8.18 474233.12 美尔雅
600143 11.34 1351299.12 金发科技
600202 6.07 479276.84 哈空调
600203 7.75 261625.45 福日电子
600237 8.52 377783.41 铜峰电子
600405 7.26 876278.88 动力源
600438 57.17 1254133.25 通威股份
600560 13.56 208299.75 金自天正
600793 14.1 89306.5 宜宾纸业
600847 21.64 46157.9 万里股份
