000519 22.09 1075256.0 中兵红箭 3.95
002481 8.8 342711.53 双塔食品 1.97
002610 4.08 2640613.5 爱康科技 3.82
002971 21.66 39687.0 和远气体 4.18
300026 6.75 3392639.75 红日药业 5.14
300053 10.0 389236.31 欧比特 5.49
300118 24.11 675046.06 东方日升 5.7
300175 5.26 710387.38 朗源股份 5.83
300208 12.72 507437.03 青岛中程 6.98
300316 62.57 189160.56 晶盛机电 4.11
300560 16.15 199342.44 中富通 3.86
300565 13.28 252501.92 科信技术 3.59
300578 24.3 91890.09 会畅通讯 3.4
301117 69.59 64258.92 佳缘科技 1.06
301128 46.3 39017.03 强瑞技术 5.73
600172 9.88 827919.88 黄河旋风 5.67
600366 13.48 739054.31 宁波韵升 4.74
600481 12.14 452577.25 双良节能 5.38
600552 11.17 273335.0 凯盛科技 2.2
600732 19.48 277728.44 爱旭股份 6.86
600961 11.3 184722.91 株冶集团 2.73
600992 14.57 364454.19 贵绳股份 4.37
