000980 5.57 729010.94 众泰汽车 3.34
002043 9.42 368919.16 兔宝宝 2.17
002187 7.72 81253.84 广百股份 1.71
002251 6.24 936798.56 步步高 1.63
002651 7.54 230328.14 利君股份 5.16
002935 23.98 104618.09 天奥电子 0.5
002951 9.84 73047.6 金时科技 1.97
300391 10.24 78279.5 康跃科技 6.22
300424 13.12 120949.34 航新科技 1.0
300797 14.71 79594.3 钢研纳克 6.13
300862 27.65 18123.4 蓝盾光电 3.87
300908 38.41 11667.0 仲景食品 1.59
300984 29.41 9176.9 金沃股份 2.05
301190 26.01 51990.63 善水科技 2.44
301228 18.45 29381.36 实朴检测 1.88
600419 14.43 185652.17 天润乳业 3.37
600693 4.44 254972.02 东百集团 1.37
600893 49.23 230865.91 航发动力 0.47
