000009 15.33 1822535.88 中国宝安 7.05
000411 10.38 27743.86 英特集团 2.27
000504 15.0 16746.56 南华生物 1.08
000536 2.12 141389.23 华映科技 1.44
000607 4.42 83188.67 华媒控股 2.79
000672 14.77 177196.12 上峰水泥 4.97
000701 6.08 92067.0 厦门信达 2.36
000762 55.37 309397.84 西藏矿业 2.56
000851 5.4 388046.62 高鸿股份 3.05
000915 43.83 44590.08 华特达因 1.18
000980 4.21 529254.75 众泰汽车 4.99
000990 10.26 77436.92 诚志股份 2.5
002030 18.22 273770.81 达安基因 2.19
002039 14.95 53008.2 黔源电力 1.43
002064 7.77 368496.41 华峰化学 4.16
002106 8.94 147810.06 莱宝高科 1.94
002192 141.14 121011.86 融捷股份 2.01
002198 5.79 80924.72 嘉应制药 3.39
002250 20.98 98958.84 联化科技 4.53
002258 23.3 168305.38 利尔化学 3.6
002261 7.0 441877.31 拓维信息 1.3
002326 31.7 277414.88 永太科技 2.72
002410 49.31 55040.01 广联达 3.99
002429 4.05 623058.25 兆驰股份 1.5
002466 118.19 593023.12 天齐锂业 1.12
002520 7.48 727101.94 日发精机 2.47
002574 5.11 173223.0 明牌珠宝 5.14
002584 7.97 252247.48 西陇科学 4.18
002602 4.57 651324.5 世纪华通 3.63
002636 10.13 491472.69 金安国纪 5.63
002643 19.69 189903.2 万润股份 4.57
002681 4.57 378489.81 奋达科技 2.01
002712 4.85 501107.75 思美传媒 7.78
002715 17.79 50682.59 登云股份 7.56
002723 13.89 153240.05 小崧股份 7.84
002737 18.98 147533.47 葵花药业 3.72
002738 95.89 341004.25 中矿资源 6.05
002748 14.75 52794.18 世龙实业 3.36
002773 14.41 46297.13 康弘药业 1.34
002819 23.78 11512.38 东方中科 1.97
002878 19.1 69365.7 元隆雅图 4.09
002932 66.5 39110.36 明德生物 3.37
300005 7.76 120885.3 探路者 2.92
300055 10.18 53001.06 万邦达 1.8
300074 4.04 153586.0 华平股份 3.06
300081 8.55 469029.28 恒信东方 6.61
300128 3.94 258056.66 锦富技术 2.6
300134 8.68 90351.0 大富科技 2.0
300150 4.26 59969.31 世纪瑞尔 0.95
300170 9.21 333296.72 汉得信息 2.33
300243 10.53 42958.89 瑞丰高材 1.74
300264 5.97 154679.8 佳创视讯 2.58
300304 5.7 292342.72 云意电气 3.07
300319 10.83 559439.19 麦捷科技 7.02
300345 8.38 86402.52 华民股份 3.46
300390 78.95 186139.0 天华超净 0.93
300400 19.75 110133.76 劲拓股份 4.06
300439 12.57 93765.0 美康生物 2.7
300471 17.72 205970.34 厚普股份 3.5
300506 7.08 147465.78 名家汇 3.96
300523 23.85 17582.8 辰安科技 2.27
300560 15.79 88683.7 中富通 3.47
300624 33.47 46342.0 万兴科技 3.81
300634 13.44 65699.65 彩讯股份 2.91
300665 9.23 188165.05 飞鹿股份 3.94
300678 19.55 104250.46 中科信息 4.54
300687 26.46 74142.74 赛意信息 4.13
300735 11.14 106049.5 光弘科技 1.0
300771 15.84 74996.04 智莱科技 4.35
300831 16.82 403321.75 派瑞股份 6.39
300853 31.34 49660.37 申昊科技 4.89
300881 25.18 15023.75 盛德鑫泰 2.61
300888 73.08 11228.0 稳健医疗 2.18
300890 57.17 100391.66 翔丰华 5.21
300903 15.29 133105.45 科翔股份 2.27
300905 18.47 6507.0 宝丽迪 1.43
300921 20.17 32367.6 南凌科技 3.97
300935 32.2 21596.32 盈建科 5.78
300942 22.08 23900.8 易瑞生物 3.37
300986 35.46 26510.52 志特新材 5.07
301021 31.6 47704.37 英诺激光 0.64
301051 69.5 7056.41 信濠光电 2.87
301189 33.99 8759.99 奥尼电子 1.01
301201 64.15 14638.36 诚达药业 1.71
301218 27.55 32733.57 华是科技 3.77
301248 33.86 20635.43 杰创智能 3.2
600117 3.71 41844.65 西宁特钢 0.54
600155 8.02 150198.0 华创阳安 1.91
600165 10.87 246651.58 新日恒力 6.88
600173 5.42 49203.02 卧龙地产 1.88
600191 5.68 44327.0 华资实业 0.53
600203 7.44 187811.14 福日电子 2.48
600207 7.15 165783.09 安彩高科 3.17
600318 7.12 147201.09 新力金融 2.89
600338 29.21 331724.16 西藏珠峰 1.14
600452 13.09 179508.16 涪陵电力 2.11
600483 11.67 155137.72 福能股份 2.82
600535 10.29 96552.24 天士力 1.08
600581 4.62 213537.05 八一钢铁 1.09
600684 3.18 74558.4 珠江股份 0.63
600736 5.18 211167.64 苏州高新 1.97
600801 17.63 102654.39 华新水泥 1.32
600848 12.44 71049.95 上海临港 2.05
600850 20.75 136572.2 电科数字 4.69
600901 5.04 98799.81 江苏金租 0.6
600936 3.6 117453.97 广西广电 2.27
