000019 7.36 203101.92 深粮控股
000028 29.55 45836.54 国药一致
000039 12.88 164980.7 中集集团
000042 8.23 110646.01 中洲控股
000061 6.15 261400.3 农产品
000065 7.4 206699.41 北方国际
000068 2.64 114965.04 华控赛格
000090 7.02 1596025.5 天健集团
000411 11.7 46661.73 英特集团
000505 9.23 659035.75 京粮控股
000582 7.89 713419.19 北部湾港
000597 5.36 140978.28 东北制药
000598 5.16 434681.28 兴蓉环境
000622 3.81 93234.0 恒立实业
000628 10.7 55872.01 高新发展
000663 5.76 49426.0 永安林业
000665 7.74 1598998.5 湖北广电
000710 13.41 137679.0 贝瑞基因
000731 8.87 362855.59 四川美丰
000738 24.72 238023.73 航发控制
000739 19.65 366841.84 普洛药业
000779 10.52 183358.2 甘咨询
000788 8.31 425342.69 北大医药
000791 5.2 213989.95 甘肃电投
000798 7.69 136617.0 中水渔业
000816 3.28 342811.25 智慧农业
000819 9.41 55853.32 岳阳兴长
000848 8.58 315577.09 承德露露
000877 12.59 211477.98 天山股份
000880 7.07 26402.4 潍柴重机
000887 12.45 321956.09 中鼎股份
000912 5.33 304195.75 泸天化
000920 7.44 54592.99 沃顿科技
000928 5.93 142564.05 中钢国际
000957 4.35 84844.22 中通客车
000966 4.99 304295.28 长源电力
000975 9.57 454628.91 银泰黄金
000981 1.45 804281.62 山子股份
000998 16.89 328231.53 隆平高科
000999 38.05 119657.49 华润三九
002004 5.28 299659.41 华邦健康
002009 14.96 90083.0 天奇股份
002011 7.45 268493.0 盾安环境
002015 13.5 127763.36 协鑫能科
002023 9.09 91814.88 海特高新
002031 1.77 187782.59 巨轮智能
002037 9.13 353459.19 保利联合
002039 17.9 57971.35 黔源电力
002054 7.26 50426.78 德美化工
002066 9.28 30249.0 瑞泰科技
002109 5.63 155673.0 兴化股份
002123 9.32 117680.77 梦网科技
002126 8.01 148833.45 银轮股份
002132 4.41 453153.53 恒星科技
002145 7.69 380554.19 中核钛白
002149 10.41 114542.29 西部材料
002163 11.94 417177.16 海南发展
002168 3.04 85853.41 惠程科技
002170 5.37 423585.28 芭田股份
002179 78.91 123419.13 中航光电
002190 22.96 40638.53 成飞集成
002191 9.05 622244.31 劲嘉股份
002197 8.39 248413.02 证通电子
002198 5.01 53931.22 嘉应制药
002205 13.71 693702.25 国统股份
002207 6.73 473987.0 准油股份
002208 7.73 434052.0 合肥城建
002210 2.65 349836.0 飞马国际
002216 20.71 192002.34 三全食品
002218 3.95 181937.0 拓日新能
002242 15.55 138672.45 九阳股份
002246 8.38 219695.52 北化股份
002254 13.63 87906.82 泰和新材
002258 22.08 171002.84 利尔化学
002265 13.08 97971.0 西仪股份
002276 6.67 157750.61 万马股份
002280 3.56 1037707.38 联络互动
002291 13.54 332604.47 遥望科技
002301 5.69 84235.0 齐心集团
002312 10.5 197621.41 川发龙蟒
002318 15.63 106439.25 久立特材
002330 7.35 212517.0 得利斯
002341 3.19 122776.0 新纶新材
002344 4.17 213353.84 海宁皮城
002389 15.58 400296.0 航天彩虹
002390 4.79 207113.48 信邦制药
002410 48.06 101291.77 广联达
002421 2.78 299255.25 达实智能
002440 8.04 132507.31 闰土股份
002443 8.21 475956.84 金洲管道
002478 4.0 87213.34 常宝股份
002481 7.65 550964.75 双塔食品
002486 2.7 590227.94 嘉麟杰
002496 2.78 160400.81 辉丰股份
002513 4.31 158901.52 蓝丰生化
002533 6.32 105890.54 金杯电工
002537 7.59 818274.94 海联金汇
002538 7.87 241342.72 司尔特
002539 14.43 268831.53 云图控股
002544 19.48 164152.3 普天科技
002547 3.23 202698.23 春兴精工
002548 6.28 222498.77 金新农
002551 4.31 155693.0 尚荣医疗
002566 7.6 89949.0 益盛药业
002581 17.01 210464.91 未名医药
002584 7.8 341813.0 西陇科学
002589 3.74 600317.69 瑞康医药
002594 248.8 253258.8 比亚迪
002607 4.74 761011.06 中公教育
002610 2.88 1965818.75 爱康科技
002613 5.5 1552945.5 北玻股份
002615 4.87 70141.56 哈尔斯
002620 4.73 105314.5 瑞和股份
002623 19.59 21289.0 亚玛顿
002635 13.46 200109.05 安洁科技
002645 18.84 93667.18 华宏科技
002652 2.56 134709.62 扬子新材
002658 6.65 192060.59 雪迪龙
002659 3.81 267494.41 凯文教育
002663 1.73 172372.72 普邦股份
002679 9.61 32561.48 福建金森
002696 5.52 98630.1 百洋股份
002706 11.19 172315.23 良信股份
002732 18.35 23703.0 燕塘乳业
002757 11.92 121797.49 南兴股份
002758 12.86 125846.65 浙农股份
002760 18.72 15701.58 凤形股份
002768 22.49 33474.5 国恩股份
002773 13.94 93668.59 康弘药业
002803 11.21 116744.95 吉宏股份
002832 23.3 55859.96 比音勒芬
002848 7.82 130654.43 高斯贝尔
002871 8.9 24990.74 伟隆股份
002906 32.58 53567.52 华阳集团
002933 21.71 33393.47 新兴装备
002935 23.88 46377.61 天奥电子
002956 13.53 20277.84 西麦食品
002971 18.21 21265.0 和远气体
002981 21.9 10788.1 朝阳科技
002985 72.8 49456.3 北摩高科
002987 23.39 43492.37 京北方
002988 11.38 20453.36 豪美新材
002992 11.26 13176.31 宝明科技
002999 6.84 126024.84 天禾股份
300004 5.47 88068.48 南风股份
300030 6.57 34671.33 阳普医疗
300039 6.53 746328.88 上海凯宝
300061 7.58 310454.0 旗天科技
300062 10.24 255442.88 中能电气
300081 8.6 245244.2 恒信东方
300082 10.23 118775.24 奥克股份
300094 5.27 822869.75 国联水产
300095 9.96 69179.0 华伍股份
300106 8.31 76176.12 西部牧业
300128 3.01 167758.38 锦富技术
300151 16.52 90950.33 昌红科技
300163 3.21 172033.0 先锋新材
300189 4.69 889006.25 神农科技
300206 9.07 43511.32 理邦仪器
300234 5.92 129379.87 开尔新材
300240 10.6 693428.94 飞力达
300248 9.1 180092.14 新开普
300260 36.14 29827.48 新莱应材
300289 6.04 83728.0 利德曼
300298 15.73 45768.76 三诺生物
300305 10.88 44392.88 裕兴股份
300308 31.91 160540.27 中际旭创
300321 14.58 8940.41 同大股份
300327 59.98 52926.44 中颖电子
300332 8.6 166444.0 天壕环境
300349 9.74 61760.22 金卡智能
300351 9.03 59367.07 永贵电器
300354 24.44 8189.22 东华测试
300384 16.26 30182.13 三联虹普
300387 7.07 129514.07 富邦股份
300402 18.02 37460.99 宝色股份
300412 11.8 139791.09 迦南科技
300428 18.72 84136.39 立中集团
300437 19.64 153520.83 清水源
300439 11.62 88357.5 美康生物
300453 9.66 56507.24 三鑫医疗
300461 13.58 9612.3 田中精机
300477 6.07 277312.56 合纵科技
300479 17.89 120120.34 神思电子
300483 13.17 85706.2 首华燃气
300489 13.67 24493.94 光智科技
300531 12.52 81783.37 优博讯
300546 25.63 118675.28 雄帝科技
300547 11.94 52760.85 川环科技
300581 18.74 86370.52 晨曦航空
300584 34.45 54745.14 海辰药业
300589 16.97 26159.72 江龙船艇
300621 8.02 63620.52 维业股份
300642 20.59 23075.41 透景生命
300666 51.29 40941.39 江丰电子
300676 64.52 45328.04 华大基因
300685 48.5 24694.94 艾德生物
300709 34.36 53707.81 精研科技
300722 27.94 27229.26 新余国科
300729 16.23 48872.31 乐歌股份
300732 14.16 197020.8 设研院
300735 9.29 105535.99 光弘科技
300752 15.4 35930.25 隆利科技
300767 51.76 27004.7 震安科技
300773 18.63 133988.28 拉卡拉
300789 18.53 6618.4 唐源电气
300792 32.92 143093.86 壹网壹创
300810 16.66 11023.0 中科海讯
300815 20.19 15063.24 玉禾田
300833 72.54 8457.34 浩洋股份
300836 26.71 5244.97 佰奥智能
300843 16.85 9951.2 胜蓝股份
300848 17.04 15867.5 美瑞新材
300862 24.36 8565.73 蓝盾光电
300885 10.83 85484.84 海昌新材
300894 33.01 52952.52 火星人
300902 33.45 24001.47 国安达
300929 21.75 32011.1 华骐环保
300937 29.22 17329.05 药易购
300938 50.0 25031.35 信测标准
300941 27.88 23669.78 创识科技
300942 22.55 38943.9 易瑞生物
300950 22.06 7278.67 德固特
300951 65.83 7342.0 博硕科技
300952 18.14 64086.89 恒辉安防
300953 93.45 10950.83 震裕科技
300972 12.95 80282.86 万辰生物
300988 37.13 27203.89 津荣天宇
300989 42.37 18509.1 蕾奥规划
300990 68.0 5549.36 同飞股份
300992 19.19 26533.46 泰福泵业
301003 29.46 44459.12 江苏博云
301005 37.51 9123.0 超捷股份
301024 39.5 12765.96 霍普股份
301039 9.08 193026.36 中集车辆
301049 21.44 9980.43 超越科技
301052 33.4 12881.93 果麦文化
301059 15.18 10474.93 金三江
301092 23.25 17344.4 争光股份
301093 33.48 8821.9 华兰股份
301099 58.03 25562.24 雅创电子
301100 20.54 16961.64 风光股份
301103 36.91 37362.55 何氏眼科
301126 17.19 44604.31 达嘉维康
301128 26.75 5596.06 强瑞技术
301129 49.2 7528.68 瑞纳智能
301149 12.1 19958.0 隆华新材
301159 29.61 18765.59 三维天地
301167 36.39 56729.94 建研设计
301186 28.5 16372.29 超达装备
301188 15.51 17674.88 力诺特玻
301190 22.9 28796.03 善水科技
301196 35.05 10116.88 唯科科技
301213 41.38 15985.65 观想科技
301215 6.1 288272.19 中汽股份
301218 39.81 43490.8 华是科技
301237 34.01 15270.29 和顺科技
301248 29.95 60475.73 杰创智能
600009 51.3 185018.27 上海机场
600053 14.35 53466.35 九鼎投资
600055 21.29 127191.77 万东医疗
600072 11.03 121144.56 中船科技
600075 6.01 288893.44 新疆天业
600077 3.85 982036.19 宋都股份
600094 3.32 392684.88 大名城
600096 25.01 917736.31 云天化
600108 3.36 679379.0 亚盛集团
600127 7.93 384326.97 金健米业
600133 5.55 334187.0 东湖高新
600141 33.11 358162.78 兴发集团
600166 2.3 888015.94 福田汽车
600176 16.07 489399.5 中国巨石
600185 5.26 384568.47 格力地产
600199 26.98 601751.44 金种子酒
600251 9.31 300465.12 冠农股份
600272 8.78 87246.0 开开实业
600287 4.38 67289.92 江苏舜天
600305 10.95 172657.52 恒顺醋业
600310 3.82 222530.08 桂东电力
600318 6.79 717025.06 新力金融
600322 2.18 978022.12 天房发展
600328 18.84 271650.62 中盐化工
600329 20.04 68228.34 达仁堂
600330 8.62 234400.38 天通股份
600335 6.45 364394.19 国机汽车
600353 6.53 68651.86 旭光电子
600458 8.0 90455.52 时代新材
600466 1.82 1412762.38 蓝光发展
600467 2.56 422972.38 好当家
600478 5.38 277730.12 科力远
600505 7.4 69578.0 西昌电力
600510 8.99 408230.25 黑牡丹
600521 15.76 226880.23 华海药业
600540 4.62 182511.31 新赛股份
600575 3.11 452063.06 淮河能源
600577 4.35 449766.0 精达股份
600580 11.37 191290.81 卧龙电驱
600596 17.94 555310.69 新安股份
600597 11.66 276141.06 光明乳业
600603 4.16 893337.31 广汇物流
600618 11.28 228429.27 氯碱化工
600621 10.23 198577.86 华鑫股份
600629 7.36 147555.0 华建集团
600644 5.69 58779.04 乐山电力
600657 6.9 2156282.25 信达地产
600686 5.1 108138.29 金龙汽车
600692 5.77 145677.16 亚通股份
600706 10.08 245784.48 曲江文旅
600711 7.24 601524.62 盛屯矿业
600713 4.72 198644.0 南京医药
600737 7.4 248404.62 中粮糖业
600750 13.75 328163.62 江中药业
600753 11.62 76788.69 东方银星
600789 6.66 450364.88 鲁抗医药
600798 4.0 443430.22 宁波海运
600801 22.3 286303.06 华新水泥
600833 9.12 131413.02 第一医药
600838 8.32 694785.88 上海九百
600869 3.95 241896.91 远东股份
600879 6.04 435501.56 航天电子
600882 31.7 54754.01 妙可蓝多
600908 5.9 350496.94 无锡银行
600933 11.2 90816.59 爱柯迪
600967 8.91 225344.03 内蒙一机
600968 2.45 498310.38 海油发展
600970 8.14 250455.88 中材国际
600976 39.38 63149.61 健民集团
600993 20.82 74462.21 马应龙
