000425 5.68 1375045.5 徐工机械
000531 8.09 298838.84 穗恒运A
000533 4.92 1862580.0 顺钠股份
000544 8.42 1172428.62 中原环保
000679 4.45 46735.51 大连友谊
000720 5.95 145791.11 新能泰山
000900 4.77 603132.88 现代投资
002034 22.05 122364.73 旺能环境
002252 6.04 661070.31 上海莱士
002323 4.4 1337079.62 雅博股份
002325 2.32 818888.38 洪涛股份
002340 9.58 3089804.5 格林美
002346 14.87 174410.08 柘中股份
002363 7.58 234874.3 隆基机械
002547 7.53 4814508.5 春兴精工
002573 6.62 258363.59 清新环境
002610 4.09 4273512.5 爱康科技
002638 2.44 355941.53 勤上股份
002660 8.98 271486.25 茂硕电源
002729 45.48 17096.0 好利科技
002943 60.4 110821.18 宇晶股份
300097 6.85 151822.2 智云股份
300172 5.46 388565.16 中电环保
300190 5.09 125819.14 维尔利
300449 5.76 150086.23 汉邦高科
300548 21.06 47095.97 博创科技
300565 23.24 314014.88 科信技术
300570 19.0 73152.74 太辰光
300657 15.5 152675.47 弘信电子
300756 15.3 16079.95 金马游乐
300831 14.14 158272.19 派瑞股份
300837 42.04 18694.39 浙矿股份
300842 73.5 87150.71 帝科股份
300893 25.64 98443.4 松原股份
301181 33.1 22777.65 标榜股份
600150 23.36 997441.19 中国船舶
600257 5.66 583250.56 大湖股份
600292 6.68 221624.34 远达环保
600579 7.37 133775.3 克劳斯
600898 7.03 330967.06 国美通讯
