000059 5.98 179027.7 华锦股份
000510 6.42 193746.16 新金路
000533 4.72 556876.88 顺钠股份
000545 5.18 1222064.12 金浦钛业
000554 5.5 136701.09 泰山石油
000565 7.62 312842.25 渝三峡A
000584 7.62 538143.81 哈工智能
000622 5.23 411863.69 恒立实业
000635 10.59 237580.27 英力特
000738 29.96 280987.91 航发控制
000811 10.93 158106.0 冰轮环境
000913 22.59 138957.08 钱江摩托
000983 12.08 1079995.38 山西焦煤
002011 18.54 325829.06 盾安环境
002013 12.08 510803.31 中航机电
002017 13.29 118398.81 东信和平
002045 9.75 285115.09 国光电器
002121 8.88 1184966.75 科陆电子
002126 16.0 528107.62 银轮股份
002130 6.77 523572.69 沃尔核材
002172 4.13 303345.0 澳洋健康
002184 12.98 141491.84 海得控制
002196 10.85 130503.79 方正电机
002218 6.14 870462.62 拓日新能
002225 4.86 293817.0 濮耐股份
002267 8.09 215749.31 陕天然气
002291 17.87 232148.22 遥望科技
002307 6.39 342325.75 北新路桥
002312 14.36 296923.53 川发龙蟒
002318 18.99 132532.12 久立特材
002331 8.28 396484.72 皖通科技
002337 5.82 679443.06 赛象科技
002353 38.55 87938.66 杰瑞股份
002434 10.02 310611.91 万里扬
002444 23.01 367644.12 巨星科技
002467 4.46 516863.91 二六三
002527 8.55 281383.91 新时达
002549 17.58 135928.77 凯美特气
002577 12.7 40522.0 雷柏科技
002610 3.83 2161573.5 爱康科技
002611 5.44 787303.75 东方精工
002612 30.5 188443.69 朗姿股份
002615 7.04 55316.21 哈尔斯
002633 10.76 50378.0 申科股份
002654 4.52 690145.12 万润科技
002660 8.86 148572.0 茂硕电源
002694 5.65 171132.8 顾地科技
002765 10.17 269928.0 蓝黛科技
002800 16.46 36435.4 天顺股份
002802 15.15 16753.3 洪汇新材
002829 34.66 45532.0 星网宇达
002838 28.4 156585.61 道恩股份
002852 14.92 101126.6 道道全
002855 9.36 34704.7 捷荣技术
002876 53.56 80082.11 三利谱
002883 10.29 65377.49 中设股份
002890 21.18 20372.2 弘宇股份
002892 17.31 168628.08 科力尔
002909 11.39 439385.03 集泰股份
002915 18.68 109443.5 中欣氟材
002917 11.03 302319.12 金奥博
002922 19.79 160901.75 伊戈尔
002937 23.66 80863.24 兴瑞科技
002952 16.41 63423.0 亚世光电
002953 13.22 111019.48 日丰股份
002988 16.58 54118.0 豪美新材
300024 11.0 545900.44 机器人
300048 6.66 244634.05 合康新能
300066 6.54 271499.53 三川智慧
300073 98.57 128902.09 当升科技
300091 4.57 368792.16 金通灵
300097 7.0 151316.59 智云股份
300118 33.88 605590.06 东方日升
300153 9.26 253414.41 科泰电源
300157 3.86 282457.19 恒泰艾普
300160 8.77 313087.12 秀强股份
300169 5.3 60740.05 天晟新材
300191 21.51 38754.03 潜能恒信
300263 9.74 567600.25 隆华科技
300276 4.48 305715.16 三丰智能
300305 15.2 71754.17 裕兴股份
300317 6.6 254171.94 珈伟新能
300335 5.28 88744.05 迪森股份
300343 16.4 677894.25 联创股份
300364 9.71 244800.69 中文在线
300393 19.55 1381342.38 中来股份
300410 9.53 45923.53 正业科技
300415 22.12 304577.44 伊之密
300444 5.79 256876.5 双杰电气
300455 9.71 240392.88 康拓红外
300472 12.11 167137.08 新元科技
300517 13.44 19100.4 海波重科
300536 16.14 55155.79 农尚环境
300539 10.4 139106.27 横河精密
300543 11.67 97996.43 朗科智能
300545 20.94 78922.96 联得装备
300552 31.43 147324.2 万集科技
300563 13.42 62041.7 神宇股份
300566 20.19 119539.13 激智科技
300594 18.34 12450.0 朗进科技
300602 17.98 146589.8 飞荣达
300610 20.98 112215.52 晨化股份
300618 56.49 66072.28 寒锐钴业
300644 17.55 30728.72 南京聚隆
300647 11.17 100277.87 超频三
300690 24.0 77720.09 双一科技
300711 13.06 45391.14 广哈通信
300716 9.89 48104.3 国立科技
300721 36.9 29396.64 怡达股份
300726 57.69 56423.57 宏达电子
300743 12.35 44647.5 天地数码
300772 23.42 234159.05 运达股份
300781 19.54 40079.37 因赛集团
300786 18.49 121167.8 国林科技
300821 18.09 348987.91 东岳硅材
300827 62.96 145475.27 上能电气
300835 37.72 40807.0 龙磁科技
300836 26.48 15835.4 佰奥智能
300839 14.42 23738.85 博汇股份
300842 82.92 62123.02 帝科股份
300843 24.91 31384.19 胜蓝股份
300845 14.66 18761.08 捷安高科
300850 91.01 53371.97 新强联
300856 47.73 13707.53 科思股份
300861 76.55 26915.46 美畅股份
300879 21.64 38123.32 大叶股份
300884 11.22 70402.0 狄耐克
300907 22.6 15728.5 康平科技
300912 18.4 31257.08 凯龙高科
300913 18.27 57575.88 兆龙互连
300950 17.97 41232.05 德固特
300953 132.34 10102.45 震裕科技
300956 17.76 17370.85 英力股份
300961 14.08 41668.3 深水海纳
300966 28.82 35080.79 共同药业
300991 15.4 76750.62 创益通
301002 26.08 17679.06 崧盛股份
301003 30.85 31723.92 江苏博云
301013 12.48 98653.91 利和兴
301015 23.7 42788.81 百洋医药
301028 11.15 46033.67 东亚机械
301033 39.8 4121.51 迈普医学
301046 43.2 49860.13 能辉科技
301061 29.99 22662.93 匠心家居
301063 29.85 18436.19 海锅股份
301067 43.06 6027.3 显盈科技
301069 46.75 45720.31 凯盛新材
301076 27.96 23776.5 新瀚新材
301079 26.39 42420.7 邵阳液压
301082 22.04 50720.87 久盛电气
301091 28.0 98497.19 深城交
301120 27.61 182127.84 新特电气
301137 18.79 88630.69 哈焊华通
301160 53.71 26316.02 翔楼新材
301168 66.09 26284.79 通灵股份
301179 48.02 31939.41 泽宇智能
301193 27.44 12741.74 家联科技
301213 46.46 31815.72 观想科技
301221 75.21 25017.04 光庭信息
301229 41.26 56529.92 纽泰格
301257 69.62 18175.19 普蕊斯
301288 24.98 30695.88 清研环境
600096 27.45 868767.38 云天化
600105 4.12 790479.81 永鼎股份
600141 38.45 304407.12 兴发集团
600149 5.94 145141.0 廊坊发展
600152 9.09 294157.31 维科技术
600198 7.23 317853.5 大唐电信
600316 28.78 194916.47 洪都航空
600328 19.85 174930.91 中盐化工
600348 21.02 947569.44 华阳股份
600354 6.25 334232.0 敦煌种业
600363 29.15 148806.73 联创光电
600367 26.85 228662.38 红星发展
600379 11.88 151692.41 宝光股份
600405 6.72 411483.25 动力源
600478 8.91 634011.75 科力远
600481 17.55 419077.94 双良节能
600487 16.3 704389.25 亨通光电
600549 28.02 245853.02 厦门钨业
600596 20.14 517619.16 新安股份
600610 17.46 79235.84 中毅达
600617 5.18 258010.23 国新能源
600685 22.0 156945.34 中船防务
600733 7.9 850842.69 北汽蓝谷
600758 4.22 268389.22 辽宁能源
600760 67.02 252605.83 中航沈飞
600780 6.01 271691.5 通宝能源
600818 20.86 30925.11 中路股份
600862 27.76 203984.73 中航高科
600893 54.6 466159.88 航发动力
600916 15.5 400579.41 中国黄金
600971 7.35 175277.47 恒源煤电
600995 18.31 384853.34 南网储能
