000516 11.55 350873.41 国际医学
000548 5.45 751529.75 湖南投资
000679 6.27 468586.81 大连友谊
000702 5.8 103788.0 正虹科技
000755 6.63 962993.94 山西路桥
000799 140.08 120944.8 酒鬼酒
000833 7.0 233033.81 粤桂股份
002043 11.02 254238.56 兔宝宝
002083 5.09 201066.02 孚日股份
002096 14.8 370989.03 南岭民爆
002271 34.45 340913.25 东方雨虹
002330 7.69 1050142.75 得利斯
002435 5.52 583694.69 长江健康
002507 26.02 112349.24 涪陵榨菜
002555 17.06 270175.16 三七互娱
002646 15.37 144806.81 天佑德酒
002707 10.58 951243.94 众信旅游
002762 8.48 340561.28 金发拉比
002867 14.59 112438.03 周大生
002918 20.64 59756.8 蒙娜丽莎
002982 44.07 41721.93 湘佳股份
300013 5.4 470956.0 新宁物流
300226 27.6 168050.78 上海钢联
300329 7.17 171763.0 海伦钢琴
300347 95.0 66105.11 泰格医药
300454 107.64 27525.13 深信服
300577 16.49 17888.4 开润股份
300662 49.2 19843.18 科锐国际
300688 17.12 114903.3 创业黑马
300740 14.35 219241.05 水羊股份
300759 60.38 118266.65 康龙化成
300892 29.77 61489.81 品渥食品
300896 546.81 26387.8 爱美客
300898 25.8 124707.37 熊猫乳品
300911 46.3 19889.37 亿田智能
300918 10.52 130686.52 南山智尚
300989 21.4 17941.28 蕾奥规划
300993 14.06 94824.88 玉马遮阳
301103 29.5 19609.45 何氏眼科
301177 55.24 17721.57 迪阿股份
301267 70.21 45589.17 华厦眼科
600238 16.19 832575.12 海南椰岛
600559 27.86 382150.62 老白干酒
600573 11.02 83342.0 惠泉啤酒
600616 6.62 239569.73 金枫酒业
600702 161.42 59836.05 舍得酒业
600737 7.3 780888.19 中粮糖业
600763 149.22 52267.29 通策医疗
600769 8.53 67502.0 祥龙电业
600882 32.61 85178.75 妙可蓝多
600961 7.56 148161.05 株冶集团
600965 8.25 342700.59 福成股份
600966 8.99 219596.31 博汇纸业
600975 7.15 317477.44 新五丰
