000045 9.13 314505.59 深纺织A
000520 3.59 619879.06 长航凤凰
000524 10.35 113329.44 岭南控股
000558 3.07 614669.06 莱茵体育
000638 5.93 68761.05 万方发展
000670 9.8 1263779.62 盈方微
000715 5.51 222356.16 中兴商业
000733 128.38 75245.08 振华科技
000929 10.01 398527.72 兰州黄河
002111 9.13 152317.88 威海广泰
002149 17.42 256469.23 西部材料
002168 4.3 394772.91 惠程科技
002171 10.79 432549.0 楚江新材
002229 7.48 147846.34 鸿博股份
002240 55.3 366190.28 盛新锂能
002371 326.41 69290.06 北方华创
002380 14.59 163701.66 科远智慧
002389 21.86 761998.62 航天彩虹
002397 5.8 246836.8 梦洁股份
002629 4.55 767185.75 仁智股份
002644 9.45 87267.0 佛慈制药
002697 5.26 837562.5 红旗连锁
002716 3.04 1635307.38 金贵银业
002778 13.66 26044.0 中晟高科
002797 6.54 2492485.5 第一创业
002805 56.16 182607.73 丰元股份
002870 30.95 11929.03 香山股份
002992 37.55 77909.03 宝明科技
300034 50.93 87170.6 钢研高纳
300052 20.99 210461.31 中青宝
300101 29.29 238759.34 振芯科技
300164 5.06 688671.12 通源石油
300167 5.67 127876.0 迪威迅
300395 62.7 53728.22 菲利华
300454 109.8 32741.92 深信服
300474 57.46 78025.57 景嘉微
300553 42.83 12410.0 集智股份
300566 25.15 107989.71 激智科技
300593 47.95 47153.55 新雷能
300654 10.5 50756.55 世纪天鸿
300672 80.56 93101.02 国科微
300699 90.0 75917.5 光威复材
300727 32.42 67995.5 润禾材料
300782 100.65 110019.98 卓胜微
300786 16.08 46449.2 国林科技
300799 82.5 20014.82 左江科技
300808 14.79 96690.44 久量股份
300838 17.64 107668.5 浙江力诺
300937 27.88 15725.36 药易购
301038 17.18 44409.13 深水规院
301072 27.6 18256.1 中捷精工
301076 28.47 14471.3 新瀚新材
301158 21.14 69705.92 德石股份
301282 35.6 56629.61 金禄电子
301296 16.26 74584.42 新巨丰
301308 62.82 32905.19 江波龙
301338 59.72 20194.31 凯格精机
600187 2.93 617389.94 国中水务
600416 23.43 111048.81 湘电股份
600501 13.26 178444.05 航天晨光
600536 40.96 175396.81 中国软件
600539 7.15 49908.0 狮头股份
600573 10.5 181012.02 惠泉啤酒
600686 6.97 460152.03 金龙汽车
600712 4.34 525310.25 南宁百货
600764 24.78 82557.95 中国海防
600765 33.08 260680.03 中航重机
600770 9.35 315859.44 综艺股份
600785 15.94 113106.21 新华百货
600819 5.56 269876.0 耀皮玻璃
600828 3.96 408473.88 茂业商业
600838 7.15 263498.28 上海九百
600938 16.69 772761.12 中国海油
600987 6.81 190702.84 航民股份
600996 13.24 1620566.75 贵广网络
