000002 17.85 1438224.0 万科A
000011 10.48 93309.53 深物业A
000014 9.27 463103.91 沙河股份
000040 4.43 1317233.88 东旭蓝天
000046 1.38 890724.0 泛海控股
000059 7.85 422832.0 华锦股份
000060 4.49 627428.12 中金岭南
000422 18.76 299731.16 湖北宜化
000426 6.61 154352.09 兴业矿业
000514 4.54 649666.19 渝开发
000519 31.13 291240.28 中兵红箭
000520 3.67 449079.03 长航凤凰
000537 15.5 331101.88 广宇发展
000539 4.9 388261.0 粤电力A
000543 5.31 478382.72 皖能电力
000545 4.45 214718.7 金浦钛业
000551 11.53 382577.47 创元科技
000560 2.69 333043.25 我爱我家
000570 5.12 77767.5 苏常柴A
000589 5.13 248105.95 贵州轮胎
000591 8.13 510570.16 太阳能
000600 5.12 333129.81 建投能源
000609 6.33 166917.58 中迪投资
000612 6.04 137704.77 焦作万方
000629 5.7 1919731.88 钒钛股份
000635 10.97 229276.19 英力特
000656 2.58 1796035.62 金科股份
000671 2.24 2454589.25 阳光城
000682 8.16 229253.45 东方电子
000690 5.44 318663.47 宝新能源
000691 4.92 121058.0 亚太实业
000707 11.3 245713.09 双环科技
000716 5.51 2158183.0 黑芝麻
000719 8.5 114809.65 中原传媒
000736 13.65 950944.5 中交地产
000751 3.42 166492.59 锌业股份
000758 5.02 367815.75 中色股份
000762 49.04 208458.27 西藏矿业
000776 16.76 952977.94 广发证券
000782 5.86 296884.03 美达股份
000812 6.84 537009.25 陕西金叶
000822 9.63 468809.09 山东海化
000830 14.43 464040.62 鲁西化工
000859 6.51 369946.12 国风新材
000862 6.89 158393.02 银星能源
000875 6.81 628147.94 吉电股份
000918 2.44 544008.25 嘉凯城
000926 4.59 262584.59 福星股份
000933 17.46 674115.38 神火股份
000961 2.77 757732.56 中南建设
000962 10.1 94758.12 东方钽业
000965 5.25 1418927.88 天保基建
000973 5.08 153270.61 佛塑科技
000983 13.7 846238.5 山西焦煤
002002 4.52 3576756.25 鸿达兴业
002016 6.3 80080.2 世荣兆业
002026 12.19 106882.7 山东威达
002045 13.22 659329.62 国光电器
002064 7.79 268878.44 华峰化学
002074 34.68 297577.25 国轩高科
002090 13.61 387918.31 金智科技
002091 9.65 294470.62 江苏国泰
002092 7.8 918109.38 中泰化学
002129 49.8 451230.88 TCL中环
002136 15.14 83057.25 安纳达
002150 8.49 111229.5 通润装备
002155 12.45 143054.3 湖南黄金
002164 6.55 118195.0 宁波东力
002167 6.96 156776.06 东方锆业
002169 9.56 889328.56 智光电气
002176 22.16 548438.5 江特电机
002192 118.9 94459.32 融捷股份
002246 9.4 331594.47 北化股份
002272 7.8 690131.25 川润股份
002274 9.56 235482.22 华昌化工
002284 9.09 115627.0 亚太股份
002312 12.51 235630.77 川发龙蟒
002314 4.01 392464.88 南山控股
002347 4.91 150079.0 泰尔股份
002350 9.28 467810.19 北京科锐
002360 8.19 151459.34 同德化工
002393 21.96 35219.0 力生制药
002407 41.28 186152.08 多氟多
002455 11.41 178934.59 百川股份
002466 110.77 588595.38 天齐锂业
002469 8.24 963990.56 三维化学
002487 49.95 262570.28 大金重工
002497 28.63 284958.47 雅化集团
002506 3.76 878081.75 协鑫集成
002531 14.44 369410.91 天顺风能
002546 4.21 198276.23 新联电子
002560 6.86 129964.62 通达股份
002564 5.43 260592.02 天沃科技
002578 4.59 115201.04 闽发铝业
002601 17.63 197523.45 龙佰集团
002617 11.98 435694.56 露笑科技
002626 22.4 84980.55 金达威
002709 48.26 336171.25 天赐材料
002748 13.43 33424.0 世龙实业
002759 21.5 59367.83 天际股份
002768 33.91 73198.73 国恩股份
002838 23.18 63593.86 道恩股份
002895 27.6 73718.55 川恒股份
002911 15.07 358960.75 佛燃能源
002920 154.01 72395.37 德赛西威
002976 23.5 28508.0 瑞玛精密
002978 37.84 16229.98 安宁股份
300022 5.02 102985.5 吉峰科技
300059 22.37 1414989.75 东方财富
300095 10.57 67200.08 华伍股份
300111 3.26 134825.0 向日葵
300118 29.94 390805.75 东方日升
300140 7.22 72046.49 中环装备
300153 7.94 84441.0 科泰电源
300207 28.16 309700.97 欣旺达
300214 7.62 48522.0 日科化学
300243 9.74 20074.41 瑞丰高材
300274 122.59 362889.56 阳光电源
300316 77.91 138487.81 晶盛机电
300340 12.99 61753.0 科恒股份
300350 5.86 56060.2 华鹏飞
300394 31.96 45827.89 天孚通信
300405 6.21 91053.82 科隆股份
300422 6.46 75459.16 博世科
300424 12.37 97407.89 航新科技
300443 42.78 73340.04 金雷股份
300496 125.49 58287.62 中科创达
300505 26.95 125164.4 川金诺
300511 7.5 150036.38 雪榕生物
300520 21.05 95134.84 科大国创
300575 17.76 36459.6 中旗股份
300690 20.38 40654.69 双一科技
300712 54.01 44735.21 永福股份
300733 29.26 24706.0 西菱动力
300763 253.22 53905.92 锦浪科技
300776 211.04 35713.78 帝尔激光
300801 25.58 36701.24 泰和科技
300802 22.21 67758.5 矩子科技
300825 14.5 56237.36 阿尔特
300827 58.18 146022.69 上能电气
300850 76.32 64217.54 新强联
300900 28.25 25259.35 广联航空
300917 24.2 73793.91 特发服务
300969 92.56 16403.77 恒帅股份
300982 50.4 12049.76 苏文电能
301031 174.8 6821.21 中熔电气
301039 8.76 96608.45 中集车辆
301106 33.4 5751.0 骏成科技
301118 41.12 16081.94 恒光股份
301120 25.47 112082.1 新特电气
301150 83.45 9811.34 中一科技
301155 100.38 35123.93 海力风电
301212 39.73 69334.75 联盛化学
301256 9.69 79223.41 华融化学
301268 57.79 37992.11 铭利达
301278 101.01 25469.23 快可电子
600009 57.09 112165.31 上海机场
600011 8.89 1295660.38 华能国际
600026 17.53 880824.62 中远海能
600032 13.56 73977.51 浙江新能
600063 8.56 588800.44 皖维高新
600077 3.67 667130.62 宋都股份
600089 25.5 946230.19 特变电工
600095 7.58 396150.38 湘财股份
600096 26.38 906807.06 云天化
600101 9.5 197369.3 明星电力
600153 13.85 551949.56 建发股份
600159 3.1 280786.0 大龙地产
600173 6.09 153936.7 卧龙地产
600207 7.59 119807.0 安彩高科
600210 5.34 152137.77 紫江企业
600227 3.45 167208.48 圣济堂
600251 10.07 131995.38 冠农股份
600273 10.76 278122.56 嘉化能源
600277 5.24 987723.31 亿利洁能
600295 18.04 128528.85 鄂尔多斯
600310 3.59 213163.06 桂东电力
600312 7.88 168008.77 平高电气
600328 18.6 161408.34 中盐化工
600330 12.34 274104.12 天通股份
600331 3.18 323720.03 宏达股份
600338 29.45 330124.06 西藏珠峰
600340 2.94 501593.31 华夏幸福
600366 12.35 183351.17 宁波韵升
600379 12.58 137373.81 宝光股份
600383 11.95 530772.75 金地集团
600386 5.0 531891.19 北巴传媒
600403 5.65 461200.0 大有能源
600405 6.93 765195.25 动力源
600409 7.17 575909.88 三友化工
600423 4.0 119376.5 柳化股份
600466 1.48 1470181.25 蓝光发展
600469 5.59 96783.24 风神股份
600477 5.21 960571.5 杭萧钢构
600481 16.81 246063.89 双良节能
600491 6.64 318632.84 龙元建设
600503 3.11 302060.06 华丽家族
600517 5.67 223221.5 国网英大
600522 25.2 695726.56 中天科技
600549 26.39 172855.59 厦门钨业
600580 13.95 231568.69 卧龙电驱
600582 5.34 617186.81 天地科技
600590 6.96 142487.2 泰豪科技
600622 3.44 727111.69 光大嘉宝
600657 5.64 594139.62 信达地产
600658 5.15 140237.44 电子城
600686 6.4 162960.48 金龙汽车
600691 4.1 492455.84 阳煤化工
600710 6.86 176157.02 苏美达
600738 7.1 98883.18 丽尚国潮
600740 6.77 695952.19 山西焦化
600748 3.62 266447.41 上实发展
600753 13.23 47715.2 东方银星
600775 10.6 241768.69 南京熊猫
600780 6.59 166471.0 通宝能源
600810 9.17 276930.38 神马股份
600819 5.44 169621.52 耀皮玻璃
600876 23.18 64960.82 洛阳玻璃
600888 9.27 274796.69 新疆众和
600893 47.14 243003.06 航发动力
600988 21.0 281772.31 赤峰黄金
