000428 4.3 466409.62 华天酒店 4.62
000430 6.5 109584.0 张家界 2.36
000553 11.85 161874.98 安道麦A 2.42
000635 10.8 303224.72 英力特 4.65
000721 4.55 244474.0 西安饮食 2.94
002063 7.08 657985.44 远光软件 3.36
002227 16.89 179784.69 奥特迅 2.36
002274 10.02 522770.88 华昌化工 5.14
002434 11.46 1053157.38 万里扬 3.99
002783 11.04 333120.38 凯龙股份 4.74
002811 9.28 118734.98 郑中设计 4.27
002946 11.43 47534.23 新乳业 2.05
300152 4.03 509495.47 新动力 3.33
300387 7.51 211615.42 富邦股份 2.46
300435 19.12 389910.72 中泰股份 7.29
300973 83.3 20825.08 立高食品 3.63
600277 5.44 1878645.88 亿利洁能 3.42
600512 2.87 276864.31 腾达建设 2.13
600529 28.07 50344.07 山东药玻 1.34
600860 18.97 349080.06 京城股份 3.27
