000034 14.97 144328.06 神州数码 5.35
000039 12.91 195934.09 中集集团 0.23
000411 11.92 47841.34 英特集团 1.88
000665 8.03 1624694.12 湖北广电 3.75
000710 13.79 187697.72 贝瑞基因 2.83
000931 5.94 76348.64 中关村 1.02
000985 15.34 53518.0 大庆华科 2.0
002030 19.46 648643.81 达安基因 1.51
002197 8.44 302433.0 证通电子 0.6
002246 8.4 272161.31 北化股份 0.24
002265 13.24 109613.03 西仪股份 1.22
002280 3.68 1316353.0 联络互动 3.37
002291 13.77 346353.53 遥望科技 1.7
002330 7.42 234295.2 得利斯 0.95
002421 2.87 428005.41 达实智能 3.24
002537 7.61 860533.75 海联金汇 0.26
002538 7.95 257771.08 司尔特 1.02
002566 7.68 109434.0 益盛药业 1.05
002584 7.9 402117.53 西陇科学 1.28
002757 12.03 134501.44 南兴股份 0.92
002832 23.75 67446.13 比音勒芬 1.93
002959 52.08 51198.13 小熊电器 1.64
002981 22.25 11052.58 朝阳科技 1.6
002987 23.57 46459.51 京北方 0.77
002992 11.43 13790.42 宝明科技 1.51
300030 6.86 81284.0 阳普医疗 4.41
300240 10.7 724478.94 飞力达 0.94
300260 37.8 32635.72 新莱应材 4.59
300354 25.24 8692.66 东华测试 3.27
300384 16.38 37423.55 三联虹普 0.74
300387 7.11 174175.92 富邦股份 0.57
300412 11.97 192024.0 迦南科技 1.44
300439 11.81 100151.78 美康生物 1.64
300479 18.07 151640.84 神思电子 1.01
300483 13.25 100593.2 首华燃气 0.61
300531 12.94 136625.48 优博讯 3.35
300546 25.82 129390.06 雄帝科技 0.74
300676 66.46 59678.63 华大基因 3.01
300773 18.72 136995.11 拉卡拉 0.48
300937 29.43 18323.55 药易购 0.72
300941 27.99 33814.6 创识科技 0.4
300942 22.76 44712.82 易瑞生物 0.93
300988 38.8 62186.15 津荣天宇 4.5
300992 19.82 26792.36 泰福泵业 3.28
301128 27.85 17041.16 强瑞技术 4.11
301159 30.73 25894.49 三维天地 3.78
301213 41.94 17200.66 观想科技 1.35
301218 42.01 67766.02 华是科技 5.53
301226 34.5 60155.44 祥明智能 5.93
301248 32.3 100473.72 杰创智能 7.85
301263 24.21 147317.23 泰恩康 2.07
600318 6.93 759530.06 新力金融 2.06
600346 23.72 985725.5 恒力石化 6.7
600466 1.89 1934535.12 蓝光发展 3.85
600521 15.94 309732.81 华海药业 1.14
600609 5.08 87892.42 金杯汽车 1.2
600833 9.31 168612.02 第一医药 2.08
600901 5.11 258028.98 江苏金租 0.2
600929 7.18 187788.48 雪天盐业 0.7
600976 42.3 79678.81 健民集团 7.42
