000625 14.08 4130361.25 长安汽车
000723 11.55 2111135.0 美锦能源
000757 4.3 480465.25 浩物股份
000762 43.63 840905.62 西藏矿业
000797 4.01 2166838.75 中国武夷
002145 10.47 613306.62 中核钛白
002476 5.99 572908.62 宝莫股份
002514 4.28 434860.97 宝馨科技
002518 21.9 285953.72 科士达
002931 10.13 95770.45 锋龙股份
002959 58.9 28044.74 小熊电器
300781 19.03 101873.65 因赛集团
300786 13.77 123892.13 国林科技
300990 86.22 14781.22 同飞股份
301155 66.1 116619.7 海力风电
600037 9.35 648490.69 歌华有线
600121 4.25 635716.19 郑州煤电
600313 13.98 2871594.75 农发种业
600348 11.79 1043807.94 华阳股份
600552 8.69 353863.06 凯盛科技
600630 6.11 726937.81 龙头股份
600766 7.54 68505.31 园城黄金
600791 5.11 791789.0 京能置业
