000338 12.65 1486572.0 潍柴动力
000411 12.76 64728.39 英特集团
000423 33.22 133877.75 东阿阿胶
000504 15.8 40397.94 南华生物
000657 16.21 456614.69 中钨高新
000668 11.45 34968.23 荣丰控股
000676 5.49 296485.06 智度股份
000680 5.07 916160.38 山推股份
000728 6.29 810260.5 国元证券
000729 8.02 331600.53 燕京啤酒
000757 4.1 215417.8 浩物股份
000762 48.79 405448.0 西藏矿业
000811 9.89 102871.27 冰轮环境
000812 5.87 922130.25 陕西金叶
000821 11.34 541434.38 京山轻机
000823 9.73 139537.92 超声电子
000831 32.5 597952.75 中国稀土
000836 2.71 342042.81 富通信息
000887 17.72 670807.38 中鼎股份
000913 18.0 119175.72 钱江摩托
000915 46.88 48406.01 华特达因
000962 10.75 135407.28 东方钽业
000963 42.1 175823.91 华东医药
000988 21.2 208954.48 华工科技
002031 1.89 577400.81 巨轮智能
002044 5.16 802170.38 美年健康
002046 13.1 89936.89 国机精工
002055 11.4 96628.43 得润电子
002097 6.87 516319.88 山河智能
002108 5.71 1204365.0 沧州明珠
002121 7.99 2506492.25 科陆电子
002158 18.06 124939.27 汉钟精机
002167 7.33 188644.95 东方锆业
002175 3.19 411017.69 东方智造
002182 21.65 592484.19 云海金属
002184 10.65 60063.09 海得控制
002191 9.97 839851.06 劲嘉股份
002198 5.39 61992.23 嘉应制药
002213 13.92 98332.19 大为股份
002217 3.24 1957337.12 合力泰
002227 13.83 103107.24 奥特迅
002232 14.26 327049.47 启明信息
002239 2.68 924097.62 奥特佳
002248 7.25 107662.0 华东数控
002256 3.08 1570649.88 兆新股份
002258 24.8 162933.62 利尔化学
002266 4.71 617498.56 浙富控股
002268 38.15 260890.73 电科网安
002276 7.41 211787.2 万马股份
002277 4.38 853162.5 友阿股份
002308 3.71 108910.22 威创股份
002324 12.16 189422.62 普利特
002334 5.84 199919.95 英威腾
002340 8.34 1676054.12 格林美
002344 4.53 164796.0 海宁皮城
002360 7.22 77632.53 同德化工
002400 5.25 1439388.5 省广集团
002402 17.94 221549.28 和而泰
002428 11.5 134918.23 云南锗业
002436 9.78 479601.72 兴森科技
002442 5.41 97231.0 龙星化工
002452 6.54 154917.0 长高电新
002454 6.33 110341.0 松芝股份
002455 11.88 459158.53 百川股份
002460 137.0 398082.88 赣锋锂业
002481 9.28 539533.25 双塔食品
002488 6.27 273204.12 金固股份
002489 4.24 1234225.12 浙江永强
002510 3.97 577959.44 天汽模
002511 11.45 248747.44 中顺洁柔
002514 5.37 645152.88 宝馨科技
002531 14.3 600115.94 天顺风能
002533 7.28 158516.12 金杯电工
002536 6.15 111959.0 飞龙股份
002537 8.11 1205162.75 海联金汇
002547 3.63 220288.41 春兴精工
002549 16.1 353904.47 凯美特气
002576 12.1 102309.8 通达动力
002607 6.01 1667620.5 中公教育
002621 3.83 223947.14 美吉姆
002633 9.0 27565.0 申科股份
002637 17.4 96643.05 赞宇科技
002639 10.53 830196.62 雪人股份
002644 9.82 108043.02 佛慈制药
002659 4.41 382108.0 凯文教育
002664 15.35 126106.19 信质集团
002666 4.9 118946.0 德联集团
002691 5.2 48946.02 冀凯股份
002722 14.1 20833.0 物产金轮
002726 10.34 129032.48 龙大美食
002733 14.29 77011.62 雄韬股份
002741 17.59 40034.47 光华科技
002756 138.3 87146.61 永兴材料
002759 25.15 236645.59 天际股份
002765 8.74 476871.88 蓝黛科技
002783 8.82 93875.26 凯龙股份
002793 8.01 80445.09 罗欣药业
002805 36.86 144727.95 丰元股份
002806 12.1 120159.46 华锋股份
002819 24.23 31105.91 东方中科
002825 10.7 63078.56 纳尔股份
002838 19.13 148342.45 道恩股份
002915 18.59 188377.64 中欣氟材
002935 29.2 31855.58 天奥电子
002947 17.88 32720.56 恒铭达
002951 8.24 50723.0 金时科技
002957 16.9 119560.08 科瑞技术
002970 26.15 15547.0 锐明技术
002988 13.74 55001.3 豪美新材
002996 14.38 168436.0 顺博合金
300007 16.28 142592.88 汉威科技
300009 9.37 201746.56 安科生物
300013 4.97 479258.53 新宁物流
300014 99.58 338933.69 亿纬锂能
300018 5.6 79615.0 中元股份
300024 8.47 212431.69 机器人
300037 46.45 262258.69 新宙邦
300056 6.24 187776.05 中创环保
300057 8.84 151958.06 万顺新材
300061 8.2 515468.75 旗天科技
300062 6.99 346082.81 中能电气
300065 13.68 360778.72 海兰信
300068 13.78 226760.91 南都电源
300073 83.4 169892.06 当升科技
300075 17.78 300486.0 数字政通
300082 11.75 214591.7 奥克股份
300083 10.48 303395.62 创世纪
300088 7.06 1066666.5 长信科技
300092 10.31 134450.66 科新机电
300093 36.47 67823.91 金刚光伏
300100 9.3 257445.02 双林股份
300101 19.57 221840.08 振芯科技
300109 14.67 32468.66 新开源
300121 10.75 52961.5 阳谷华泰
300125 16.6 51331.0 聆达股份
300127 18.5 118598.11 银河磁体
300130 14.11 188349.78 新国都
300136 15.85 274486.0 信维通信
300139 8.41 175268.52 晓程科技
300141 9.25 82167.0 和顺电气
300148 3.34 371134.72 天舟文化
300151 16.77 84709.47 昌红科技
300177 7.69 147991.53 中海达
300181 8.57 114742.77 佐力药业
300189 5.47 997114.94 神农科技
300192 6.01 195736.66 科德教育
300193 8.65 89303.19 佳士科技
300199 12.96 418467.28 翰宇药业
300218 15.0 64309.92 安利股份
300222 7.15 175951.2 科大智能
300228 6.33 233107.88 富瑞特装
300233 35.11 171464.45 金城医药
300235 10.06 44757.0 方直科技
300246 14.97 12629.76 宝莱特
300247 3.38 206688.0 融捷健康
300250 14.56 328242.12 初灵信息
300270 5.84 83618.02 中威电子
300324 3.02 251083.84 旋极信息
300326 7.71 132744.0 凯利泰
300329 6.76 54922.4 海伦钢琴
300339 18.0 649577.38 润和软件
300340 14.62 89569.2 科恒股份
300343 15.12 1437396.5 联创股份
300345 6.31 177193.52 华民股份
300348 9.39 115680.86 长亮科技
300366 8.31 253517.84 创意信息
300369 10.51 205572.84 绿盟科技
300377 9.1 361952.16 赢时胜
300380 14.49 19578.0 安硕信息
300393 17.0 687453.5 中来股份
300402 20.16 52156.0 宝色股份
300407 7.56 32454.0 凯发电气
300409 24.52 255727.2 道氏技术
300410 8.12 38928.36 正业科技
300423 10.15 83683.11 N辉科技
300430 9.87 51151.6 诚益通
300447 19.54 52975.4 全信股份
300457 23.98 191223.14 赢合科技
300460 11.4 75202.7 惠伦晶体
300465 8.53 238448.0 高伟达
300466 4.97 59417.6 赛摩智能
300467 11.83 54801.66 迅游科技
300468 10.13 246459.12 四方精创
300471 16.17 125098.94 厚普股份
300472 9.62 108816.18 新元科技
300473 17.58 45658.92 德尔股份
300488 23.89 27331.0 恒锋工具
300489 16.51 14301.7 光智科技
300490 13.07 244398.44 华自科技
300491 14.38 52452.44 通合科技
300501 14.35 29908.16 海顺新材
300503 9.0 50739.0 昊志机电
300504 17.3 48408.06 天邑股份
300508 21.27 16294.08 维宏股份
300510 4.65 187597.0 金冠股份
300520 15.76 49333.6 科大国创
300531 14.02 52883.0 优博讯
300532 13.69 233878.84 今天国际
300538 13.5 22975.33 同益股份
300540 22.41 20482.52 蜀道装备
300542 11.22 50759.52 新晨科技
300552 23.19 100761.7 万集科技
300566 17.11 22126.07 激智科技
300568 28.0 262902.25 星源材质
300576 27.79 34754.15 容大感光
300580 19.83 84811.56 贝斯特
300582 14.44 101533.33 英飞特
300586 13.66 106589.95 美联新材
300589 19.2 26133.0 江龙船艇
300595 46.99 182100.59 欧普康视
300598 41.35 83359.72 诚迈科技
300600 9.96 152478.05 国瑞科技
300602 11.99 119643.49 飞荣达
300605 12.83 59142.35 恒锋信息
300607 11.21 38082.1 拓斯达
300610 17.72 103483.79 晨化股份
300614 26.8 17969.87 百川畅银
300617 40.95 30285.3 安靠智电
300619 81.9 44020.91 金银河
300629 19.95 63962.05 新劲刚
300647 10.0 106088.0 超频三
300655 17.23 176340.48 晶瑞电材
300662 53.7 19791.1 科锐国际
300663 14.88 184395.72 科蓝软件
300665 8.0 46811.24 飞鹿股份
300667 15.97 20150.5 必创科技
300673 17.35 34590.54 佩蒂股份
300674 15.75 68629.72 宇信科技
300681 94.15 33114.14 英搏尔
300683 36.57 33979.01 海特生物
300684 13.15 41663.8 中石科技
300691 14.0 100247.29 联合光电
300707 13.66 36473.36 威唐工业
300708 11.63 231650.48 聚灿光电
300713 13.98 30726.27 英可瑞
300721 35.82 9581.0 怡达股份
300729 16.7 27988.89 乐歌股份
300731 17.32 23973.58 科创新源
300738 10.58 136888.7 奥飞数据
300739 14.95 34285.3 明阳电路
300741 26.31 71111.89 华宝股份
300742 16.89 34966.31 越博动力
300747 33.47 79757.98 锐科激光
300786 14.93 54121.8 国林科技
300796 14.0 31125.93 贝斯美
300802 27.05 12003.0 矩子科技
300803 50.8 125660.75 指南针
300807 21.23 19249.0 天迈科技
300809 34.4 40465.0 华辰装备
300816 29.5 14432.0 艾可蓝
300818 36.61 23880.61 耐普矿机
300820 66.61 20784.83 英杰电气
300826 17.05 10288.2 测绘股份
300831 12.56 102396.93 派瑞股份
300852 33.39 9449.0 四会富仕
300859 24.8 50052.0 西域旅游
300861 94.13 38113.61 美畅股份
300886 31.33 15348.39 华业香料
300890 52.48 72055.72 翔丰华
300900 25.48 49867.23 广联航空
300912 16.25 10672.17 凯龙高科
300927 34.03 28842.72 江天化学
300933 7.85 124695.0 中辰股份
300939 29.86 44393.59 秋田微
300943 15.01 44542.97 春晖智控
300946 35.08 17883.79 恒而达
300950 16.23 13010.54 德固特
300975 8.45 45668.49 商络电子
300984 26.73 7779.8 金沃股份
300988 20.1 92818.6 津荣天宇
300992 20.63 27306.0 泰福泵业
300995 20.45 9498.47 奇德新材
301000 56.2 6939.0 肇民科技
301002 31.05 6910.06 崧盛股份
301004 22.31 24409.77 嘉益股份
301005 23.5 38312.76 超捷股份
301007 15.58 23643.36 德迈仕
301021 24.92 7498.62 英诺激光
301022 34.11 13868.76 海泰科
301026 38.27 16786.06 浩通科技
301037 20.75 6140.91 保立佳
301041 19.25 16834.65 金百泽
301042 33.45 4569.0 安联锐视
301053 23.26 7976.85 远信工业
301059 16.89 15788.59 金三江
301063 27.21 11048.54 海锅股份
301068 24.08 6757.79 大地海洋
301069 40.32 58084.76 凯盛新材
301072 34.39 38216.92 中捷精工
301076 25.29 13289.0 新瀚新材
301079 24.96 22427.61 邵阳液压
301080 158.55 4665.0 百普赛斯
301099 66.98 22295.98 雅创电子
301102 35.27 38507.48 兆讯传媒
301106 33.35 9779.45 骏成科技
301107 39.97 39826.02 瑜欣电子
301113 38.67 18906.0 雅艺科技
301126 16.77 40715.26 达嘉维康
301128 29.95 6856.0 强瑞技术
301138 29.51 16125.52 华研精机
301159 32.29 22232.0 三维天地
301169 38.78 39377.28 零点有数
301180 18.96 14535.46 万祥科技
301181 31.22 18826.43 标榜股份
301185 19.71 35711.21 鸥玛软件
301187 22.88 57168.15 欧圣电气
301188 17.11 22092.68 力诺特玻
301196 38.21 18797.94 唯科科技
301199 20.4 20854.64 迈赫股份
301218 40.23 30369.17 华是科技
301219 102.36 44879.26 腾远钴业
301226 35.9 59762.82 祥明智能
301229 35.0 31467.05 纽泰格
301248 31.25 21665.09 杰创智能
301263 23.58 49039.37 泰恩康
600071 18.36 286678.06 凤凰光学
600075 7.15 574898.44 新疆天业
600105 3.58 446389.5 永鼎股份
600110 11.21 1285642.75 诺德股份
600111 41.5 1444713.62 北方稀土
600114 8.07 108199.19 东睦股份
600141 44.7 433506.94 兴发集团
600166 2.74 1350168.25 福田汽车
600201 8.74 313173.53 生物股份
600218 9.82 178896.31 全柴动力
600237 7.04 140350.59 铜峰电子
600251 10.99 444872.56 冠农股份
600255 2.42 526285.0 鑫科材料
600285 12.96 113015.53 羚锐制药
600298 43.27 128736.13 安琪酵母
600301 17.86 99912.75 南化股份
600331 3.58 1295685.5 宏达股份
600338 27.29 530663.75 西藏珠峰
600343 10.86 131241.05 航天动力
600353 7.43 121109.9 旭光电子
600375 8.35 274792.22 汉马科技
600386 4.35 713227.88 北巴传媒
600392 20.85 687470.38 盛和资源
600405 5.55 227369.3 动力源
600448 4.09 639070.12 华纺股份
600478 6.5 296586.84 科力远
600487 13.23 411647.47 亨通光电
600521 19.62 293517.78 华海药业
600540 5.47 297813.81 新赛股份
600549 22.75 449743.84 厦门钨业
600559 26.5 332411.88 老白干酒
600577 5.43 1497868.62 精达股份
600587 20.09 116833.63 新华医疗
600630 5.91 329252.0 龙头股份
600641 17.91 178180.77 万业企业
600661 9.82 199111.3 昂立教育
600689 9.17 139446.02 上海三毛
600711 8.13 1035908.06 盛屯矿业
600875 15.55 577748.88 东方电气
600876 23.44 101125.44 洛阳玻璃
600884 24.88 511324.91 杉杉股份
600909 4.62 1169141.0 华安证券
600916 10.77 303614.44 中国黄金
600955 29.72 46108.9 维远股份
