000155 22.7 382847.56 川能动力
000408 34.99 211935.84 藏格矿业
000546 18.48 248422.08 金圆股份
000570 5.38 201429.72 苏常柴A
000690 5.21 319105.53 宝新能源
000695 10.11 42902.99 滨海能源
000727 2.44 1510477.25 冠捷科技
000821 22.29 965803.19 京山轻机
000915 46.8 61276.4 华特达因
000957 17.72 1287082.38 中通客车
002004 6.15 260653.09 华邦健康
002009 22.18 168872.92 天奇股份
002047 4.47 1076327.88 宝鹰股份
002072 6.16 78652.01 凯瑞德
002139 15.9 714232.06 拓邦股份
002164 7.98 560023.81 宁波东力
002165 4.87 302621.19 红宝丽
002226 5.51 658067.5 江南化工
002347 5.3 422066.53 泰尔股份
002367 9.18 633008.44 康力电梯
002380 14.21 190389.56 科远智慧
002388 7.31 400028.09 新亚制程
002523 3.49 757942.38 天桥起重
002527 8.92 366171.97 新时达
002534 23.56 216945.44 西子洁能
002606 11.73 598629.38 大连电瓷
002612 32.28 150719.31 朗姿股份
002633 11.74 64376.0 申科股份
002634 5.7 109638.0 棒杰股份
002745 11.36 583724.5 木林森
002979 22.97 103103.68 雷赛智能
300032 6.87 519723.0 金龙机电
300049 18.98 150159.45 福瑞股份
300051 6.1 66777.37 三五互联
300105 6.85 142245.95 龙源技术
300106 8.69 88824.82 西部牧业
300269 3.99 141761.0 联建光电
300278 5.44 462781.19 华昌达
300299 6.2 240949.23 富春股份
300355 3.95 424891.28 蒙草生态
300401 18.86 232819.66 花园生物
300643 19.15 62864.7 万通智控
300703 10.95 65809.0 创源股份
300836 27.71 25367.7 佰奥智能
300966 29.84 28519.02 共同药业
300994 26.62 35131.17 久祺股份
301078 15.78 146790.45 孩子王
600336 6.75 171317.22 澳柯玛
600366 14.6 777596.94 宁波韵升
600387 7.06 237134.62 海越能源
600403 5.43 255522.41 大有能源
600408 3.25 102903.8 安泰集团
600505 9.87 145929.0 西昌电力
600598 14.29 388681.75 北大荒
600615 8.18 36072.29 丰华股份
600778 7.91 52876.84 友好集团
600815 3.08 263531.34 厦工股份
600868 3.0 414848.03 梅雁吉祥
600969 8.84 92705.53 郴电国际
600986 5.87 322553.19 浙文互联
