000046 2.0 576320.25 泛海控股
000056 7.1 771321.44 皇庭国际
000932 5.38 1828185.25 华菱钢铁
000935 25.22 139092.77 四川双马
000957 6.08 181715.56 中通客车
002034 20.6 290706.16 旺能环境
002107 9.15 780158.06 沃华医药
002188 4.04 34756.65 中天服务
002233 11.23 357825.19 塔牌集团
002247 3.05 686853.81 聚力文化
002333 5.53 101534.0 罗普斯金
002472 27.66 181172.44 双环传动
002860 24.99 44743.22 星帅尔
002870 37.98 15604.0 香山股份
300187 7.89 142952.97 永清环保
300218 18.68 36452.79 安利股份
300482 41.48 207585.2 万孚生物
300523 23.24 23932.4 辰安科技
300620 53.1 39443.99 光库科技
300651 31.08 59484.55 金陵体育
300681 101.9 23623.0 英搏尔
300745 64.96 61823.92 欣锐科技
300955 35.13 24557.76 嘉亨家化
600031 23.85 2285160.5 三一重工
600098 8.54 334922.69 广州发展
600125 5.46 266657.81 铁龙物流
600285 17.22 356341.28 羚锐制药
600322 2.15 339967.59 天房发展
600507 8.11 349849.88 方大特钢
600521 22.17 325879.97 华海药业
600640 15.88 267083.31 国脉文化
600665 3.36 342508.03 天地源
600698 5.46 932473.06 湖南天雁
600708 2.49 254290.91 光明地产
600802 7.73 163186.05 福建水泥
