002158 24.11 98929.68 汉钟精机 2.08
002491 5.54 220726.64 通鼎互联 4.33
002514 15.24 1200877.5 宝馨科技 4.31
002580 11.93 799668.19 圣阳股份 2.49
300101 27.82 271758.59 振芯科技 4.63
300286 26.25 35277.31 安科瑞 1.59
300410 12.14 384931.75 正业科技 3.76
300511 6.98 245561.95 雪榕生物 4.8
300737 11.38 581493.81 科顺股份 5.27
300971 24.68 27510.95 博亚精工 2.66
301030 35.48 91717.87 仕净科技 5.75
301192 22.33 43946.55 泰祥股份 3.0
301213 38.78 19751.21 观想科技 1.28
301302 63.51 55128.53 华如科技 6.06
600399 16.6 423060.94 抚顺特钢 1.97
600879 6.83 829579.5 航天电子 3.8
