000025 25.36 388255.75 特力A
000034 16.48 229801.28 神州数码
000063 25.03 435272.0 中兴通讯
000066 9.94 345848.41 中国长城
000409 5.6 72907.49 云鼎科技
000422 21.71 574305.38 湖北宜化
000504 16.07 34688.44 南华生物
000561 8.05 126864.85 烽火电子
000565 6.82 118796.79 渝三峡A
000584 7.1 642522.44 哈工智能
000589 4.88 563239.81 贵州轮胎
000599 3.96 166474.0 青岛双星
000629 6.5 6389008.0 钒钛股份
000666 8.74 239477.84 经纬纺机
000681 13.03 214002.88 视觉中国
000719 7.07 105700.28 中原传媒
000788 7.95 183543.36 北大医药
000795 7.79 777884.06 英洛华
000803 15.31 61345.63 山高环能
000815 9.87 301452.19 美利云
000829 10.85 178076.88 天音控股
000837 8.21 191209.52 秦川机床
000852 7.08 196097.45 石化机械
000856 9.14 206813.09 冀东装备
000868 6.58 1115024.25 安凯客车
000887 20.5 559112.88 中鼎股份
000893 36.81 165564.56 亚钾国际
000900 4.44 285610.75 现代投资
000901 9.21 307811.09 航天科技
000920 9.04 137107.94 沃顿科技
000948 12.28 130273.52 南天信息
000968 10.18 260522.48 蓝焰控股
000985 16.25 25275.0 大庆华科
000988 22.51 189492.88 华工科技
000997 13.2 210918.23 新大陆
002009 19.06 169400.0 天奇股份
002017 12.1 83480.47 东信和平
002031 4.82 10907763.0 巨轮智能
002036 14.53 566449.94 联创电子
002037 8.82 150048.84 保利联合
002045 8.92 167242.0 国光电器
002054 8.15 43065.81 德美化工
002057 12.83 685498.81 中钢天源
002065 6.07 292456.94 东华软件
002066 13.36 219881.0 瑞泰科技
002077 6.93 368540.59 大港股份
002093 5.97 235272.72 国脉科技
002104 8.56 587338.06 恒宝股份
002108 5.98 326043.69 沧州明珠
002114 7.43 308108.0 罗平锌电
002118 2.71 268098.03 紫鑫药业
002124 8.01 845986.56 天邦食品
002126 12.5 444374.31 银轮股份
002131 2.02 922822.81 利欧股份
002145 9.89 1765332.12 中核钛白
002149 14.23 136605.84 西部材料
002150 7.88 153122.41 通润装备
002156 16.4 839167.94 通富微电
002161 5.48 520813.31 远望谷
002165 4.39 162741.12 红宝丽
002170 6.77 709950.81 芭田股份
002171 9.51 198257.59 楚江新材
002190 28.23 57191.99 成飞集成
002195 2.22 1228417.5 二三四五
002197 9.07 374854.59 证通电子
002212 9.59 155771.52 天融信
002213 16.15 69648.17 大为股份
002225 4.92 409016.03 濮耐股份
002231 5.8 165572.05 奥维通信
002232 13.43 108324.0 启明信息
002235 4.63 191241.52 安妮股份
002246 8.58 128492.5 北化股份
002248 8.1 120036.5 华东数控
002253 12.97 108148.95 川大智胜
002264 5.71 122108.57 新华都
002265 14.67 113927.0 西仪股份
002279 4.5 205382.7 久其软件
002281 17.73 72770.86 光迅科技
002283 6.7 362215.84 天润工业
002292 4.51 245580.45 奥飞娱乐
002324 16.2 148239.34 普利特
002326 32.9 407493.69 永太科技
002329 6.42 306984.81 皇氏集团
002331 7.33 120516.0 皖通科技
002338 17.76 46131.21 奥普光电
002341 4.3 141581.59 新纶新材
002345 4.53 285126.22 潮宏基
002348 2.33 958731.06 高乐股份
002354 3.69 250452.2 天娱数科
002360 7.69 64343.98 同德化工
002362 14.52 87159.36 汉王科技
002363 7.45 293833.16 隆基机械
002368 19.38 108836.09 太极股份
002380 13.23 166458.2 科远智慧
002386 8.4 328958.38 天原股份
002394 7.65 47072.04 联发股份
002400 4.84 357989.88 省广集团
002401 9.09 47472.72 中远海科
002402 18.1 329999.75 和而泰
002403 8.18 91611.62 爱仕达
002405 14.05 989017.81 四维图新
002406 5.3 136999.3 远东传动
002407 50.96 515915.91 多氟多
002421 3.4 414228.16 达实智能
002434 9.79 420924.09 万里扬
002439 19.18 124103.03 启明星辰
002455 14.4 692811.44 百川股份
002456 6.03 357740.47 欧菲光
002474 6.19 157759.34 榕基软件
002480 5.66 284461.09 新筑股份
002481 8.42 385556.09 双塔食品
002484 25.8 146342.58 江海股份
002503 1.31 605735.06 搜于特
002512 3.45 571051.38 达华智能
002526 2.91 2448742.75 山东矿机
002527 7.6 240945.27 新时达
002528 3.61 291408.56 英飞拓
002534 21.34 398596.16 西子洁能
002536 6.61 124983.0 飞龙股份
002538 10.6 323475.28 司尔特
002543 7.99 294500.75 万和电气
002555 20.3 413321.31 三七互娱
002570 4.85 232315.52 贝因美
002577 11.97 38509.65 雷柏科技
002583 5.27 296982.41 海能达
002587 4.91 137699.8 奥拓电子
002599 4.88 61058.5 盛通股份
002602 4.69 807162.19 世纪华通
002629 3.51 156206.8 仁智股份
002642 5.97 284551.91 荣联科技
002649 10.54 133480.69 博彦科技
002650 4.19 297325.75 加加食品
002657 16.14 399418.28 中科金财
002662 3.96 708819.25 京威股份
002675 13.52 93477.77 东诚药业
002676 4.46 214548.48 顺威股份
002686 5.93 185760.52 亿利达
002694 5.14 139534.41 顾地科技
002696 7.18 223886.0 百洋股份
002708 7.29 177677.2 光洋股份
002725 10.26 131209.0 跃岭股份
002729 43.82 22906.68 好利科技
002734 10.35 143055.38 利民股份
002747 24.93 411367.47 埃斯顿
002748 14.73 90821.17 世龙实业
002768 25.5 38028.96 国恩股份
002769 8.22 83249.49 普路通
002785 27.7 78306.0 万里石
002800 15.63 28355.6 天顺股份
002816 18.29 39823.86 和科达
002827 10.47 70609.02 高争民爆
002836 8.32 24057.25 新宏泽
002839 5.33 508460.41 张家港行
002870 31.24 18433.25 香山股份
002878 18.88 65021.46 元隆雅图
002892 15.84 142294.8 科力尔
002906 52.26 146632.2 华阳集团
002915 19.14 141429.02 中欣氟材
002917 10.43 80371.82 金奥博
002919 18.62 21221.04 名臣健康
002921 14.57 17164.93 联诚精密
002943 54.96 97700.11 宇晶股份
002947 19.68 55344.3 恒铭达
002960 31.77 90199.79 青鸟消防
002966 6.26 750876.75 苏州银行
002979 20.33 34069.25 雷赛智能
002987 19.39 88292.81 京北方
002990 27.7 36301.52 盛视科技
002995 16.19 57314.27 天地在线
300013 4.9 434689.03 新宁物流
300017 5.33 307538.31 网宿科技
300020 7.42 204565.84 银江技术
300031 18.12 252935.36 宝通科技
300035 27.17 276210.91 中科电气
300041 17.71 109666.92 回天新材
300045 7.75 110380.15 华力创通
300046 18.79 62746.94 台基股份
300050 4.18 118310.0 世纪鼎利
300058 6.03 657923.75 蓝色光标
300061 7.53 163751.8 旗天科技
300071 3.56 239493.0 福石控股
300075 17.16 215230.5 数字政通
300077 17.85 229718.52 国民技术
300087 14.85 92437.1 荃银高科
300096 6.65 117367.0 易联众
300098 3.84 463565.84 高新兴
300106 9.14 59429.0 西部牧业
300113 15.99 349291.88 顺网科技
300114 11.57 88136.4 中航电测
300115 10.83 455277.28 长盈精密
300123 6.19 183380.2 亚光科技
300127 19.1 90334.95 银河磁体
300130 13.19 205543.81 新国都
300133 4.59 242434.52 华策影视
300136 17.4 403052.72 信维通信
300148 3.31 328585.31 天舟文化
300162 7.88 149817.06 雷曼光电
300166 9.07 381962.56 东方国信
300168 9.48 180179.7 万达信息
300170 8.53 264354.03 汉得信息
300182 5.19 996058.88 捷成股份
300205 11.95 103361.25 天喻信息
300211 8.95 52375.89 亿通科技
300221 5.36 96310.0 银禧科技
300222 8.99 522931.47 科大智能
300225 6.92 159856.69 金力泰
300232 6.53 137174.77 洲明科技
300237 2.62 517400.38 美晨生态
300238 14.25 77012.81 冠昊生物
300244 31.95 139343.48 迪安诊断
300245 8.1 89424.32 天玑科技
300248 9.33 113163.99 新开普
300249 9.91 326777.19 依米康
300250 13.77 100817.05 初灵信息
300252 7.82 79584.7 金信诺
300263 9.2 327166.69 隆华科技
300264 5.79 195969.59 佳创视讯
300270 6.09 79663.11 中威电子
300271 7.27 215364.59 华宇软件
300275 13.86 78805.0 梅安森
300277 7.27 62253.94 海联讯
300287 4.14 583750.0 飞利信
300288 10.14 52016.0 朗玛信息
300290 4.3 86412.5 荣科科技
300299 6.18 266844.03 富春股份
300302 8.04 56718.51 同有科技
300304 5.55 212183.52 云意电气
300305 14.29 45423.0 裕兴股份
300306 11.88 92938.0 远方信息
300308 33.29 453040.97 中际旭创
300310 4.28 247862.64 宜通世纪
300322 9.6 190005.98 硕贝德
300333 6.56 103918.72 兆日科技
300340 16.84 109862.83 科恒股份
300342 10.36 216480.44 天银机电
300343 17.54 1119769.0 联创股份
300364 9.85 306462.25 中文在线
300368 7.15 57841.88 汇金股份
300369 10.12 131004.75 绿盟科技
300377 8.79 118505.33 赢时胜
300378 16.59 52385.65 鼎捷软件
300383 9.68 227378.23 光环新网
300384 18.84 41342.2 三联虹普
300387 7.09 114789.28 富邦股份
300389 11.36 76087.21 艾比森
300391 12.52 170666.62 康跃科技
300397 10.38 108069.14 天和防务
300411 8.81 135019.05 金盾股份
300419 5.62 121438.44 浩丰科技
300448 5.19 80677.0 浩云科技
300460 11.57 56906.4 惠伦晶体
300465 8.19 107006.29 高伟达
300467 11.06 46943.0 迅游科技
300468 10.49 158815.16 四方精创
300479 20.07 164994.23 神思电子
300480 16.35 52309.54 光力科技
300484 13.72 62856.0 蓝海华腾
300493 6.68 63277.87 润欣科技
300494 14.11 82831.41 盛天网络
300497 14.22 174784.52 富祥药业
300499 14.03 403658.47 高澜股份
300503 11.75 228621.41 昊志机电
300505 31.77 201601.16 川金诺
300508 24.58 14820.04 维宏股份
300511 6.58 109752.3 雪榕生物
300518 66.8 24604.44 盛讯达
300531 13.41 88572.01 优博讯
300532 14.47 144673.2 今天国际
300539 8.7 110698.19 横河精密
300541 12.16 134340.73 先进数通
300542 11.51 68413.69 新晨科技
300546 24.75 63738.5 雄帝科技
300556 19.78 60197.0 丝路视觉
300560 16.13 116875.93 中富通
300561 10.18 59428.39 汇金科技
300563 12.71 48793.95 神宇股份
300572 15.3 83748.16 安车检测
300576 25.97 36578.31 容大感光
300578 16.65 41054.1 会畅通讯
300581 23.26 92180.06 晨曦航空
300588 10.15 68326.01 熙菱信息
300589 12.63 155219.98 江龙船艇
300590 14.1 122369.87 移为通信
300602 15.38 94225.72 飞荣达
300603 10.55 94799.51 立昂技术
300605 13.18 50033.89 恒锋信息
300607 13.58 108877.17 拓斯达
300609 14.06 26752.0 汇纳科技
300612 18.58 121206.64 宣亚国际
300634 13.05 80406.0 彩讯股份
300654 8.93 36184.38 世纪天鸿
300659 20.29 52107.49 中孚信息
300667 16.87 18210.75 必创科技
300674 15.46 102893.53 宇信科技
300678 18.38 88307.82 中科信息
300687 23.16 34660.05 赛意信息
300688 17.39 51477.38 创业黑马
300694 11.1 85214.0 蠡湖股份
300698 16.53 28088.0 万马科技
300699 70.7 123303.88 光威复材
300711 12.09 29644.2 广哈通信
300730 9.92 48835.7 科创信息
300733 22.41 31238.0 西菱动力
300738 11.09 118926.35 奥飞数据
300748 45.41 181934.31 金力永磁
300766 11.66 147432.75 每日互动
300768 13.99 58871.62 迪普科技
300773 17.86 108573.34 拉卡拉
300781 18.5 33228.8 因赛集团
300793 15.7 146995.31 佳禾智能
300805 8.08 41829.0 电声股份
300807 22.99 28020.0 天迈科技
300811 104.49 13711.0 铂科新材
300814 18.97 28115.21 中富电路
300825 16.5 119904.06 阿尔特
300826 14.04 36610.99 测绘股份
300830 9.1 164530.44 金现代
300834 30.38 19443.38 星辉环材
300843 23.76 29575.0 胜蓝股份
300846 12.76 104035.97 首都在线
300847 12.61 28098.5 中船汉光
300858 27.62 33071.25 科拓生物
300860 42.73 21192.22 锋尚文化
300872 12.95 60147.42 天阳科技
300873 25.74 17634.4 海晨股份
300883 6.94 46402.11 龙利得
300895 29.5 46884.43 铜牛信息
300910 67.14 8763.32 瑞丰新材
300915 44.49 7166.0 海融科技
300921 19.1 23366.0 南凌科技
300925 11.94 84418.62 法本信息
300927 18.71 31032.62 江天化学
300933 9.08 152272.52 中辰股份
300936 27.71 8091.0 中英科技
300941 21.4 57751.79 创识科技
300956 20.0 52758.71 英力股份
300986 32.59 47201.25 志特新材
300991 14.01 24951.31 创益通
301000 31.76 15202.87 肇民科技
301008 27.2 6749.0 宏昌科技
301011 31.77 10614.52 华立科技
301020 22.61 12226.84 密封科技
301055 17.07 21678.27 张小泉
301076 28.2 50218.63 新瀚新材
301085 30.49 12048.56 亚康股份
301087 41.0 30635.36 可孚医疗
301092 31.65 31766.51 争光股份
301118 43.8 22366.06 恒光股份
301159 30.2 10266.57 三维天地
301169 38.07 12606.69 零点有数
301178 32.35 7531.61 天亿马
301185 18.8 27010.76 鸥玛软件
301189 34.48 21447.15 奥尼电子
301206 43.01 14059.61 三元生物
301213 41.41 9010.97 观想科技
301221 61.89 27316.56 光庭信息
600037 8.99 170880.97 歌华有线
600058 10.52 552720.31 五矿发展
600067 3.63 482658.44 冠城大通
600072 12.58 215438.94 中船科技
600081 12.43 88163.95 东风科技
600096 30.83 974584.38 云天化
600099 8.64 58617.65 林海股份
600141 40.39 422059.81 兴发集团
600150 20.95 914497.31 中国船舶
600189 6.56 142469.81 泉阳泉
600197 28.64 158997.41 伊力特
600198 6.69 98902.03 大唐电信
600212 6.0 246915.84 绿能慧充
600215 8.02 94659.34 派斯林
600218 11.05 460125.19 全柴动力
600219 3.48 1609968.62 南山铝业
600232 6.39 147507.09 金鹰股份
600235 5.72 93417.05 民丰特纸
600243 4.42 198228.38 青海华鼎
600255 2.83 925331.0 鑫科材料
600305 12.06 103410.0 恒顺醋业
600367 25.88 514287.47 红星发展
600386 4.2 248266.58 北巴传媒
600392 21.55 505156.78 盛和资源
600397 3.4 498163.69 安源煤业
600428 4.94 675362.19 中远海特
600444 13.77 36047.0 国机通用
600446 9.9 100800.54 金证股份
600469 4.87 147071.97 风神股份
600470 8.2 402858.16 六国化工
600498 14.49 113375.69 烽火通信
600501 10.88 68920.7 航天晨光
600520 10.2 158326.0 文一科技
600525 5.9 544652.69 长园集团
600529 27.22 104123.78 山东药玻
600545 3.72 234465.2 卓郎智能
600552 10.35 211375.59 凯盛科技
600556 7.63 221916.59 天下秀
600566 25.1 163509.56 济川药业
600571 8.63 68166.31 信雅达
600588 20.83 454913.84 用友网络
600592 8.04 46514.0 龙溪股份
600618 13.16 190737.47 氯碱化工
600622 3.46 660701.0 光大嘉宝
600633 6.6 149050.5 浙数文化
600653 2.8 1064832.25 申华控股
600698 5.02 252202.94 湖南天雁
600715 2.27 195583.0 文投控股
600716 4.48 243797.81 凤凰股份
600718 11.56 253236.27 东软集团
600720 12.23 210205.8 祁连山
600728 6.44 384493.78 佳都科技
600742 9.5 169053.95 一汽富维
600746 10.93 118510.45 江苏索普
600753 13.26 47547.0 东方银星
600756 13.05 87161.03 浪潮软件
600776 10.78 184436.53 东方通信
600778 6.66 60139.6 友好集团
600805 5.54 399886.28 悦达投资
600831 5.72 107921.55 广电网络
600843 5.69 122022.0 上工申贝
600846 8.39 119279.65 同济科技
600855 11.07 47801.0 航天长峰
600888 9.99 454912.88 新疆众和
600889 5.0 44846.24 南京化纤
600892 3.91 91702.0 大晟文化
600927 19.79 68863.07 永安期货
600929 9.62 395593.88 雪天盐业
600960 4.03 318173.0 渤海汽车
600962 11.01 59362.01 国投中鲁
600980 17.08 49319.03 北矿科技
600986 5.86 296670.12 浙文互联
