000510 6.77 379225.19 新金路
000530 4.08 446729.44 冰山冷热
000678 5.0 319561.09 襄阳轴承
000757 4.15 333402.0 浩物股份
000898 3.61 1115254.25 鞍钢股份
000996 6.49 65952.25 中国中期
002009 17.11 75583.49 天奇股份
002026 11.11 145153.84 山东威达
002048 15.08 169749.52 宁波华翔
002055 11.18 84237.35 得润电子
002077 5.98 107327.01 大港股份
002110 7.29 561401.5 三钢闽光
002119 10.61 124142.0 康强电子
002125 12.47 322901.47 湘潭电化
002134 9.89 80914.95 天津普林
002139 11.68 445049.28 拓邦股份
002141 5.22 408085.53 贤丰控股
002149 12.0 102078.6 西部材料
002160 4.22 292065.03 常铝股份
002169 7.48 126111.11 智光电气
002215 6.32 212015.36 诺普信
002239 2.62 628633.69 奥特佳
002283 6.38 209921.36 天润工业
002338 17.68 33240.02 奥普光电
002371 288.71 104479.66 北方华创
002406 5.3 384060.91 远东传动
002413 5.25 246824.64 雷科防务
002428 10.85 118755.47 云南锗业
002436 9.55 354467.97 兴森科技
002454 6.18 87378.0 松芝股份
002476 6.24 429110.38 宝莫股份
002488 6.2 163454.55 金固股份
002500 5.53 899735.75 山西证券
002510 3.9 471860.0 天汽模
002534 14.37 72470.98 西子洁能
002536 6.14 185194.5 飞龙股份
002540 5.18 259366.16 亚太科技
002590 7.46 76197.0 万安科技
002625 16.15 199359.14 光启技术
002645 21.15 48717.67 华宏科技
002662 3.51 237050.0 京威股份
002676 3.82 250400.5 顺威股份
002725 11.59 425458.62 跃岭股份
002876 30.05 78441.08 三利谱
002902 10.71 48504.0 铭普光磁
002960 31.9 58800.16 青鸟消防
002972 17.48 8430.0 科安达
002977 55.12 13027.23 天箭科技
002980 26.95 13768.0 华盛昌
002983 20.18 25952.4 芯瑞达
002988 12.83 19925.43 豪美新材
300035 27.25 307162.34 中科电气
300044 3.72 264439.34 赛为智能
300054 19.69 118840.58 鼎龙股份
300098 3.4 618216.19 高新兴
300129 7.6 210144.0 泰胜风能
300179 12.31 143053.0 四方达
300183 13.07 54967.55 东软载波
300185 2.78 487333.31 通裕重工
300193 8.61 54526.43 佳士科技
300217 4.47 602845.75 东方电热
300224 13.06 310782.53 正海磁材
300236 30.73 33057.22 上海新阳
300241 5.42 103240.0 瑞丰光电
300263 7.58 313242.59 隆华科技
300270 5.8 77358.1 中威电子
300274 85.0 335995.91 阳光电源
300302 7.75 56934.04 同有科技
300308 33.17 103199.29 中际旭创
300320 11.51 222353.41 海达股份
300323 7.27 136582.39 华灿光电
300337 7.31 201211.36 银邦股份
300351 14.18 107514.01 永贵电器
300360 10.22 212362.05 炬华科技
300375 4.19 134941.0 鹏翎股份
300379 17.31 106823.48 东方通
300384 17.48 70747.32 三联虹普
300389 9.64 45526.0 艾比森
300400 14.55 34628.26 劲拓股份
300440 6.43 61243.06 运达科技
300445 11.0 23478.71 康斯特
300450 51.35 208449.64 先导智能
300456 15.13 119186.79 赛微电子
300457 21.29 101054.9 赢合科技
300472 9.55 85648.0 新元科技
300474 91.4 66796.19 景嘉微
300481 22.46 30735.37 濮阳惠成
300487 52.86 32645.04 蓝晓科技
300490 12.52 147211.61 华自科技
300507 6.87 610164.81 苏奥传感
300520 15.68 51629.0 科大国创
300543 9.49 37025.31 朗科智能
300560 14.09 79860.73 中富通
300567 41.94 49564.66 精测电子
300582 13.93 84895.25 英飞特
300585 13.84 51616.0 奥联电子
300598 44.74 64501.17 诚迈科技
300600 10.23 188332.52 国瑞科技
300602 11.72 89240.19 飞荣达
300617 41.17 28677.48 安靠智电
300620 28.61 31627.9 光库科技
300623 21.09 137957.66 捷捷微电
300624 30.51 34866.38 万兴科技
300643 13.13 87394.93 万通智控
300650 10.57 62709.1 太龙股份
300652 19.66 16485.21 雷迪克
300655 27.95 126802.72 晶瑞电材
300659 20.35 45191.3 中孚信息
300679 40.18 60013.27 电连技术
300680 23.8 59101.16 隆盛科技
300690 16.28 32203.0 双一科技
300706 20.59 25841.35 阿石创
300707 13.47 32090.63 威唐工业
300720 11.04 21857.0 海川智能
300724 75.0 105420.66 捷佳伟创
300748 31.68 177401.77 金力永磁
300775 41.5 89343.59 三角防务
300780 15.15 45839.9 德恩精工
300825 15.9 126507.61 阿尔特
300828 15.37 64189.95 锐新科技
300835 27.75 40958.6 龙磁科技
300863 73.1 23407.46 卡倍亿
300872 13.35 86453.3 天阳科技
300881 23.55 21044.76 盛德鑫泰
300885 10.43 39342.18 海昌新材
300890 45.5 46186.65 翔丰华
300906 25.23 7508.78 日月明
300935 30.6 7157.02 盈建科
300950 24.59 9989.63 德固特
300971 24.4 6807.0 博亚精工
300998 28.01 38787.77 宁波方正
301000 54.87 4933.66 肇民科技
301002 30.8 15261.73 崧盛股份
301007 16.24 34388.0 德迈仕
301018 23.47 41761.1 申菱环境
301022 33.91 11503.86 海泰科
301026 36.86 10273.66 浩通科技
301029 80.15 11640.73 怡合达
301033 36.26 4067.16 迈普医学
301062 11.75 19429.52 上海艾录
301063 27.54 17366.15 海锅股份
301069 39.01 55163.63 凯盛新材
301072 36.15 73031.34 中捷精工
301076 24.24 9677.8 新瀚新材
301083 13.26 16193.81 百胜智能
301092 25.53 15576.35 争光股份
301119 31.89 25797.44 正强股份
301123 25.47 27874.63 奕东电子
301133 26.69 29445.94 金钟股份
301155 68.73 56145.01 海力风电
301159 31.3 10594.49 三维天地
301179 39.93 30111.83 泽宇智能
301186 32.6 15671.4 超达装备
301198 24.91 24324.9 喜悦智行
301229 36.68 41653.08 纽泰格
600066 8.61 903985.19 宇通客车
600098 6.94 735011.19 广州发展
600110 10.08 790511.12 诺德股份
600126 5.46 688809.25 杭钢股份
600375 8.0 213821.12 汉马科技
600410 5.74 180466.77 华胜天成
600446 9.97 201346.53 金证股份
600458 10.02 125205.94 时代新材
600480 8.97 173904.05 凌云股份
600487 13.25 741703.38 亨通光电
600537 4.32 174317.25 亿晶光电
600619 6.75 265000.03 海立股份
600703 21.41 920144.88 三安光电
600742 9.54 305898.88 一汽富维
600745 65.8 248638.2 闻泰科技
600746 13.1 267941.44 江苏索普
600764 26.99 202831.67 中国海防
600817 10.05 243210.2 宇通重工
600833 9.84 160399.0 第一医药
600869 4.38 337936.03 远东股份
