000070 7.05 398607.38 特发信息
000678 6.66 792631.69 襄阳轴承
000819 22.5 125720.94 岳阳兴长
000829 11.09 524328.38 天音控股
000831 35.22 635673.12 中国稀土
000948 23.67 1003376.31 南天信息
002001 20.18 373297.03 新和成
002054 7.68 72207.88 德美化工
002057 10.01 328211.03 中钢天源
002296 8.6 423471.47 辉煌科技
002434 8.89 211630.52 万里扬
002522 5.28 269588.84 浙江众成
002528 5.2 1108015.0 英飞拓
002552 16.09 84685.84 宝鼎科技
002655 13.46 229044.64 共达电声
002741 21.41 209530.16 光华科技
002836 10.92 162737.41 新宏泽
002895 23.92 99734.77 川恒股份
002992 66.66 80034.29 宝明科技
300075 20.08 496065.03 数字政通
300077 16.66 446041.38 国民技术
300132 7.83 329087.97 青松股份
300140 7.45 280951.75 中环装备
300226 22.22 198891.08 上海钢联
300261 13.48 992549.19 雅本化学
300425 4.67 291303.12 中建环能
300537 15.01 184246.77 广信材料
300560 14.53 90101.91 中富通
300649 19.94 46528.0 杭州园林
300672 78.96 102836.25 国科微
300687 32.25 145828.12 赛意信息
300710 30.88 60322.64 万隆光电
300768 16.59 91032.14 迪普科技
300847 20.1 286381.31 中船汉光
300852 37.18 27432.42 四会富仕
300915 40.08 6718.6 海融科技
300921 21.08 78666.48 南凌科技
300952 19.07 66109.16 恒辉安防
300955 28.18 33974.39 嘉亨家化
300994 21.35 29424.34 久祺股份
301012 39.62 56430.05 扬电科技
301038 17.53 65443.8 深水规院
301048 9.5 104798.64 金鹰重工
301076 25.3 18961.23 新瀚新材
301088 18.59 58880.7 戎美股份
301115 27.48 42637.82 建科股份
301131 40.79 20497.15 聚赛龙
301132 29.09 70381.95 满坤科技
301136 14.9 38477.96 招标股份
301176 19.6 65008.78 逸豪新材
301191 92.1 12736.87 菲菱科思
301215 5.64 233973.41 中汽股份
301217 13.67 176287.08 铜冠铜箔
301277 42.16 140150.83 新天地
301288 19.3 50890.19 清研环境
600026 19.24 808840.38 中远海能
600099 9.22 115298.56 林海股份
600141 30.78 209905.25 兴发集团
600150 25.96 721270.31 中国船舶
600391 19.35 187418.44 航发科技
600428 7.19 842862.81 中远海特
600469 5.23 147986.64 风神股份
600520 15.23 293155.88 文一科技
600579 7.09 78539.01 克劳斯
600794 3.71 185198.59 保税科技
