000008 2.62 673099.69 神州高铁
000009 14.09 1484137.88 中国宝安
000301 18.41 339032.25 东方盛虹
000408 37.75 286640.12 藏格矿业
000688 16.24 355795.97 国城矿业
000830 16.22 342461.75 鲁西化工
000912 5.78 308889.59 泸天化
000983 9.27 532527.19 山西焦煤
002034 20.37 55145.78 旺能环境
002139 14.9 441834.72 拓邦股份
002170 6.06 333676.06 芭田股份
002215 6.38 271110.69 诺普信
002241 44.5 449916.84 歌尔股份
002266 6.23 560136.38 浙富控股
002333 5.38 81083.04 罗普斯金
002343 5.63 471253.12 慈文传媒
002374 6.24 2032056.75 中锐股份
002385 8.37 961578.56 大北农
002386 11.55 244487.28 天原股份
002409 61.99 64713.83 雅克科技
002455 13.3 352203.62 百川股份
002497 27.07 731259.38 雅化集团
002512 3.57 1012834.56 达华智能
002615 5.73 149023.25 哈尔斯
002634 6.47 196392.42 棒杰股份
002749 9.66 46684.0 国光股份
002758 12.69 79283.47 浙农股份
002774 9.43 361298.09 快意电梯
002852 13.5 29353.14 道道全
002860 19.86 81254.59 星帅尔
002881 45.86 39194.65 美格智能
002931 13.91 49044.88 锋龙股份
002935 36.55 50918.18 天奥电子
002942 18.83 13984.8 新农股份
002960 46.33 40248.37 青鸟消防
002967 22.63 82530.06 广电计量
002971 20.46 33393.88 和远气体
300011 7.03 130749.19 鼎汉技术
300055 12.2 166632.52 万邦达
300072 8.41 561920.38 海新能科
300073 82.18 111310.79 当升科技
300093 30.17 62498.19 金刚光伏
300140 7.07 98003.9 中环装备
300152 3.87 399038.81 新动力
300172 5.37 350908.41 中电环保
300190 5.97 129269.18 维尔利
300197 2.96 1059035.0 节能铁汉
300204 17.3 445145.38 舒泰神
300247 3.94 526533.0 融捷健康
300274 107.6 333173.88 阳光电源
300327 54.77 45309.34 中颖电子
300334 10.7 325913.28 津膜科技
300337 7.28 322120.91 银邦股份
300374 15.01 129206.64 中铁装配
300385 8.29 56939.25 雪浪环境
300388 7.77 86073.99 节能国祯
300409 21.78 173145.84 道氏技术
300457 25.86 105460.94 赢合科技
300513 12.85 130064.93 恒实科技
300523 22.1 30337.86 辰安科技
300610 20.5 127719.1 晨化股份
300619 65.15 50413.08 金银河
300622 18.71 30538.87 博士眼镜
300631 38.8 116085.93 久吾高科
300650 26.11 32112.4 太龙股份
300664 6.85 290130.75 鹏鹞环保
300692 8.93 289811.28 中环环保
300761 35.32 33005.69 立华股份
300786 32.54 57318.14 国林科技
300791 36.65 11926.31 仙乐健康
300821 18.28 282862.47 东岳硅材
300854 30.86 63852.07 中兰环保
300864 42.83 18419.53 南大环境
300889 18.59 36152.06 爱克股份
300943 28.71 125403.72 春晖智控
300961 20.3 42915.35 深水海纳
301066 26.47 51588.65 万事利
301092 37.19 31085.41 争光股份
600077 2.91 502836.53 宋都股份
600089 19.75 705293.75 特变电工
600113 7.62 414171.44 浙江东日
600116 11.22 181902.06 三峡水利
600120 4.35 731911.62 浙江东方
600137 14.86 20273.1 浪莎股份
600148 14.99 17188.0 长春一东
600172 8.69 505823.69 黄河旋风
600189 7.62 247934.38 泉阳泉
600201 14.82 214370.55 生物股份
600210 6.85 326190.06 紫江企业
600212 4.42 169652.02 绿能慧充
600232 5.52 89909.46 金鹰股份
600243 4.58 607447.25 青海华鼎
600251 8.8 233537.69 冠农股份
600255 3.04 3335970.5 鑫科材料
600338 31.7 633523.56 西藏珠峰
600389 47.65 111813.24 江山股份
600458 12.74 138149.3 时代新材
600467 3.19 1745970.5 好当家
600470 7.01 312036.34 六国化工
600506 11.15 18297.02 香梨股份
600526 6.4 248062.02 菲达环保
600531 5.9 247258.05 豫光金铅
600573 9.37 76637.0 惠泉啤酒
600618 12.22 95786.31 氯碱化工
600691 4.64 451414.47 阳煤化工
600711 10.1 716460.06 盛屯矿业
600773 23.31 458369.06 西藏城投
600790 3.74 463107.75 轻纺城
600797 6.32 320047.75 浙大网新
600801 21.75 249578.48 华新水泥
600862 25.6 148444.56 中航高科
600888 8.33 251570.89 新疆众和
600963 7.1 236960.55 岳阳林纸
600975 8.06 332153.25 新五丰
600982 4.52 296176.25 宁波能源
600987 5.96 118624.98 航民股份
600995 15.96 123884.15 南网储能
