002125 11.94 326735.19 湘潭电化 2.67
002136 15.99 82615.01 安纳达 1.78
002381 7.9 59354.0 双箭股份 0.51
300011 7.39 283142.12 鼎汉技术 5.12
300247 4.17 587985.62 融捷健康 5.84
300374 16.11 209101.73 中铁装配 7.33
300482 38.0 189548.84 万孚生物 5.88
300499 13.84 291843.38 高澜股份 6.54
300513 13.22 139188.36 恒实科技 2.88
300650 27.42 110756.85 太龙股份 5.02
300889 19.35 72594.27 爱克股份 4.09
301118 55.31 42902.33 恒光股份 4.2
600077 2.94 506733.5 宋都股份 1.03
600148 15.88 52540.82 长春一东 5.94
600571 13.3 603186.0 信雅达 2.23
600573 9.58 127119.72 惠泉啤酒 2.24
600801 22.2 274529.19 华新水泥 2.07
