000888 7.92 242856.31 峨眉山A 1.93
000998 19.11 552814.62 隆平高科 0.58
002033 7.16 210977.41 丽江股份 2.14
002041 25.64 346147.81 登海种业 0.67
002215 6.97 709516.19 诺普信 0.43
002356 5.11 141181.05 赫美集团 2.61
002515 4.69 175886.84 金字火腿 2.4
002574 5.26 121606.29 明牌珠宝 0.57
002650 4.74 414085.19 加加食品 2.38
002679 10.89 54794.3 福建金森 2.54
002767 10.42 24441.0 先锋电子 1.46
002893 8.04 59990.69 华通热力 4.14
002895 27.19 236673.69 川恒股份 4.06
300005 8.38 191269.45 探路者 2.44
300087 27.29 390126.31 荃银高科 2.52
300106 10.24 135178.0 西部牧业 2.09
300153 8.22 61755.04 科泰电源 2.24
300239 6.65 279954.0 东宝生物 2.62
300240 11.02 704087.5 飞力达 4.55
300385 7.05 38296.2 雪浪环境 1.44
300645 22.04 44176.35 正元智慧 0.09
300908 44.62 43313.12 仲景食品 4.5
300963 18.0 11355.43 中洲特材 3.15
300970 22.77 65511.59 华绿生物 1.7
300993 23.9 22543.51 玉马遮阳 1.36
301000 57.91 8348.38 肇民科技 2.9
301018 21.84 28139.34 申菱环境 0.74
301033 42.4 5397.48 迈普医学 2.05
301081 15.88 24525.18 严牌股份 0.38
301092 27.22 11659.24 争光股份 1.95
301113 36.03 27717.12 雅艺科技 0.73
301137 19.93 133926.22 哈焊华通 5.45
301256 11.17 232057.0 华融化学 1.36
600097 11.8 125408.22 开创国际 0.85
600099 8.52 33403.0 林海股份 0.59
600186 2.61 414505.84 莲花健康 3.16
600257 7.09 801260.19 大湖股份 2.46
600371 15.08 368342.5 万向德农 0.87
600379 10.62 83584.57 宝光股份 2.02
600467 3.29 1037370.62 好当家 0.3
