000543 5.01 328268.19 皖能电力 1.83
000592 2.89 1627873.75 平潭发展 5.86
000612 6.28 276021.97 焦作万方 1.45
000688 22.13 180753.41 国城矿业 7.95
000758 5.07 721552.5 中色股份 2.84
000909 10.01 492996.44 数源科技 2.56
000912 5.6 313013.16 泸天化 2.38
000975 13.17 412432.03 银泰黄金 1.39
002125 17.85 313957.56 湘潭电化 4.26
002267 8.72 289562.28 陕天然气 4.56
002278 5.36 335851.28 神开股份 3.28
002446 7.65 888932.81 盛路通信 5.08
002530 6.79 218162.88 金财互联 2.41
002570 5.56 583432.88 贝因美 2.77
002679 10.43 37536.7 福建金森 0.39
002769 8.79 139010.0 普路通 0.57
002826 9.65 41957.43 易明医药 1.15
002908 14.8 107613.14 德生科技 0.07
300125 28.4 237633.69 聆达股份 6.37
300151 16.06 84853.15 昌红科技 4.08
300164 4.84 417292.59 通源石油 3.2
300195 5.88 80746.0 长荣股份 3.7
300221 4.85 58461.0 银禧科技 0.83
300228 7.12 388312.0 富瑞特装 1.71
300257 20.59 114413.84 开山股份 3.26
300300 3.92 138836.91 海峡创新 1.03
300365 9.09 196712.36 恒华科技 6.32
300410 9.15 51994.55 正业科技 1.33
300462 9.11 17862.0 华铭智能 1.56
300464 6.03 129581.41 星徽股份 4.69
300566 24.36 116512.62 激智科技 4.24
300602 15.35 72468.83 飞荣达 2.47
300634 13.79 145225.48 彩讯股份 3.14
300723 23.76 9023.58 一品红 0.64
300868 17.09 6793.25 杰美特 0.71
300875 33.61 13675.78 捷强装备 1.36
301033 40.97 15285.48 迈普医学 5.29
600256 13.96 1534893.5 广汇能源 2.12
600279 4.44 83761.5 重庆港 1.14
600313 11.41 943491.62 农发种业 4.49
600565 2.39 351960.0 迪马股份 0.84
600647 16.1 42587.8 同达创业 5.5
600871 1.97 686571.31 石化油服 2.6
600938 16.67 540830.19 中国海油 0.3
