000046 1.47 519443.03 泛海控股
000421 5.3 231492.0 南京公用
000510 6.95 435267.81 新金路
000537 13.94 887970.94 广宇发展
000539 4.54 903981.62 粤电力A
000570 5.57 286250.38 苏常柴A
000599 4.52 682037.19 青岛双星
000638 5.71 57825.0 万方发展
000656 2.57 2001082.88 金科股份
000666 9.53 171833.69 经纬纺机
000712 15.45 165818.95 锦龙股份
000800 8.94 247848.16 一汽解放
000861 2.7 878794.5 海印股份
000892 3.52 166634.2 欢瑞世纪
000951 11.97 144426.66 中国重汽
000955 4.72 396117.19 欣龙控股
000957 18.98 1629115.62 中通客车
000973 5.24 638485.75 佛塑科技
000978 6.27 91582.41 桂林旅游
002063 7.04 426874.0 远光软件
002088 24.59 67001.35 鲁阳节能
002189 16.67 90587.95 中光学
002241 36.99 1456582.12 歌尔股份
002296 8.19 279712.97 辉煌科技
002325 2.22 807754.38 洪涛股份
002343 5.41 100516.03 慈文传媒
002372 20.1 190446.2 伟星新材
002448 7.45 214644.56 中原内配
002514 14.29 1000808.88 宝馨科技
002529 24.58 366351.12 海源复材
002571 8.89 498475.09 德力股份
002596 3.18 273865.72 海南瑞泽
002622 3.73 655935.0 皓宸医疗
002660 9.34 192006.44 茂硕电源
002824 47.89 57937.93 和胜股份
002878 19.78 58215.5 元隆雅图
002925 23.1 132743.42 盈趣科技
002962 12.21 116419.23 五方光电
002975 45.4 27029.72 博杰股份
002976 26.78 37102.4 瑞玛精密
300031 20.09 252605.27 宝通科技
300052 24.22 306799.91 中青宝
300081 8.75 408876.0 恒信东方
300113 13.76 124518.08 顺网科技
300117 5.12 1205210.75 嘉寓股份
300146 17.76 111824.65 汤臣倍健
300153 9.87 205450.16 科泰电源
300220 14.33 87613.38 金运激光
300247 3.46 179238.0 融捷健康
300280 21.91 49379.21 紫天科技
300296 7.29 1076546.5 利亚德
300365 9.22 112211.81 恒华科技
300433 12.09 1265106.12 蓝思科技
300438 79.23 154647.23 鹏辉能源
300477 7.8 457767.19 合纵科技
300511 6.96 161654.36 雪榕生物
300513 12.84 171490.16 恒实科技
300567 48.93 52812.09 精测电子
300572 16.04 80846.6 安车检测
300693 36.55 149523.5 盛弘股份
300706 29.12 127648.8 阿石创
300793 17.39 254095.41 佳禾智能
300820 85.69 35262.4 英杰电气
300830 9.15 122236.92 金现代
300833 101.99 19956.45 浩洋股份
300882 18.95 108615.23 万胜智能
300902 46.45 65913.89 国安达
300932 24.21 108439.55 三友联众
300977 24.65 9835.14 深圳瑞捷
301000 31.54 8669.2 肇民科技
301086 80.46 18221.4 鸿富瀚
301100 23.52 45691.84 风光股份
600011 7.43 1215648.5 华能国际
600021 9.77 649695.75 上海电力
600072 13.77 396591.91 中船科技
600077 3.94 1590585.5 宋都股份
600137 15.06 31637.1 浪莎股份
600184 14.5 260294.44 光电股份
600185 6.0 316833.88 格力地产
600190 3.19 357809.88 锦州港
600207 8.94 365783.03 安彩高科
600371 14.09 248560.11 万向德农
600418 20.99 1471485.25 江淮汽车
600469 5.54 215359.59 风神股份
600477 5.55 2226647.0 杭萧钢构
600500 7.57 401021.53 中化国际
600509 6.45 563784.5 天富能源
600516 7.32 844347.94 方大炭素
600590 7.38 190283.17 泰豪科技
600593 14.96 37185.17 大连圣亚
600605 9.12 37962.29 汇通能源
600685 22.98 195844.36 中船防务
600766 11.64 76227.11 园城黄金
600986 6.25 834238.44 浙文互联
