000070 6.92 148922.69 特发信息
000510 5.86 157049.7 新金路
000759 6.09 996960.5 中百集团
000892 4.49 1441257.88 欢瑞世纪
002047 3.92 397143.0 宝鹰股份
002187 8.61 368399.03 广百股份
002216 18.51 96269.33 三全食品
002344 4.69 210350.08 海宁皮城
002385 8.9 1083450.12 大北农
002419 6.88 800813.25 天虹股份
002445 2.46 920696.19 中南文化
002472 25.45 242635.72 双环传动
002476 5.42 233027.52 宝莫股份
002502 3.41 200544.0 鼎龙文化
002642 7.47 705333.94 荣联科技
002650 4.62 462277.0 加加食品
002654 5.04 357652.16 万润科技
002689 4.7 680289.94 远大智能
002695 13.88 241083.95 煌上煌
002697 5.63 361047.75 红旗连锁
002772 8.32 126272.28 众兴菌业
002780 13.64 161058.59 三夫户外
002795 8.92 158052.53 永和智控
002928 13.83 110597.34 华夏航空
002997 24.4 56963.11 瑞鹄模具
300047 6.0 103226.72 天源迪科
300092 13.35 53623.45 科新机电
300094 6.07 850494.0 国联水产
300109 24.2 45971.17 新开源
300175 3.98 187663.05 朗源股份
300214 6.55 52559.23 日科化学
300239 7.5 129611.14 东宝生物
300242 3.4 229911.0 佳云科技
300280 16.36 36898.77 紫天科技
300311 6.08 102258.52 任子行
300369 10.21 100749.87 绿盟科技
300464 6.04 67542.01 星徽股份
300541 11.35 48344.01 先进数通
300553 62.3 11278.05 集智股份
300575 21.87 28558.8 中旗股份
300588 9.21 20618.0 熙菱信息
300592 15.15 44236.0 华凯易佰
300705 24.3 50129.8 九典制药
300707 15.44 34118.0 威唐工业
300771 13.34 73029.19 智莱科技
300791 36.77 27264.75 仙乐健康
300838 16.53 28883.0 浙江力诺
300858 30.92 29170.4 科拓生物
300901 9.17 16273.0 中胤时尚
300921 17.53 14693.0 南凌科技
300950 17.41 22627.37 德固特
300973 96.18 12268.61 立高食品
301026 42.0 26998.36 浩通科技
301050 77.17 46441.04 雷电微力
301055 15.22 50993.49 张小泉
301102 36.75 20446.38 兆讯传媒
301103 31.52 45864.42 何氏眼科
301195 74.7 6165.89 北路智控
301208 50.93 11734.27 中亦科技
301220 36.83 3444.35 亚香股份
301398 31.15 51858.85 星源卓镁
600052 5.46 89146.89 东望时代
600089 20.08 747032.06 特变电工
600135 7.56 155568.58 乐凯胶片
600235 5.57 45404.0 民丰特纸
600250 5.83 65760.0 南纺股份
600602 8.71 302598.5 云赛智联
600628 7.64 80964.54 新世界
600693 4.89 768443.5 东百集团
600756 13.57 96866.29 浪潮软件
600778 6.88 75022.01 友好集团
600790 4.65 201399.41 轻纺城
600814 7.39 109406.42 杭州解百
600824 3.93 311422.38 益民集团
600857 11.09 41040.73 宁波中百
600962 13.18 52345.92 国投中鲁
