000020 8.75 26942.29 深华发A 1.86
000059 6.4 167201.61 华锦股份 1.11
000090 7.3 662555.5 天健集团 1.96
000430 6.13 158012.39 张家界 2.34
000666 8.37 149020.92 经纬纺机 1.7
000683 10.09 1199481.0 远兴能源 1.41
000703 9.77 471565.69 恒逸石化 3.28
000707 15.28 466481.44 双环科技 2.0
000708 18.35 137769.41 中信特钢 2.29
000778 4.99 1151319.12 新兴铸管 2.67
000937 7.9 860185.94 冀中能源 1.67
000965 6.79 1795616.0 天保基建 5.76
000978 6.2 329126.69 桂林旅游 4.2
000983 14.51 868520.31 山西焦煤 2.62
002017 11.62 312967.75 东信和平 5.64
002051 9.2 416660.03 中工国际 2.91
002061 6.91 1488241.12 浙江交科 2.07
002062 7.0 1489880.0 宏润建设 4.01
002092 7.77 894297.25 中泰化学 2.78
002190 25.55 131011.2 成飞集成 5.97
002251 8.17 1160261.0 步步高 2.77
002267 7.6 228675.69 陕天然气 1.06
002353 38.0 126311.59 杰瑞股份 4.08
002443 8.94 651049.19 金洲管道 3.71
002457 9.4 332767.25 青龙管业 2.85
002628 4.2 514533.0 成都路桥 2.44
002671 4.94 187301.0 龙泉股份 1.65
002895 31.88 204819.3 川恒股份 0.28
002929 30.64 28364.86 润建股份 1.56
002935 29.71 99882.96 天奥电子 8.0
002967 16.11 42163.2 广电计量 2.03
300021 5.52 329698.09 大禹节水 0.73
300022 5.18 288574.03 吉峰科技 0.39
300053 8.02 257679.5 欧比特 3.22
300144 12.19 387082.31 宋城演艺 1.84
300191 21.8 119279.85 潜能恒信 3.86
300233 30.3 166754.16 金城医药 3.06
300401 13.96 166523.19 花园生物 1.31
300651 31.7 27129.5 金陵体育 3.33
300696 40.34 37831.17 爱乐达 2.28
300793 15.35 82219.6 佳禾智能 6.6
300824 11.18 98706.98 北鼎股份 6.27
300854 19.9 24719.88 中兰环保 0.91
300965 45.44 3372.0 恒宇信通 1.27
300977 36.15 11190.86 深圳瑞捷 2.58
301091 26.75 17727.94 深城交 0.71
301101 45.6 21745.53 明月镜片 1.56
301129 56.8 11081.0 瑞纳智能 4.76
301216 31.33 93369.86 万凯新材 5.17
600066 8.67 1031212.69 宇通客车 1.17
600148 16.26 90408.41 长春一东 3.83
600155 7.9 495540.38 华创阳安 2.6
600156 4.57 217632.7 华升股份 3.39
600316 24.91 232129.8 洪都航空 4.01
600343 10.4 193706.27 航天动力 3.48
600345 14.79 19649.64 长江通信 2.0
600386 4.04 391234.28 北巴传媒 2.28
600397 3.36 913526.0 安源煤业 2.75
600409 7.25 589752.75 三友化工 3.57
600444 13.51 85348.8 国机通用 3.21
600698 5.38 803052.81 湖南天雁 3.06
600725 4.38 430837.19 云维股份 4.29
600740 6.14 1653904.75 山西焦化 4.6
600758 4.67 551691.88 辽宁能源 0.65
600820 6.06 799339.5 隧道股份 1.51
600855 11.75 154549.02 航天长峰 5.1
600935 5.39 252677.58 华塑股份 1.89
600939 4.94 725054.0 重庆建工 5.56
600973 4.36 442937.06 宝胜股份 1.63
600997 8.03 431551.5 开滦股份 2.82
