000078 3.8 719987.25 海王生物
000403 20.46 126312.67 派林生物
000423 39.44 72050.47 东阿阿胶
000513 37.17 141865.75 丽珠集团
000518 3.71 303183.41 四环生物
000597 6.24 593630.19 东北制药
000617 7.39 3254502.5 中油资本
000636 16.0 182975.05 风华高科
000713 9.31 575100.62 丰乐种业
000813 3.73 342804.0 德展健康
000837 10.43 456630.41 秦川机床
000908 3.8 535063.12 景峰医药
000919 9.84 618813.38 金陵药业
000989 10.27 399706.75 九芝堂
002020 13.05 177069.36 京新药业
002030 17.85 629780.25 达安基因
002038 9.41 223443.48 双鹭药业
002077 19.05 968483.94 大港股份
002107 7.58 223316.59 沃华医药
002118 2.81 1053424.0 紫鑫药业
002178 4.99 649024.81 延华智能
002254 22.89 146110.08 泰和新材
002287 25.9 62803.07 奇正藏药
002370 5.86 658163.94 亚太药业
002390 5.78 1037693.12 信邦制药
002437 2.95 1110015.38 誉衡药业
002463 12.9 491928.31 沪电股份
002559 7.64 97004.6 亚威股份
002564 6.14 1224701.88 天沃科技
002566 10.18 375160.16 益盛药业
002577 12.4 38169.01 雷柏科技
002665 3.98 1877970.5 首航高科
002702 6.87 882119.75 海欣食品
002745 8.9 238068.86 木林森
002747 23.49 175694.64 埃斯顿
300006 4.47 400885.31 莱美药业
300016 7.59 85710.1 北陆药业
300128 3.89 286340.5 锦富技术
300149 11.79 216500.58 睿智医药
300151 22.09 110130.72 昌红科技
300161 25.18 108838.75 华中数控
300181 11.52 246856.94 佐力药业
300188 13.91 130530.17 美亚柏科
300229 13.29 202370.0 拓尔思
300238 11.49 50137.49 冠昊生物
300247 4.17 393804.69 融捷健康
300261 12.86 673156.19 雅本化学
300294 34.98 111456.24 博雅生物
300366 10.98 283625.91 创意信息
300391 11.36 149263.3 康跃科技
300394 25.92 44358.85 天孚通信
300404 9.01 199185.0 博济医药
300416 31.59 59798.5 苏试试验
300440 7.32 96463.0 运达科技
300479 19.24 123248.36 神思电子
300480 15.38 37402.5 光力科技
300489 17.13 44835.36 光智科技
300578 17.59 72761.96 会畅通讯
300666 75.65 53471.55 江丰电子
300683 40.37 13589.0 海特生物
300699 75.18 75226.56 光威复材
300702 24.3 51175.63 天宇股份
300705 25.48 71468.59 九典制药
300706 26.25 62638.75 阿石创
300753 22.05 108592.29 爱朋医疗
300777 51.92 70268.8 中简科技
300782 117.18 113115.15 卓胜微
300878 27.98 74357.96 维康药业
300892 29.02 67796.76 品渥食品
300920 18.17 41554.39 润阳科技
300996 41.36 14931.95 普联软件
301003 25.5 26546.63 江苏博云
301021 29.19 36258.61 英诺激光
301069 33.9 92653.77 凯盛新材
301095 104.38 16054.14 广立微
301096 71.9 8490.43 百诚医药
301169 36.08 31803.0 零点有数
301230 50.71 19751.73 泓博医药
301236 38.5 38581.14 软通动力
301269 100.9 66494.34 华大九天
301277 36.86 95245.15 新天地
301290 46.06 45445.7 东星医疗
301363 39.85 26744.95 美好医疗
600026 13.94 958240.44 中远海能
600237 7.23 280972.94 铜峰电子
600252 3.06 1019741.06 中恒集团
600460 37.14 255526.56 士兰微
600513 11.05 193194.41 联环药业
600521 20.41 208393.31 华海药业
600535 12.16 284891.09 天士力
600588 23.75 517337.34 用友网络
600713 5.93 509782.38 南京医药
600745 59.5 364118.44 闻泰科技
600750 16.94 310827.12 江中药业
600756 15.09 251621.28 浪潮软件
600771 30.65 203290.45 广誉远
600789 7.64 714101.12 鲁抗医药
600793 13.64 41932.0 宜宾纸业
600867 9.64 244300.28 通化东宝
600993 24.15 88218.22 马应龙
