000623 16.3 165092.36 吉林敖东 0.87
000695 14.28 73788.21 滨海能源 1.06
000705 9.25 267972.0 浙江震元 1.54
000731 8.71 177885.92 四川美丰 0.46
002236 12.53 395906.72 大华股份 1.38
002338 26.81 92378.99 奥普光电 5.55
002654 5.13 527987.88 万润科技 6.43
002778 16.25 23165.8 中晟高科 2.01
002785 35.41 129298.96 万里石 3.78
002786 8.18 411824.0 银宝山新 4.47
300074 3.99 221532.44 华平股份 1.01
300345 9.55 156601.36 华民股份 4.95
300573 128.7 41230.49 兴齐眼药 4.26
300740 13.64 178856.16 水羊股份 3.65
300903 13.28 171254.08 科翔股份 6.33
300973 97.49 20636.2 立高食品 1.24
300999 44.3 150890.94 金龙鱼 0.93
301108 37.7 28944.93 洁雅股份 1.21
600080 9.19 401608.28 金花股份 2.91
600206 14.09 195422.39 有研新材 0.07
600313 11.23 1187379.0 农发种业 3.41
600583 5.96 570358.44 海油工程 0.34
600774 12.82 52581.6 汉商集团 2.31
600829 7.75 604280.25 人民同泰 2.24
600859 27.31 366256.41 王府井 3.06
600872 40.53 331894.22 中炬高新 0.8
