000017 4.68 219034.92 深中华A
000159 8.73 187142.12 国际实业
000407 4.3 333590.19 胜利股份
000428 4.04 342561.0 华天酒店
000509 4.16 239561.23 华塑控股
000554 5.93 217733.16 泰山石油
000557 4.7 249544.41 西部创业
000576 14.67 210726.95 甘化科工
000619 7.54 169925.0 海螺新材
000633 9.13 169292.08 合金投资
000635 10.09 59018.54 英力特
000638 5.98 64343.46 万方发展
000822 9.58 908447.19 山东海化
000852 7.92 229546.06 石化机械
000863 4.12 639561.69 三湘印象
000913 26.71 82487.98 钱江摩托
000922 10.47 248798.72 佳电股份
000937 7.35 500663.69 冀中能源
000948 13.74 192131.08 南天信息
000949 3.58 248556.31 新乡化纤
000952 7.8 144178.88 广济药业
000969 10.46 387142.53 安泰科技
000973 5.58 801090.0 佛塑科技
002001 24.23 966013.62 新和成
002002 3.74 603298.5 鸿达兴业
002009 22.64 250949.81 天奇股份
002019 12.41 169106.41 亿帆医药
002036 19.7 739842.06 联创电子
002037 10.61 530042.06 保利联合
002049 242.0 75645.95 紫光国微
002053 14.29 390305.97 云南能投
002072 6.81 80193.0 凯瑞德
002073 8.54 424258.59 软控股份
002124 7.53 977278.94 天邦食品
002144 10.19 72185.43 宏达高科
002158 27.66 99591.72 汉钟精机
002165 4.91 221092.0 红宝丽
002188 6.17 98142.59 中天服务
002219 4.27 439577.97 新里程
002249 6.76 1241099.88 大洋电机
002261 7.06 293927.69 拓维信息
002278 5.61 122190.35 神开股份
002286 11.38 97582.0 保龄宝
002289 9.45 197825.36 宇顺电子
002298 7.56 354926.0 中电兴发
002299 20.18 127232.16 圣农发展
002306 3.56 588168.56 中科云网
002339 8.52 569956.31 积成电子
002379 4.87 363832.0 宏创控股
002392 4.3 338846.81 北京利尔
002401 10.11 105862.53 中远海科
002424 7.38 320519.16 贵州百灵
002426 2.86 2848099.25 胜利精密
002434 10.44 815004.62 万里扬
002438 16.2 209293.45 江苏神通
002444 27.66 315216.19 巨星科技
002455 14.09 410932.47 百川股份
002490 4.68 841685.44 山东墨龙
002494 4.9 214658.0 华斯股份
002548 7.13 258745.69 金新农
002554 3.94 642613.0 惠博普
002598 12.4 329662.72 山东章鼓
002620 6.98 243832.5 瑞和股份
002626 22.45 110331.4 金达威
002629 4.09 415804.25 仁智股份
002655 15.3 222715.08 共达电声
002660 9.91 400655.0 茂硕电源
002674 13.35 93433.88 兴业科技
002688 5.31 213364.59 金河生物
002696 7.02 106257.0 百洋股份
002733 20.28 206847.08 雄韬股份
002746 9.58 204047.27 仙坛股份
002778 14.04 23656.73 中晟高科
002788 7.97 91501.78 鹭燕医药
002806 15.8 261600.52 华锋股份
002887 9.01 42236.8 绿茵生态
002891 27.4 56825.78 中宠股份
002911 15.61 373966.97 佛燃能源
002937 22.93 41379.81 兴瑞科技
002955 23.2 47124.3 鸿合科技
002963 14.6 46761.67 豪尔赛
002984 38.29 94058.87 森麒麟
300001 19.81 351773.62 特锐德
300044 5.14 1149955.5 赛为智能
300062 8.87 717555.69 中能电气
300084 5.3 198433.52 海默科技
300124 64.26 233110.44 汇川技术
300157 3.98 339054.38 恒泰艾普
300162 8.6 127404.01 雷曼光电
300164 4.9 486485.62 通源石油
300191 22.19 61430.91 潜能恒信
300229 14.9 141500.06 拓尔思
300239 8.44 155739.41 东宝生物
300252 8.8 210544.95 金信诺
300274 144.7 287913.69 阳光电源
300304 5.73 190951.02 云意电气
300334 7.89 115065.77 津膜科技
300339 20.18 442400.03 润和软件
300348 11.43 236210.78 长亮科技
300365 9.92 172774.77 恒华科技
300382 27.5 172178.48 斯莱克
300399 11.77 32875.94 天利科技
300408 29.68 218713.62 三环集团
300410 10.59 97616.63 正业科技
300425 5.13 98187.76 中建环能
300427 18.23 73627.84 红相股份
300435 17.57 181119.69 中泰股份
300461 16.87 54465.4 田中精机
300471 17.4 210016.69 厚普股份
300509 6.71 49398.44 新美星
300525 25.04 53833.83 博思软件
300531 15.61 134525.05 优博讯
300540 22.25 33155.53 蜀道装备
300559 9.6 67524.76 佳发教育
300585 16.2 54458.05 奥联电子
300598 45.13 61158.64 诚迈科技
300621 8.95 43812.15 维业股份
300664 5.59 130143.22 鹏鹞环保
300673 21.95 111833.08 佩蒂股份
300679 55.05 93914.21 电连技术
300719 11.39 68524.92 安达维尔
300727 37.96 48684.04 润禾材料
300729 16.04 23410.18 乐歌股份
300762 14.89 148895.2 上海瀚讯
300769 384.9 40598.72 德方纳米
300811 113.63 13416.65 铂科新材
300818 43.17 18624.0 耐普矿机
300825 16.18 101953.63 阿尔特
300828 19.06 86310.19 锐新科技
300841 108.76 15954.93 康华生物
300858 29.5 44245.07 科拓生物
300859 27.94 84408.32 西域旅游
300861 75.91 40594.67 美畅股份
300898 19.47 19707.0 熊猫乳品
300910 87.88 10207.0 瑞丰新材
300950 20.96 192970.27 德固特
300956 18.47 20265.87 英力股份
301007 16.37 99488.3 德迈仕
301028 11.72 74638.06 东亚机械
301118 44.87 24613.5 恒光股份
301149 16.98 94050.85 隆华新材
301158 21.08 36072.52 德石股份
301168 75.13 22560.95 通灵股份
301239 62.4 22707.9 普瑞眼科
600052 5.37 144133.94 东望时代
600187 2.88 1086277.12 国中水务
600189 6.84 116445.22 泉阳泉
600216 15.95 1011325.69 浙江医药
600230 18.53 397463.34 沧州大化
600232 6.94 136638.75 金鹰股份
600237 8.38 493489.12 铜峰电子
600262 20.0 42028.13 北方股份
600273 10.78 261185.17 嘉化能源
600327 4.95 210811.69 大东方
600386 4.51 209210.06 北巴传媒
600405 7.14 493354.53 动力源
600468 5.4 1112334.62 百利电气
600478 9.74 575257.38 科力远
600493 5.9 39529.0 凤竹纺织
600497 5.66 1041207.25 驰宏锌锗
600500 7.71 411421.47 中化国际
600520 17.51 471757.97 文一科技
600549 28.35 265924.12 厦门钨业
600576 5.45 102565.49 祥源文旅
600582 5.24 441931.09 天地科技
600603 10.9 364999.44 广汇物流
600681 5.0 173257.23 百川能源
600696 28.9 56839.08 岩石股份
600706 9.52 111799.0 曲江文旅
600735 7.42 125073.32 新华锦
600780 7.07 404564.88 通宝能源
600784 8.2 97767.94 鲁银投资
600794 4.02 375136.59 保税科技
600798 4.29 844587.25 宁波海运
600810 9.57 244020.48 神马股份
600812 6.37 254463.98 华北制药
600844 3.49 392040.09 丹化科技
600883 8.47 45003.2 博闻科技
600903 8.92 342593.62 贵州燃气
600965 7.16 128169.92 福成股份
600989 14.46 541111.56 宝丰能源
