000012 7.17 1082039.25 南玻A
000023 11.05 63742.36 深天地A
000037 7.16 57615.0 深南电A
000068 4.01 860223.69 华控赛格
000099 7.54 140833.34 中信海直
000155 18.75 161577.27 川能动力
000425 4.62 498448.41 徐工机械
000426 5.8 158699.03 兴业矿业
000430 5.77 86846.0 张家界
000551 9.35 46313.0 创元科技
000561 8.33 114329.91 烽火电子
000591 7.21 497665.88 太阳能
000682 8.12 139236.19 东方电子
000733 135.62 80923.43 振华科技
000755 5.23 519226.97 山西路桥
000768 28.73 468135.16 中航西飞
000790 4.87 478035.91 华神科技
000799 114.25 49543.03 酒鬼酒
000807 9.56 857619.38 云铝股份
000823 9.47 61300.12 超声电子
000856 9.2 201064.95 冀东装备
000888 6.74 69805.95 峨眉山A
000899 9.04 387088.47 赣能股份
000957 13.73 1164260.25 中通客车
000978 6.21 214177.16 桂林旅游
002055 9.8 94213.94 得润电子
002058 11.9 16024.01 威尔泰
002059 5.88 91099.49 云南旅游
002066 11.41 30769.0 瑞泰科技
002079 13.14 594947.25 苏州固锝
002094 3.62 370782.69 青岛金王
002126 13.8 502055.53 银轮股份
002129 43.11 425224.81 TCL中环
002130 6.59 147841.73 沃尔核材
002139 11.28 390288.0 拓邦股份
002140 9.82 87218.43 东华科技
002150 9.17 606347.88 通润装备
002162 4.05 138257.34 悦心健康
002172 3.68 737759.12 澳洋健康
002186 8.12 33248.12 全聚德
002194 9.57 186001.72 武汉凡谷
002197 11.0 811432.75 证通电子
002215 5.5 116498.49 诺普信
002222 15.1 68832.55 福晶科技
002276 10.43 460970.69 万马股份
002291 16.71 242244.84 遥望科技
002298 6.94 310364.84 中电兴发
002315 13.47 27590.04 焦点科技
002328 5.8 160825.81 新朋股份
002346 13.92 66263.41 柘中股份
002364 8.19 303201.28 中恒电气
002406 4.91 62016.0 远东传动
002420 6.07 129972.38 毅昌科技
002428 10.63 101683.39 云南锗业
002441 9.38 211558.08 众业达
002469 8.4 993795.38 三维化学
002478 6.59 497246.0 常宝股份
002480 5.84 488830.41 新筑股份
002546 4.16 229253.95 新联电子
002615 6.05 247942.48 哈尔斯
002625 17.93 222837.0 光启技术
002635 13.38 117767.25 安洁科技
002651 6.94 124922.0 利君股份
002655 11.36 76849.44 共达电声
002669 13.24 110451.25 康达新材
002686 6.02 251828.78 亿利达
002689 4.22 433324.09 远大智能
002698 15.45 106666.25 博实股份
002703 9.28 888093.94 浙江世宝
002730 8.02 39563.25 电光科技
002738 90.99 175922.59 中矿资源
002746 9.29 210852.8 仙坛股份
002759 18.76 56708.33 天际股份
002761 21.08 148040.16 浙江建投
002773 18.17 192428.8 康弘药业
002774 6.51 45356.0 快意电梯
002790 8.45 105084.4 瑞尔特
002829 39.9 39982.9 星网宇达
002835 12.27 113885.15 同为股份
002858 12.85 63556.68 力盛体育
002885 30.77 109895.53 京泉华
002908 16.8 139379.62 德生科技
002929 36.83 33611.01 润建股份
002932 63.75 37391.66 明德生物
002935 24.11 94675.52 天奥电子
002950 13.4 95482.5 奥美医疗
002977 40.54 9878.17 天箭科技
300002 4.26 650677.75 神州泰岳
300007 19.24 138256.22 汉威科技
300013 4.84 385001.38 新宁物流
300018 6.9 151963.52 中元股份
300032 5.69 103076.0 金龙机电
300036 18.41 150430.92 超图软件
300044 3.56 264847.59 赛为智能
300045 7.35 77483.2 华力创通
300063 3.63 69964.0 天龙集团
300075 17.5 388854.59 数字政通
300079 4.89 229198.84 数码视讯
300080 5.22 238217.23 易成新能
300094 4.97 317566.03 国联水产
300099 6.51 64762.0 精准信息
300114 10.54 85626.38 中航电测
300129 8.06 449212.84 泰胜风能
300152 3.4 195153.95 新动力
300167 6.18 157122.88 迪威迅
300170 8.34 569693.44 汉得信息
300196 14.98 167264.3 长海股份
300217 6.56 541580.06 东方电热
300219 7.47 81217.95 鸿利智汇
300222 7.1 98587.09 科大智能
300224 13.14 159197.09 正海磁材
300234 5.47 63538.08 开尔新材
300252 8.03 80425.7 金信诺
300274 132.7 221821.41 阳光电源
300284 5.74 102683.12 苏交科
300345 9.5 151562.94 华民股份
300396 24.57 186177.69 迪瑞医疗
300411 7.27 21673.62 金盾股份
300414 7.9 45338.47 中光防雷
300434 8.4 44239.2 金石亚药
300472 15.11 212656.36 新元科技
300476 13.96 182503.45 胜宏科技
300491 13.75 79376.9 通合科技
300493 6.53 54538.75 润欣科技
300502 22.6 94185.58 新易盛
300503 11.34 278692.75 昊志机电
300504 17.19 54190.43 天邑股份
300510 4.68 158163.34 金冠股份
300514 9.98 18310.0 友讯达
300520 18.23 92735.8 科大国创
300521 11.2 43099.0 爱司凯
300533 31.4 46506.82 冰川网络
300543 9.4 25108.87 朗科智能
300545 18.85 37126.34 联得装备
300548 21.58 69696.35 博创科技
300550 13.3 49794.82 和仁科技
300600 8.49 33307.22 国瑞科技
300604 61.94 74106.59 长川科技
300606 12.9 68839.5 金太阳
300612 17.12 52407.17 宣亚国际
300636 16.33 118868.86 同和药业
300645 29.4 114622.54 正元智慧
300652 25.7 28703.66 雷迪克
300660 25.8 51894.72 江苏雷利
300703 10.53 75070.02 创源股份
300713 13.97 12132.8 英可瑞
300721 49.1 22324.0 怡达股份
300730 14.66 673403.75 科创信息
300736 11.64 12817.65 百邦科技
300771 14.56 42141.2 智莱科技
300783 17.9 34482.0 三只松鼠
300787 34.92 30278.6 海能实业
300793 14.3 44235.16 佳禾智能
300808 16.29 42704.88 久量股份
300810 17.87 18755.5 中科海讯
300811 107.0 13978.83 铂科新材
300816 22.93 13380.01 艾可蓝
300823 17.51 7944.96 建科机械
300836 23.24 7393.6 佰奥智能
300838 14.86 16330.0 浙江力诺
300839 14.91 39311.65 博汇股份
300851 23.36 12239.29 交大思诺
300852 36.46 13067.5 四会富仕
300856 65.86 20452.35 科思股份
300859 23.98 74945.0 西域旅游
300861 54.34 34427.16 美畅股份
300884 11.57 94771.03 狄耐克
300897 28.3 3850.32 山科智能
300915 34.2 3494.16 海融科技
300919 78.45 45526.36 中伟股份
300923 20.75 9075.0 研奥股份
300936 25.28 4716.6 中英科技
300938 41.77 20547.5 信测标准
300984 24.62 7970.75 金沃股份
300995 19.08 4821.33 奇德新材
301006 16.97 12716.95 迈拓股份
301024 27.2 17615.63 霍普股份
301056 8.05 12109.17 森赫股份
301067 41.65 4710.88 显盈科技
301091 19.77 26958.21 深城交
301151 18.0 8189.24 冠龙节能
301179 40.71 14200.54 泽宇智能
301181 43.12 26701.01 标榜股份
301215 5.47 239819.14 中汽股份
301216 31.49 54083.13 万凯新材
301220 37.07 9104.3 亚香股份
301226 31.76 10280.13 祥明智能
301269 107.06 103130.32 华大九天
301270 30.39 36826.84 汉仪股份
301328 70.83 34286.67 维峰电子
600010 1.89 4481903.5 包钢股份
600101 8.83 151364.97 明星电力
600106 4.99 171502.02 重庆路桥
600160 16.77 387768.41 巨化股份
600196 32.05 367337.5 复星医药
600199 21.87 233389.42 金种子酒
600235 5.32 52416.01 民丰特纸
600237 6.35 157408.8 铜峰电子
600238 9.33 80636.0 海南椰岛
600287 5.23 94393.94 江苏舜天
600312 7.53 187641.22 平高电气
600316 25.88 130304.18 洪都航空
600356 6.97 83828.75 恒丰纸业
600392 15.34 290240.19 盛和资源
600428 7.32 1087668.62 中远海特
600435 8.54 224004.69 北方导航
600446 11.53 398371.91 金证股份
600458 9.07 114916.48 时代新材
600496 4.35 495999.12 精工钢构
600501 11.86 75917.68 航天晨光
600523 19.34 54700.32 贵航股份
600552 9.77 239124.12 凯盛科技
600577 4.56 247180.53 精达股份
600586 8.56 1089394.62 金晶科技
600641 19.25 302286.47 万业企业
600706 8.38 49527.42 曲江文旅
600718 10.95 216736.91 东软集团
600749 9.9 30448.01 西藏旅游
600815 2.87 245955.08 厦工股份
600986 4.7 231220.02 浙文互联
600990 29.72 38163.2 四创电子
