000009 12.03 494767.84 中国宝安 0.58
000012 7.22 815520.31 南玻A 1.12
000017 4.37 76901.8 深中华A 1.16
000025 17.48 143048.8 特力A 3.31
000037 7.25 85382.0 深南电A 2.69
000050 9.13 84367.96 深天马A 0.77
000056 4.07 140579.7 皇庭国际 1.5
000061 5.57 248056.22 农产品 2.77
000099 7.38 87538.44 中信海直 1.37
000151 10.49 90894.77 中成股份 1.94
000153 8.85 105539.1 丰原药业 0.34
000416 3.73 186575.84 民生控股 0.81
000421 4.64 77779.93 南京公用 0.87
000426 5.93 144764.75 兴业矿业 0.17
000519 21.68 816476.06 中兵红箭 2.94
000537 13.85 269774.41 广宇发展 1.99
000559 5.18 126086.83 万向钱潮 0.97
000572 5.1 391423.84 海马汽车 5.37
000615 5.64 169863.48 奥园美谷 3.49
000657 15.25 202943.88 中钨高新 2.49
000701 5.57 105864.42 厦门信达 3.92
000715 4.92 98118.58 中兴商业 2.29
000716 4.33 730497.25 黑芝麻 1.17
000731 8.04 119788.88 四川美丰 0.75
000753 3.99 149647.45 漳州发展 1.79
000756 19.47 606215.12 新华制药 1.78
000758 4.62 257695.2 中色股份 0.65
000777 10.59 89971.49 中核科技 0.67
000795 6.97 323157.19 英洛华 1.9
000798 9.83 55928.01 中水渔业 1.24
000802 3.95 84961.22 北京文化 2.6
000816 3.77 325520.81 智慧农业 0.27
000829 9.35 188774.14 天音控股 2.07
000851 5.85 1955250.88 高鸿股份 5.41
000922 10.4 238957.84 佳电股份 5.8
000970 13.88 494957.56 中科三环 2.28
002008 26.73 204383.84 大族激光 2.45
002019 11.38 134525.73 亿帆医药 1.79
002047 5.06 981946.81 宝鹰股份 6.53
002062 5.13 177377.77 宏润建设 0.79
002063 6.96 536897.38 远光软件 1.46
002082 10.3 462241.84 万邦德 2.39
002090 13.27 451522.12 金智科技 0.84
002136 13.99 43342.56 安纳达 0.86
002162 3.92 101820.7 悦心健康 0.51
002166 10.19 398677.91 莱茵生物 1.9
002167 6.07 200937.28 东方锆业 3.23
002187 6.64 29081.82 广百股份 0.76
002191 7.46 291538.25 劲嘉股份 1.22
002205 9.6 74481.0 国统股份 0.21
002223 36.43 698977.44 鱼跃医疗 5.32
002229 6.88 103464.2 鸿博股份 2.69
002234 17.16 116784.28 民和股份 1.54
002243 8.03 102205.56 力合科创 0.63
002272 6.58 257036.52 川润股份 1.07
002277 3.47 136883.0 友阿股份 0.87
002286 8.43 56750.0 保龄宝 1.57
002306 4.11 184263.0 中科云网 0.98
002330 5.96 181844.0 得利斯 1.53
002334 9.09 680505.06 英威腾 1.79
002340 7.82 704407.5 格林美 1.96
002342 4.04 183210.08 巨力索具 1.0
002345 4.24 91087.35 潮宏基 0.47
002348 2.33 639511.0 高乐股份 2.64
002367 6.83 37633.17 康力电梯 0.29
002373 9.28 100887.11 千方科技 1.2
002375 4.5 121129.6 亚厦股份 1.58
002378 6.92 88791.41 章源钨业 1.76
002387 6.27 153271.52 维信诺 2.28
002395 11.88 184074.84 双象股份 1.97
002398 5.71 59288.0 垒知集团 1.42
002401 10.54 164791.48 中远海科 4.88
002416 10.41 155433.06 爱施德 1.66
002425 4.77 335730.56 凯撒文化 3.25
002458 10.75 344238.16 益生股份 3.76
002515 3.91 96273.88 金字火腿 0.77
002523 2.96 260468.59 天桥起重 1.02
002555 15.32 655292.88 三七互娱 3.03
002557 47.24 41649.25 洽洽食品 3.46
002561 7.83 214829.05 徐家汇 2.89
002584 6.97 145423.0 西陇科学 1.01
002589 4.34 700017.12 瑞康医药 0.93
002605 14.35 90784.22 姚记科技 2.72
002621 3.85 273546.19 美吉姆 2.12
002630 3.33 1259811.0 华西能源 2.15
002631 5.56 37160.82 德尔未来 1.09
002650 4.09 143267.19 加加食品 1.24
002661 11.61 127069.28 克明食品 1.13
002685 4.95 763373.38 华东重机 1.64
002694 5.3 64227.0 顾地科技 2.12
002746 9.32 153246.45 仙坛股份 0.54
002768 28.65 64294.37 国恩股份 4.33
002780 10.68 44503.58 三夫户外 3.19
002797 5.69 355546.47 第一创业 0.18
002815 10.97 60629.44 崇达技术 0.18
002820 7.9 46293.0 桂发祥 1.94
002823 10.88 98223.88 凯中精密 2.93
002824 30.93 65746.5 和胜股份 2.35
002859 23.92 43119.16 洁美科技 3.02
002869 22.43 62432.7 金溢科技 3.65
002886 19.27 91323.88 沃特股份 5.13
002896 26.25 126411.65 中大力德 3.1
002902 15.23 73653.81 铭普光磁 1.4
002905 7.22 162003.59 金逸影视 3.14
002921 14.86 25378.26 联诚精密 1.78
002988 13.97 13988.0 豪美新材 1.38
002997 28.05 167924.2 瑞鹄模具 4.82
300006 4.13 197684.3 莱美药业 0.49
300018 6.93 110503.05 中元股份 0.87
300019 15.89 56198.73 硅宝科技 2.06
300021 4.71 117285.0 大禹节水 2.17
300022 4.84 244193.12 吉峰科技 4.54
300027 2.19 420173.44 华谊兄弟 1.39
300046 15.9 54381.88 台基股份 0.63
300056 8.32 106755.05 中创环保 2.34
300068 19.19 650364.0 南都电源 0.31
300094 5.19 602991.94 国联水产 2.57
300110 4.16 422752.16 华仁药业 0.48
300112 10.45 131974.41 万讯自控 2.75
300133 4.5 374834.88 华策影视 2.74
300143 10.62 70725.53 盈康生命 2.81
300157 3.41 99056.4 恒泰艾普 1.19
300158 5.75 932362.56 振东制药 4.54
300169 4.56 61178.0 天晟新材 1.11
300172 4.73 84060.35 中电环保 1.72
300187 5.94 62152.88 永清环保 1.89
300200 7.41 24125.81 高盟新材 0.14
300211 7.67 22298.76 亿通科技 1.72
300217 6.65 604971.94 东方电热 4.56
300225 5.63 63991.0 金力泰 2.55
300241 5.03 78041.0 瑞丰光电 0.8
300246 14.78 24355.0 宝莱特 0.96
300254 7.03 70269.8 仟源医药 2.03
300261 12.25 926889.06 雅本化学 6.43
300278 4.4 106068.0 华昌达 0.69
300279 5.53 48215.0 和晶科技 1.1
300285 24.6 88830.01 国瓷材料 1.65
300291 4.29 103111.0 百纳千成 2.63
300318 6.51 120678.17 博晖创新 1.88
300319 8.43 132672.02 麦捷科技 2.06
300335 4.63 239965.41 迪森股份 1.09
300344 4.82 132575.88 立方数科 2.77
300350 5.09 85422.98 华鹏飞 2.21
300351 13.3 188592.56 永贵电器 5.05
300381 8.31 42266.0 溢多利 0.36
300387 6.65 85981.08 富邦股份 2.46
300389 9.74 49864.34 艾比森 0.72
300398 18.01 125395.62 飞凯材料 2.86
300404 7.98 101402.98 博济医药 2.97
300412 6.45 178279.78 迦南科技 1.1
300413 24.06 350593.25 芒果超媒 5.43
300417 10.56 10178.2 南华仪器 0.28
300425 4.28 58316.44 中建环能 1.18
300435 14.41 51869.96 中泰股份 1.62
300441 6.37 55740.81 鲍斯股份 0.79
300453 9.03 63285.09 三鑫医疗 0.56
300460 10.21 45209.2 惠伦晶体 0.89
300472 15.25 186915.59 新元科技 2.56
300482 33.2 324468.19 万孚生物 4.47
300483 12.92 42599.54 首华燃气 0.94
300497 12.96 214370.0 富祥药业 3.68
300501 14.45 23934.24 海顺新材 1.83
300503 10.93 136108.69 昊志机电 2.05
300528 5.92 102897.2 幸福蓝海 2.25
300538 11.77 16680.0 同益股份 1.2
300547 17.7 42414.04 川环科技 5.42
300552 22.03 79305.65 万集科技 5.86
300562 9.77 54448.0 乐心医疗 1.35
300565 27.63 274808.53 科信技术 1.32
300584 26.2 87533.49 海辰药业 2.02
300599 7.5 13106.0 雄塑科技 0.4
300614 29.39 86484.79 百川畅银 4.59
300622 20.97 13937.1 博士眼镜 2.39
300623 19.15 75190.39 捷捷微电 0.42
300625 11.17 15566.4 三雄极光 0.63
300629 25.31 150115.27 新劲刚 1.32
300632 11.03 92907.63 光莆股份 6.67
300649 18.5 27954.01 杭州园林 2.44
300650 10.79 127656.17 太龙股份 5.27
300651 24.47 33426.29 金陵体育 3.21
300660 26.36 91628.76 江苏雷利 4.07
300668 19.1 13887.03 杰恩设计 3.75
300673 18.45 81186.23 佩蒂股份 4.0
300676 58.5 51173.3 华大基因 1.92
300681 43.83 60940.87 英搏尔 7.85
300683 37.87 15851.0 海特生物 2.43
300685 25.45 73833.26 艾德生物 5.47
300708 10.28 74228.97 聚灿光电 0.78
300742 12.16 47533.92 越博动力 1.25
300774 12.21 73214.74 倍杰特 1.5
300778 13.4 18344.96 新城市 1.44
300788 19.68 26109.0 中信出版 2.18
300797 16.28 91678.63 钢研纳克 0.74
300803 45.87 93135.71 指南针 0.75
300806 24.41 51880.09 斯迪克 5.49
300822 16.1 26175.93 贝仕达克 0.69
300823 17.45 9373.0 建科机械 1.22
300826 12.38 14277.34 测绘股份 2.91
300844 24.66 8940.7 山水比德 2.92
300848 24.1 41109.93 美瑞新材 5.01
300869 25.5 124794.77 康泰医学 2.08
300894 23.63 19420.93 火星人 1.72
300898 17.4 15688.73 熊猫乳品 0.75
300901 9.47 27547.24 中胤时尚 2.05
300907 20.51 8882.83 康平科技 1.03
300917 19.7 34899.29 特发服务 1.97
300926 26.09 29862.59 博俊科技 3.99
300929 11.88 19661.57 华骐环保 1.36
300942 17.6 32981.34 易瑞生物 2.8
300943 14.26 35379.84 春晖智控 1.57
300945 12.99 29944.0 曼卡龙 2.93
300947 12.93 18313.49 德必集团 2.78
300948 13.21 16398.84 冠中生态 1.61
300968 9.3 94821.55 格林精密 3.79
300969 77.33 24604.0 恒帅股份 5.07
300975 6.85 49949.91 商络电子 1.78
300981 20.09 35708.66 中红医疗 3.77
300989 18.07 4577.4 蕾奥规划 1.35
300995 19.2 5427.91 奇德新材 1.05
301000 28.48 4601.0 肇民科技 1.71
301009 10.87 22263.01 可靠股份 1.02
301010 19.88 31725.44 晶雪节能 4.36
301013 9.58 38676.51 利和兴 1.7
301025 10.22 59833.38 读客文化 4.07
301026 27.3 16964.14 浩通科技 0.66
301032 8.09 16095.73 新柴股份 2.67
301045 18.95 6969.99 天禄科技 2.77
301056 8.09 11538.0 森赫股份 0.37
301065 33.88 6213.0 本立科技 1.59
301066 10.13 13733.2 万事利 1.3
301068 26.8 17382.1 大地海洋 4.48
301075 24.23 7797.5 多瑞医药 0.67
301078 10.56 90216.09 孩子王 2.42
301098 18.09 8668.0 金埔园林 1.06
301100 21.12 20775.59 风光股份 1.44
301116 15.62 34552.59 益客食品 3.44
301125 26.65 17648.77 腾亚精工 4.14
301130 33.5 18481.1 西点药业 3.59
301135 25.09 16927.79 瑞德智能 2.08
301151 18.28 12864.52 冠龙节能 1.9
301160 37.84 10393.0 翔楼新材 1.94
301177 46.06 40268.31 迪阿股份 4.83
301180 19.37 15536.67 万祥科技 1.41
301196 35.46 6704.71 唯科科技 2.01
301199 23.26 32046.61 迈赫股份 4.26
301200 42.85 11539.7 大族数控 1.35
301201 59.2 44099.07 诚达药业 4.08
301205 42.69 17171.25 联特科技 1.86
301211 18.39 35512.25 亨迪药业 2.45
301226 31.9 11993.55 祥明智能 2.02
301228 17.74 15979.31 实朴检测 2.72
301229 32.88 13378.32 纽泰格 2.72
301231 21.97 26439.52 荣信文化 3.29
301233 38.43 8354.18 盛帮股份 0.66
301234 33.31 24106.0 五洲医疗 2.02
301239 53.1 28623.7 普瑞眼科 3.11
301288 18.28 17797.43 清研环境 3.45
301300 34.37 13641.03 远翔新材 2.05
301331 44.01 67641.55 恩威医药 2.71
301338 62.62 15755.73 凯格精机 0.64
600006 5.92 343387.72 东风汽车 3.86
600054 10.95 130159.06 黄山旅游 1.39
600058 8.51 65652.04 五矿发展 1.67
600059 9.02 101989.63 古越龙山 1.24
600071 20.17 124462.99 凤凰光学 5.27
600081 10.54 25755.7 东风科技 1.64
600088 8.25 29732.0 中视传媒 1.6
600096 20.94 394935.31 云天化 1.21
600143 10.06 189177.55 金发科技 0.6
600149 5.64 75863.63 廊坊发展 1.07
600166 2.73 1224296.0 福田汽车 4.6
600185 5.9 316254.25 格力地产 2.43
600196 35.97 1272407.25 复星医药 4.59
600201 8.66 246995.94 生物股份 0.35
600218 9.15 54808.53 全柴动力 0.66
600251 8.42 79284.7 冠农股份 0.24
600267 11.29 323763.44 海正药业 0.09
600272 10.21 143313.02 开开实业 0.69
600276 41.98 944808.0 恒瑞医药 1.18
600292 5.75 29790.37 远达环保 0.17
600315 28.94 60348.18 上海家化 0.07
600320 3.3 113725.97 振华重工 0.61
600335 8.12 159549.22 国机汽车 2.79
600359 7.92 135392.92 新农开发 1.67
600375 6.86 57398.64 汉马科技 3.47
600380 12.66 480762.91 健康元 3.77
600386 3.85 67164.26 北巴传媒 1.32
600419 15.18 118585.74 天润乳业 6.9
600468 4.18 69191.69 百利电气 0.48
600478 9.02 510258.88 科力远 4.4
600540 4.48 70312.0 新赛股份 2.28
600549 22.01 289438.31 厦门钨业 4.31
600647 15.94 16373.16 同达创业 2.57
600653 1.96 179053.5 申华控股 0.51
600660 36.52 218033.02 福耀玻璃 2.18
600682 8.59 90214.33 南京新百 0.7
600715 2.18 312835.0 文投控股 3.32
600733 6.39 492310.69 北汽蓝谷 3.4
600744 4.29 130388.77 华银电力 2.39
600775 10.83 241189.12 南京熊猫 4.74
600811 2.59 396525.56 东方集团 0.78
600812 6.14 155212.62 华北制药 0.99
600831 5.4 175893.89 广电网络 2.47
600838 6.05 35489.39 上海九百 1.34
600855 11.52 167469.19 航天长峰 1.5
600861 18.5 53442.44 北京城乡 1.37
600888 8.35 192591.86 新疆众和 0.6
600936 3.21 78626.64 广西广电 2.56
600996 10.22 399677.0 贵广网络 1.19
