000007 8.06 79741.0 全新好
000301 14.76 1078850.38 东方盛虹
000554 5.66 303728.19 泰山石油
000635 9.35 87430.26 英力特
000803 12.67 98789.96 山高环能
002119 13.33 227198.08 康强电子
002156 18.55 615419.69 通富微电
002205 12.15 239441.81 国统股份
002351 9.59 384613.44 漫步者
002360 7.45 59941.9 同德化工
002640 4.86 2347857.75 跨境通
002713 6.19 105757.42 东易日盛
002828 9.18 165296.77 贝肯能源
002847 108.29 11636.5 盐津铺子
002863 5.55 205943.12 今飞凯达
002892 11.76 97664.68 科力尔
002917 12.36 127296.19 金奥博
300340 11.04 27380.8 科恒股份
300437 19.17 85962.16 清水源
300458 22.27 217550.31 全志科技
300477 5.35 455752.62 合纵科技
300873 27.31 11404.8 海晨股份
300883 6.19 52098.0 龙利得
301000 29.88 20155.88 肇民科技
301163 28.59 17873.11 宏德股份
301212 35.69 26510.22 联盛化学
301273 40.56 8499.66 瑞晨环保
600141 31.93 168105.05 兴发集团
600458 9.49 168436.62 时代新材
600478 10.1 342887.19 科力远
600650 11.16 132000.56 锦江在线
600753 12.93 49768.0 东方银星
600766 16.04 83594.67 园城黄金
