000025 17.61 160697.67 特力A 0.74
000548 4.37 103584.09 湖南投资 0.46
000557 5.28 185284.23 西部创业 0.76
000657 16.01 237959.78 中钨高新 4.98
000736 11.11 400893.91 中交地产 1.37
000819 23.38 156491.3 岳阳兴长 6.95
000899 8.89 396225.62 赣能股份 2.54
002006 30.2 98870.63 精功科技 6.41
002059 6.57 295731.31 云南旅游 4.12
002066 12.18 67199.34 瑞泰科技 3.84
002115 4.89 851392.31 三维通信 2.09
002213 14.53 143407.36 大为股份 3.05
002229 7.24 152050.05 鸿博股份 5.23
002401 10.96 190458.42 中远海科 3.98
002561 7.98 297848.19 徐家汇 1.92
002623 34.3 135808.25 亚玛顿 6.19
002639 9.23 469194.38 雪人股份 2.56
002643 15.07 200153.92 万润股份 3.01
002658 8.75 298338.72 雪迪龙 0.69
002674 11.79 51229.67 兴业科技 1.38
002785 27.58 56062.0 万里石 3.45
002849 17.3 50195.62 威星智能 4.98
002880 27.89 22045.0 卫光生物 3.95
002909 9.08 168934.05 集泰股份 2.02
002935 24.75 95102.22 天奥电子 5.01
002942 18.05 24969.0 新农股份 3.2
002975 37.68 6765.84 博杰股份 1.54
002980 29.68 23129.07 华盛昌 1.44
002984 28.47 108290.84 森麒麟 1.82
300013 4.9 433300.62 新宁物流 2.3
300056 8.72 112908.25 中创环保 4.81
300094 5.41 923439.94 国联水产 4.24
300131 5.43 345372.16 英唐智控 2.45
300438 71.71 187578.48 鹏辉能源 4.92
300530 27.78 24338.19 达志科技 3.08
300537 15.05 219323.64 广信材料 6.36
300566 25.56 146493.91 激智科技 4.8
300580 20.13 25652.94 贝斯特 1.41
300638 19.9 64112.4 广和通 0.86
300649 19.1 63096.92 杭州园林 3.24
300651 25.23 37412.14 金陵体育 3.11
300656 32.68 22866.45 民德电子 4.01
300697 10.44 53992.54 电工合金 2.45
300710 26.74 23711.15 万隆光电 3.24
300727 28.44 32157.61 润禾材料 3.76
300763 209.4 77633.97 锦浪科技 5.65
300796 19.7 55454.95 贝斯美 3.63
300806 25.19 81398.55 斯迪克 3.19
300947 13.13 20487.92 德必集团 1.55
300969 81.55 28676.8 恒帅股份 5.46
301132 28.26 61356.32 满坤科技 3.37
301168 82.96 32763.94 通灵股份 4.42
301192 22.4 50882.11 泰祥股份 2.94
301257 52.39 21026.81 普蕊斯 6.29
301259 21.46 37818.67 艾布鲁 1.95
301349 124.6 12908.3 信德新材 7.91
301366 50.84 13885.43 一博科技 1.74
600187 2.57 231389.95 国中水务 1.18
600375 6.95 79129.54 汉马科技 1.31
600540 4.53 80589.5 新赛股份 1.12
600609 4.49 80612.29 金杯汽车 2.04
600645 20.02 155655.81 中源协和 3.2
600692 5.61 61149.58 亚通股份 2.37
600738 7.15 160815.52 丽尚国潮 1.42
600794 3.63 211775.73 保税科技 2.83
600876 21.65 136483.11 洛阳玻璃 4.49
