000011 10.34 136048.16 深物业A
000059 7.62 351546.16 华锦股份
000401 8.29 154807.52 冀东水泥
000402 5.19 410082.88 金融街
000498 7.34 575916.81 山东路桥
000568 186.29 187734.59 泸州老窖
000590 11.56 538869.44 启迪药业
000592 2.78 803862.81 平潭发展
000603 12.02 310373.03 盛达资源
000608 2.94 227439.41 阳光股份
000631 3.76 323567.62 顺发恒业
000632 4.39 201378.08 三木集团
000657 15.72 240710.0 中钨高新
000667 1.44 1329900.12 美好置业
000680 4.56 277299.03 山推股份
000729 11.24 639978.62 燕京啤酒
000753 4.32 294396.0 漳州发展
000776 15.17 1313215.88 广发证券
000779 10.4 150256.0 甘咨询
000797 2.97 766979.25 中国武夷
000813 3.63 1481855.0 德展健康
000918 2.19 818127.5 嘉凯城
000923 11.2 149605.7 河钢资源
000932 4.53 866742.75 华菱钢铁
000938 17.63 296189.16 紫光股份
002010 6.18 695326.75 传化智联
002016 5.88 159268.48 世荣兆业
002025 77.18 45702.11 航天电器
002027 5.7 2390222.0 分众传媒
002061 5.64 482395.69 浙江交科
002062 5.68 361171.16 宏润建设
002172 3.81 612680.0 澳洋健康
002243 8.37 166220.41 力合科创
002285 2.91 582635.38 世联行
002307 5.18 401282.97 北新路桥
002308 4.81 757972.88 威创股份
002314 3.43 630398.81 南山控股
002362 15.84 257135.0 汉王科技
002507 25.18 200303.92 涪陵榨菜
002634 11.04 318447.81 棒杰股份
002640 4.05 1824150.75 跨境通
002674 12.37 44368.0 兴业科技
002694 5.73 132952.62 顾地科技
002761 23.63 526022.94 浙江建投
002798 7.42 44656.45 帝欧家居
002811 8.18 44664.54 郑中设计
002822 4.59 319526.91 中装建设
002839 4.57 355249.59 张家港行
002928 12.96 216628.66 华夏航空
002966 7.22 415710.81 苏州银行
300059 17.98 5276411.5 东方财富
300099 6.7 147976.84 精准信息
300102 6.96 302877.5 乾照光电
300285 28.0 83212.64 国瓷材料
300715 14.31 64947.91 凯伦股份
300894 24.77 32057.32 火星人
300967 17.19 100468.75 晓鸣股份
300989 20.23 19654.3 蕾奥规划
301027 15.65 54049.43 华蓝集团
301062 8.91 82783.55 上海艾录
301091 22.0 56315.21 深城交
301098 18.95 18422.36 金埔园林
301177 48.06 24021.03 迪阿股份
301273 41.2 20546.18 瑞晨环保
301302 79.0 25201.44 华如科技
600053 15.96 92050.76 九鼎投资
600060 13.86 182152.48 海信视像
600064 6.73 304018.06 南京高科
600149 5.89 178293.62 廊坊发展
600156 4.98 80550.61 华升股份
600162 1.86 548394.44 香江控股
600173 5.64 140739.84 卧龙地产
600201 9.02 421310.84 生物股份
600222 6.2 529096.25 太龙药业
600266 3.75 350543.41 城建发展
600280 3.54 368922.88 中央商场
600300 3.32 293708.72 维维股份
600376 6.09 405286.06 首开股份
600463 7.42 56971.02 空港股份
600571 8.88 453814.75 信雅达
600638 5.44 68229.2 新黄浦
600639 11.19 97186.93 浦东金桥
600650 10.15 61666.0 锦江在线
600658 4.1 174422.8 电子城
600692 5.92 85992.55 亚通股份
600708 2.29 480905.41 光明地产
600716 4.03 197383.0 凤凰股份
600736 4.83 410282.62 苏州高新
600743 1.86 443188.88 华远地产
600790 4.17 314130.12 轻纺城
600791 4.8 249947.52 京能置业
600887 28.42 794879.38 伊利股份
