000567 15.8 90633.89 海德股份 3.13
000637 4.78 76656.04 茂化实华 1.27
000720 5.73 197374.69 新能泰山 3.99
000822 8.88 613310.06 山东海化 6.35
000836 3.23 1041848.88 富通信息 3.53
002025 79.81 82307.1 航天电器 6.44
002056 23.18 543934.06 横店东磁 5.36
002128 13.23 246497.0 电投能源 2.08
002132 6.58 824696.94 恒星科技 6.13
002141 5.49 326171.59 贤丰控股 3.19
002162 4.56 464903.12 悦心健康 5.31
002215 6.06 255336.48 诺普信 2.02
002282 8.07 61464.22 博深股份 2.41
002326 31.89 295371.28 永太科技 0.6
002378 8.54 122759.59 章源钨业 1.55
002407 50.09 354361.62 多氟多 2.98
002531 17.01 507017.72 天顺风能 1.98
002574 5.29 279238.41 明牌珠宝 3.52
002661 12.24 132980.5 克明食品 2.94
002833 16.38 44496.19 弘亚数控 0.49
002860 14.95 205649.69 星帅尔 1.43
002878 19.37 77967.0 元隆雅图 1.41
002935 22.27 36158.27 天奥电子 0.91
300037 49.17 316923.19 新宙邦 5.36
300109 23.41 179303.12 新开源 4.37
300120 8.17 359052.56 经纬辉开 1.49
300129 9.15 312856.0 泰胜风能 1.55
300264 6.05 193726.28 佳创视讯 1.34
300321 17.16 7121.84 同大股份 1.54
300440 7.28 69003.64 运达科技 1.68
300443 48.2 121610.67 金雷股份 3.19
300461 16.01 9398.0 田中精机 0.63
300489 18.12 52106.99 光智科技 2.78
300506 7.53 312879.12 名家汇 6.36
300553 40.23 17002.0 集智股份 4.82
300575 17.97 34856.5 中旗股份 0.17
300587 14.98 466328.69 天铁股份 2.6
300650 18.04 448915.75 太龙股份 5.99
300651 24.78 34452.0 金陵体育 4.64
300665 9.68 230769.7 飞鹿股份 4.88
300736 10.88 13205.4 百邦科技 2.16
300771 16.56 112962.97 智莱科技 4.54
300777 48.97 75461.0 中简科技 2.62
300814 24.5 100330.62 中富电路 4.3
300881 25.3 15700.34 盛德鑫泰 0.48
301037 20.8 8169.64 保立佳 0.92
301068 28.84 15993.74 大地海洋 6.7
301071 212.41 25285.57 力量钻石 3.11
301081 16.18 30651.7 严牌股份 2.28
600207 7.6 399255.59 安彩高科 6.29
600217 5.0 167165.34 中再资环 2.67
600255 2.99 634357.44 鑫科材料 2.05
600318 7.19 195752.61 新力金融 0.98
600340 2.99 782033.0 华夏幸福 2.75
600508 16.59 244696.48 上海能源 3.88
600740 6.38 706489.94 山西焦化 2.74
600768 10.22 26536.01 宁波富邦 1.79
600803 17.15 91951.23 新奥股份 2.63
