000019 8.84 504070.81 深粮控股
000025 12.56 48343.28 特力A
000061 6.59 359556.84 农产品
000158 5.69 331796.09 常山北明
000409 5.4 98328.28 云鼎科技
000416 3.82 435399.84 民生控股
000422 20.57 755055.25 湖北宜化
000426 6.43 459543.25 兴业矿业
000503 9.06 287846.75 国新健康
000506 3.11 361443.28 中润资源
000521 3.6 253569.92 长虹美菱
000545 3.96 311602.62 金浦钛业
000555 11.19 107178.26 神州信息
000567 19.3 76351.2 海德股份
000570 4.47 59745.1 苏常柴A
000582 7.92 647829.94 北部湾港
000584 4.75 110528.0 哈工智能
000595 3.68 452227.0 宝塔实业
000603 11.43 108256.89 盛达资源
000626 12.6 85275.66 远大控股
000698 4.62 143125.0 沈阳化工
000700 4.69 123600.97 模塑科技
000702 4.98 68556.0 正虹科技
000705 8.14 127516.41 浙江震元
000711 2.83 256181.0 京蓝科技
000735 6.06 184675.59 罗牛山
000737 6.27 120795.43 北方铜业
000798 8.64 148174.0 中水渔业
000803 14.64 39328.2 山高环能
000807 11.63 1538708.75 云铝股份
000830 19.74 361737.25 鲁西化工
000852 6.24 291154.22 石化机械
000861 2.94 1106483.5 海印股份
000876 14.5 588294.56 新希望
000887 14.73 327267.09 中鼎股份
000902 16.93 142645.95 新洋丰
000906 9.28 124953.45 浙商中拓
000912 5.59 261492.36 泸天化
000923 14.79 238597.5 河钢资源
000948 11.43 113226.14 南天信息
000950 4.94 210888.31 重药控股
000952 7.22 40890.36 广济药业
000982 2.02 1483487.88 中银绒业
000988 19.48 175824.84 华工科技
000996 6.12 97519.1 中国中期
002017 10.82 142244.05 东信和平
002038 10.3 249827.62 双鹭药业
002040 6.73 101598.52 南京港
002043 9.57 116115.77 兔宝宝
002045 8.34 94788.0 国光电器
002059 7.04 372742.91 云南旅游
002075 4.98 366692.72 沙钢股份
002082 9.17 65413.0 万邦德
002094 3.48 88932.8 青岛金王
002100 9.24 206960.08 天康生物
002120 17.13 369450.56 韵达股份
002157 6.28 966566.56 正邦科技
002161 4.39 101447.39 远望谷
002163 14.7 634607.12 海南发展
002165 4.29 141629.05 红宝丽
002166 9.2 237968.12 莱茵生物
002168 3.16 99364.4 惠程科技
002170 5.89 244908.0 芭田股份
002173 6.11 82791.0 创新医疗
002182 19.58 281070.12 云海金属
002206 5.98 311729.75 海利得
002213 10.73 36664.0 大为股份
002232 13.74 201844.0 启明信息
002234 14.95 126479.94 民和股份
002237 9.62 112827.6 恒邦股份
002254 14.52 45563.79 泰和新材
002261 6.06 205592.2 拓维信息
002286 10.19 142468.41 保龄宝
002291 15.49 255847.2 遥望科技
002330 7.52 238877.0 得利斯
002332 9.57 114323.53 仙琚制药
002362 12.75 27244.85 汉王科技
002385 7.59 1187781.38 大北农
002413 5.0 130765.63 雷科防务
002425 5.57 358515.91 凯撒文化
002434 7.53 358194.88 万里扬
002439 17.87 109271.14 启明星辰
002441 9.0 52663.0 众业达
002458 8.59 110202.29 益生股份
002460 124.8 317847.88 赣锋锂业
002483 5.85 202284.22 润邦股份
002488 6.1 141979.81 金固股份
002502 2.99 228293.41 鼎龙文化
002505 3.09 1344012.12 鹏都农牧
002530 6.82 285804.41 金财互联
002545 12.06 275321.31 东方铁塔
002548 6.41 222497.88 金新农
002549 15.66 64876.19 凯美特气
002553 8.57 32557.49 南方精工
002565 4.29 512394.81 顺灏股份
002567 7.77 518589.72 唐人神
002573 5.92 134534.48 清新环境
002587 4.19 68927.66 奥拓电子
002611 4.11 151218.64 东方精工
002632 5.9 61476.0 道明光学
002650 4.14 253444.88 加加食品
002657 13.92 242578.2 中科金财
002688 4.6 163603.59 金河生物
002694 4.75 103641.64 顾地科技
002696 5.9 83582.24 百洋股份
002719 8.43 27737.31 麦趣尔
002732 19.15 28379.39 燕塘乳业
002746 8.54 143053.41 仙坛股份
002753 7.56 31626.5 永东股份
002756 123.04 79901.57 永兴材料
002758 13.13 132495.77 浙农股份
002765 7.31 135846.0 蓝黛科技
002767 10.3 35743.0 先锋电子
002769 7.29 87969.72 普路通
002790 6.58 43310.96 瑞尔特
002829 27.98 37757.15 星网宇达
002833 21.29 22568.7 弘亚数控
002838 18.02 78090.78 道恩股份
002846 6.1 38122.8 英联股份
002849 11.43 22459.5 威星智能
002873 16.49 71822.07 新天药业
002886 17.41 28241.0 沃特股份
002889 24.3 21067.16 东方嘉盛
002900 12.68 35925.38 哈三联
002910 11.22 103871.0 庄园牧场
002947 16.94 25482.83 恒铭达
002961 16.64 20544.47 瑞达期货
002978 33.45 34049.16 安宁股份
002982 37.19 18914.7 湘佳股份
002990 23.85 22506.3 盛视科技
002995 20.06 38631.8 天地在线
002998 7.2 22423.0 优彩资源
300006 4.32 233939.41 莱美药业
300013 6.33 1071979.88 新宁物流
300030 7.12 31112.0 阳普医疗
300032 5.85 111313.0 金龙机电
300036 17.75 83353.44 超图软件
300041 13.43 82334.73 回天新材
300043 2.94 180260.22 星辉娱乐
300045 7.56 71125.0 华力创通
300047 6.7 228469.06 天源迪科
300052 18.29 202362.77 中青宝
300055 9.0 88926.87 万邦达
300074 3.65 131313.8 华平股份
300083 9.99 244547.23 创世纪
300087 17.83 501747.12 荃银高科
300098 3.3 265651.56 高新兴
300102 6.84 113725.93 乾照光电
300130 13.69 269457.53 新国都
300139 8.62 99939.03 晓程科技
300173 4.65 128867.0 福能东方
300179 12.52 125278.71 四方达
300181 8.66 134929.39 佐力药业
300191 20.47 42673.93 潜能恒信
300205 12.23 89149.82 天喻信息
300209 5.94 210759.78 有棵树
300225 6.95 80580.0 金力泰
300235 10.08 32986.0 方直科技
300245 7.91 91798.04 天玑科技
300246 15.17 14556.0 宝莱特
300248 9.66 214710.72 新开普
300249 11.37 337070.91 依米康
300250 12.58 91505.34 初灵信息
300252 7.36 47675.03 金信诺
300255 6.51 113474.83 常山药业
300266 3.33 270586.72 兴源环境
300271 7.1 154371.44 华宇软件
300288 10.04 56516.04 朗玛信息
300307 5.0 84748.0 慈星股份
300311 6.32 236600.08 任子行
300322 9.01 66537.66 硕贝德
300326 7.58 111046.51 凯利泰
300333 6.39 75968.28 兆日科技
300334 7.48 77000.0 津膜科技
300346 30.65 161083.38 南大光电
300352 4.36 189772.77 北信源
300358 16.1 118274.24 楚天科技
300366 8.16 157922.38 创意信息
300368 7.43 223890.69 汇金股份
300376 7.5 566938.5 易事特
300377 8.56 276788.47 赢时胜
300397 10.53 162840.38 天和防务
300399 10.53 29488.77 天利科技
300402 19.66 49812.0 宝色股份
300407 7.53 46039.28 凯发电气
300419 5.21 45857.0 浩丰科技
300437 21.26 141544.19 清水源
300439 12.46 81959.66 美康生物
300440 6.23 47641.0 运达科技
300447 18.16 42671.41 全信股份
300456 15.12 98063.91 赛微电子
300459 3.48 1155344.38 汤姆猫
300465 8.43 141557.84 高伟达
300484 11.74 51963.0 蓝海华腾
300514 9.97 31238.0 友讯达
300516 26.21 33764.13 久之洋
300520 15.68 50855.0 科大国创
300522 11.74 21703.3 世名科技
300527 7.59 151104.78 中船应急
300537 11.25 39815.0 广信材料
300538 12.94 31690.0 同益股份
300540 21.39 20974.0 蜀道装备
300541 12.75 189822.95 先进数通
300552 18.03 23844.6 万集科技
300553 32.78 7689.2 集智股份
300560 14.09 68579.0 中富通
300562 9.53 21417.13 乐心医疗
300567 39.53 41897.8 精测电子
300586 11.85 111798.05 美联新材
300588 11.27 48657.0 熙菱信息
300589 18.95 28832.34 江龙船艇
300596 48.98 36728.87 利安隆
300600 8.46 74691.92 国瑞科技
300609 17.46 129520.07 汇纳科技
300620 26.9 17289.0 光库科技
300622 23.35 44456.56 博士眼镜
300624 30.46 20085.2 万兴科技
300639 23.67 225746.8 凯普生物
300640 5.79 72086.3 德艺文创
300645 20.54 32363.07 正元智慧
300663 14.7 158069.44 科蓝软件
300664 5.6 169509.92 鹏鹞环保
300670 7.25 32475.34 大烨智能
300676 67.85 51630.99 华大基因
300680 22.42 36380.18 隆盛科技
300683 35.14 13419.0 海特生物
300684 13.3 19771.19 中石科技
300691 13.15 72405.02 联合光电
300692 7.16 89239.71 中环环保
300738 18.47 59637.67 奥飞数据
300763 243.0 23426.11 锦浪科技
300767 68.6 45131.69 震安科技
300803 43.93 84419.12 指南针
300805 7.79 30971.0 电声股份
300830 7.59 54262.42 金现代
300875 47.62 7857.75 捷强装备
300885 10.48 39150.02 海昌新材
300892 26.65 16995.0 品渥食品
300897 29.49 4920.44 山科智能
300898 20.52 45009.03 熊猫乳品
300911 62.2 11364.18 亿田智能
300921 19.5 27559.2 南凌科技
300922 25.67 18181.54 天秦装备
300928 44.49 5286.93 华安鑫创
300937 29.78 11560.1 药易购
300941 30.29 24075.42 创识科技
300942 23.46 49881.36 易瑞生物
300945 15.56 49318.2 曼卡龙
300950 23.95 6961.22 德固特
300967 17.8 102119.25 晓鸣股份
300981 49.62 23783.45 中红医疗
300996 22.61 15914.09 普联软件
300998 29.17 35753.16 宁波方正
301011 32.17 8019.5 华立科技
301047 122.11 12292.6 义翘神州
301060 39.32 73429.93 兰卫医学
301065 41.38 8398.15 本立科技
301075 28.13 5677.0 多瑞医药
301093 33.97 9346.02 华兰股份
301096 63.6 7173.18 百诚医药
301102 27.21 41448.54 兆讯传媒
301111 28.15 34662.07 粤万年青
301117 50.57 11655.09 佳缘科技
301131 41.82 9086.11 聚赛龙
301162 53.38 42406.39 国能日新
301181 30.75 14753.4 标榜股份
301186 34.2 26935.91 超达装备
301190 23.89 40271.52 善水科技
301228 23.61 19352.74 实朴检测
301229 36.51 46029.17 纽泰格
301256 10.51 135098.2 华融化学
301258 44.19 25553.58 富士莱
301263 25.12 69096.95 泰恩康
600072 11.81 151235.58 中船科技
600079 17.82 901735.5 人福医药
600081 10.89 63279.5 东风科技
600097 9.8 62915.84 开创国际
600105 3.42 286066.34 永鼎股份
600123 14.71 732294.62 兰花科创
600127 8.55 554123.5 金健米业
600129 18.96 61527.33 太极集团
600166 2.63 1468253.5 福田汽车
600172 8.17 460167.97 黄河旋风
600212 5.6 121271.0 绿能慧充
600218 9.15 82644.35 全柴动力
600230 14.68 53617.13 沧州大化
600237 6.68 132725.2 铜峰电子
600243 5.03 325359.12 青海华鼎
600262 20.3 30435.82 北方股份
600273 10.99 239921.28 嘉化能源
600282 3.26 536815.69 南钢股份
600307 1.96 1276861.88 酒钢宏兴
600327 5.44 100510.8 大东方
600335 8.06 587221.5 国机汽车
600351 6.39 183045.8 亚宝药业
600359 9.46 590143.62 新农开发
600381 14.13 307171.16 青海春天
600419 13.12 91086.49 天润乳业
600428 4.95 403043.91 中远海特
600449 13.1 84240.76 宁夏建材
600458 9.75 123514.31 时代新材
600470 8.04 680502.31 六国化工
600490 3.96 497937.72 鹏欣资源
600510 9.7 578413.56 黑牡丹
600531 4.99 285440.12 豫光金铅
600536 39.9 130370.03 中国软件
600538 5.35 204057.0 国发股份
600540 5.25 254744.22 新赛股份
600556 7.6 257343.3 天下秀
600571 8.69 179813.09 信雅达
600581 6.06 1129393.75 八一钢铁
600609 5.82 232618.38 金杯汽车
600618 11.67 163070.3 氯碱化工
600682 9.58 142238.53 南京新百
600685 15.63 81803.21 中船防务
600698 5.39 962241.25 湖南天雁
600699 12.7 337875.12 均胜电子
600706 10.9 201483.02 曲江文旅
600713 4.88 157369.0 南京医药
600718 10.14 255238.81 东软集团
600727 8.4 155167.84 鲁北化工
600730 5.4 112880.0 中国高科
600733 7.63 1568455.38 北汽蓝谷
600756 12.6 127618.07 浪潮软件
600757 5.52 214585.33 长江传媒
600768 9.13 37613.01 宁波富邦
600792 4.01 396948.0 云煤能源
600797 5.57 174159.66 浙大网新
600815 3.05 235607.38 厦工股份
600916 11.16 126064.75 中国黄金
600938 16.15 1345521.12 中国海油
600995 13.67 121672.89 南网储能
