000034 15.18 225899.98 神州数码
000563 3.3 740139.69 陕国投A
000652 4.6 687732.62 泰达股份
000711 3.45 773594.38 京蓝科技
000712 15.33 130959.96 锦龙股份
000735 6.85 350134.72 罗牛山
000923 14.97 143112.0 河钢资源
000937 7.47 1103455.62 冀中能源
000965 8.95 3066109.0 天保基建
002040 6.9 218959.28 南京港
002133 4.44 900994.38 广宇集团
002268 47.19 192585.77 电科网安
002343 4.99 82925.0 慈文传媒
002416 8.89 200297.52 爱施德
002492 6.36 221064.0 恒基达鑫
002508 30.5 125650.23 老板电器
002555 24.61 404505.12 三七互娱
002833 23.36 46474.4 弘亚数控
002995 27.4 23541.2 天地在线
300036 21.58 186573.5 超图软件
300071 2.84 132352.2 福石控股
300387 10.58 499999.19 富邦股份
300418 17.52 573582.12 昆仑万维
300525 21.12 36501.86 博思软件
300589 20.17 29251.49 江龙船艇
300596 46.92 20266.69 利安隆
300632 13.68 182664.44 光莆股份
300803 42.34 118532.88 指南针
300905 21.04 30953.17 宝丽迪
301068 29.5 22760.56 大地海洋
600064 10.48 323898.22 南京高科
600132 112.16 51498.97 重庆啤酒
600208 3.12 1862414.12 新湖中宝
600390 5.28 586349.31 五矿资本
600506 12.83 31107.0 香梨股份
600628 7.45 137926.27 新世界
600697 13.13 66112.18 欧亚集团
600766 6.58 48666.42 园城黄金
600783 15.62 141206.02 鲁信创投
600827 11.31 170814.53 百联股份
600831 6.72 323900.06 广电网络
600874 7.64 758133.06 创业环保
600936 3.46 379454.62 广西广电
600981 3.63 789324.0 汇鸿集团
600985 16.23 504507.56 淮北矿业
