000510 7.29 537528.81 新金路 7.68
000761 4.65 531766.94 本钢板材 5.2
000887 16.6 484291.91 中鼎股份 4.4
000923 16.0 272664.41 河钢资源 3.43
000970 12.66 416555.03 中科三环 2.34
002009 17.69 99452.06 天奇股份 3.39
002048 15.51 199921.88 宁波华翔 2.85
002077 6.01 126173.01 大港股份 0.5
002091 11.38 297949.91 江苏国泰 2.89
002119 10.89 152644.45 康强电子 2.64
002125 13.29 361107.84 湘潭电化 6.58
002126 9.42 192174.0 银轮股份 0.53
002149 12.44 112862.55 西部材料 3.67
002179 88.13 66864.27 中航光电 2.52
002184 11.17 208264.48 海得控制 5.08
002203 11.2 72597.17 海亮股份 2.75
002283 6.5 300721.0 天润工业 1.88
002338 17.9 43737.0 奥普光电 1.24
002413 5.41 422259.38 雷科防务 3.05
002414 12.34 294807.25 高德红外 2.41
002428 11.11 123065.73 云南锗业 2.4
002534 14.47 110544.45 西子洁能 0.7
002540 5.59 488272.44 亚太科技 7.92
002595 21.65 42990.45 豪迈科技 3.89
002636 8.88 76902.69 金安国纪 1.02
002645 21.26 80819.99 华宏科技 0.52
002741 17.43 34762.65 光华科技 2.77
002812 234.41 79616.21 恩捷股份 4.31
002866 10.76 21592.0 传艺科技 2.28
002892 16.56 21447.18 科力尔 2.16
002913 30.64 36177.96 奥士康 5.18
002943 47.71 134519.36 宇晶股份 6.38
002953 13.75 21435.6 日丰股份 2.61
002977 57.13 13221.7 天箭科技 3.65
002980 27.81 15436.7 华盛昌 3.19
300037 44.5 249242.77 新宙邦 7.0
300082 11.13 143478.05 奥克股份 3.06
300123 6.11 169375.52 亚光科技 3.21
300124 65.65 174641.69 汇川技术 2.42
300193 8.87 75540.23 佳士科技 3.02
300217 4.59 681859.06 东方电热 2.69
300224 13.36 348320.09 正海磁材 2.3
300236 31.22 35217.33 上海新阳 1.59
300258 11.09 201079.16 精锻科技 1.37
300308 33.49 125942.52 中际旭创 0.96
300328 8.27 244698.52 宜安科技 6.99
300337 7.39 221243.88 银邦股份 1.09
300340 14.62 120250.8 科恒股份 7.34
300353 7.78 86129.61 东土科技 2.91
300371 12.23 18151.95 汇中股份 3.21
300379 18.22 147719.3 东方通 5.26
300389 9.98 46888.01 艾比森 3.53
300408 31.5 210005.41 三环集团 3.62
300440 6.45 61792.06 运达科技 0.31
300450 53.5 255110.28 先导智能 4.19
300456 15.53 143306.19 赛微电子 2.64
300457 21.93 101240.31 赢合科技 3.01
300470 38.49 14236.08 中密控股 2.37
300474 96.16 74324.67 景嘉微 5.21
300479 17.63 104355.0 神思电子 3.22
300481 22.51 37662.0 濮阳惠成 0.22
300487 55.58 43915.76 蓝晓科技 5.15
300506 6.02 180589.7 名家汇 5.25
300507 7.01 737348.5 苏奥传感 2.04
300536 18.42 81491.0 农尚环境 5.5
300538 13.55 44533.55 同益股份 3.91
300540 22.88 30550.0 蜀道装备 3.53
300545 16.5 18904.0 联得装备 3.25
300560 14.6 97240.0 中富通 3.62
300566 17.68 25469.69 激智科技 2.08
300582 14.43 106733.78 英飞特 3.59
300617 41.72 32738.6 安靠智电 1.34
300620 30.2 47204.49 光库科技 5.56
300623 21.71 157362.41 捷捷微电 2.94
300643 13.44 126705.93 万通智控 2.36
300660 20.43 33901.92 江苏雷利 3.76
300706 21.38 33273.23 阿石创 3.89
300707 13.99 38814.0 威唐工业 3.86
300816 30.1 17268.0 艾可蓝 0.67
300835 29.19 47385.8 龙磁科技 5.19
300853 28.75 18371.01 申昊科技 3.42
300857 21.47 22965.0 协创数据 2.38
300862 26.93 9396.74 蓝盾光电 1.32
300885 10.71 57784.92 海昌新材 2.69
300890 48.21 50625.15 翔丰华 5.96
300906 25.74 8283.37 日月明 2.02
300912 16.61 11124.48 凯龙高科 0.73
300921 19.8 30270.45 南凌科技 2.59
300930 26.18 8675.81 屹通新材 2.31
300935 31.58 10216.13 盈建科 3.2
300950 25.23 11622.16 德固特 2.6
300963 18.94 22281.63 中洲特材 2.77
300971 25.05 8737.83 博亚精工 2.66
300978 14.26 78880.07 东箭科技 2.44
300987 18.54 88692.15 川网传媒 5.1
300993 23.44 19227.52 玉马遮阳 3.58
301026 38.82 13788.09 浩通科技 5.32
301031 135.0 9951.27 中熔电气 6.93
301067 40.91 7378.02 显盈科技 4.82
301072 37.97 82488.89 中捷精工 5.04
301083 13.6 18290.0 百胜智能 2.56
301123 25.88 31677.75 奕东电子 1.61
301135 26.15 34848.15 瑞德智能 1.95
301159 32.23 10902.0 三维天地 2.97
301186 33.62 19993.0 超达装备 3.13
301198 25.92 31138.21 喜悦智行 4.05
301200 52.5 35303.57 大族数控 1.27
301221 55.44 50567.74 光庭信息 7.42
301222 32.38 39261.36 浙江恒威 3.95
301226 33.61 28516.87 祥明智能 2.56
301236 50.22 45319.14 软通动力 5.26
600110 10.54 818852.62 诺德股份 4.56
600186 2.99 684113.38 莲花健康 3.1
600446 10.24 201640.11 金证股份 2.71
600537 4.5 288092.0 亿晶光电 4.17
600577 5.12 718394.5 精达股份 2.6
600699 13.46 499586.81 均胜电子 2.83
600745 68.39 287889.22 闻泰科技 3.94
600869 4.61 418825.19 远东股份 5.25
600884 24.81 549477.19 杉杉股份 4.99
