000006 5.59 1223043.62 深振业A
000008 2.61 441224.56 神州高铁
000010 3.63 158993.0 美丽生态
000020 9.62 58831.67 深华发A
000031 5.13 1625742.38 大悦城
000045 7.99 52088.11 深纺织A
000046 2.02 1248088.75 泛海控股
000048 23.83 55495.05 京基智农
000058 6.16 151984.0 深赛格
000061 6.43 284052.66 农产品
000069 7.92 1869358.12 华侨城A
000402 6.54 1048241.38 金融街
000407 3.97 124545.0 胜利股份
000421 5.19 71361.43 南京公用
000425 5.41 1020840.31 徐工机械
000506 2.99 263083.0 中润资源
000521 3.84 279648.59 长虹美菱
000540 2.65 1626501.0 中天金融
000607 6.26 1103627.25 华媒控股
000615 9.31 745532.88 奥园美谷
000619 6.4 234926.41 海螺新材
000622 4.45 161885.0 恒立实业
000631 3.74 260110.7 顺发恒业
000655 7.77 108813.19 金岭矿业
000677 3.54 186258.27 恒天海龙
000681 18.19 805287.12 视觉中国
000709 2.52 1090348.5 河钢股份
000717 4.7 523053.72 中南股份
000718 4.71 1198719.62 苏宁环球
000720 5.22 345776.0 新能泰山
000722 9.54 350964.03 湖南发展
000723 13.19 1397570.75 美锦能源
000726 6.71 101338.32 鲁泰A
000758 4.79 259743.36 中色股份
000761 4.57 523021.53 本钢板材
000778 5.29 1634662.38 新兴铸管
000786 32.27 197798.73 北新建材
000789 13.47 256505.05 万年青
000791 6.12 251000.2 甘肃电投
000836 3.13 704936.38 富通信息
000838 9.65 245226.52 财信发展
000877 13.77 239710.12 天山股份
000878 11.72 260208.27 云南铜业
000926 5.43 667201.0 福星股份
000976 4.98 221771.12 华铁股份
000987 8.81 773355.81 越秀资本
000993 12.31 305798.03 闽东电力
002044 6.15 479082.69 美年健康
002047 4.02 923084.0 宝鹰股份
002059 7.45 522415.31 云南旅游
002081 5.7 320944.88 金螳螂
002151 34.1 47877.51 北斗星通
002154 3.98 203436.0 报喜鸟
002159 11.48 42144.02 三特索道
002168 3.7 142319.31 惠程科技
002183 5.18 587309.06 怡亚通
002187 8.85 38120.71 广百股份
002251 6.27 108776.78 步步高
002292 5.23 217207.84 奥飞娱乐
002301 7.39 148555.56 齐心集团
002312 11.08 253904.48 川发龙蟒
002322 10.05 61712.62 理工能科
002348 2.41 666259.69 高乐股份
002357 5.91 228441.59 富临运业
002367 7.39 61143.51 康力电梯
002405 15.03 720932.62 四维图新
002419 6.5 300920.97 天虹股份
002431 3.42 512991.31 棕榈股份
002476 5.37 266746.81 宝莫股份
002503 1.51 886328.19 搜于特
002561 7.96 127404.91 徐家汇
002562 5.29 181493.2 兄弟科技
002599 6.07 697662.31 盛通股份
002605 21.09 179450.55 姚记科技
002607 6.05 1157034.75 中公教育
002635 12.79 62948.85 安洁科技
002638 2.01 337713.81 勤上股份
002642 6.49 260892.5 荣联科技
002654 4.38 255271.0 万润科技
002663 2.1 446441.84 普邦股份
002677 14.42 69464.2 浙江美大
002682 5.2 608368.75 龙洲股份
002697 5.18 449972.28 红旗连锁
002721 3.89 384963.75 金一文化
002746 10.11 229733.19 仙坛股份
002857 15.64 13060.0 三晖电气
002918 19.04 103514.48 蒙娜丽莎
300076 5.51 124003.0 GQY视讯
300084 5.77 180993.81 海默科技
300191 23.87 33372.38 潜能恒信
300197 2.74 276184.91 节能铁汉
300224 13.56 125259.49 正海磁材
300242 3.94 201935.38 佳云科技
300266 4.25 344809.0 兴源环境
300268 19.83 56686.69 佳沃食品
300351 11.33 55895.15 永贵电器
300569 12.37 121959.57 天能重工
300578 21.81 56569.8 会畅通讯
300588 15.23 90230.4 熙菱信息
300622 19.59 53537.96 博士眼镜
300674 18.94 195285.48 宇信科技
300721 40.3 11236.0 怡达股份
300788 24.95 24888.0 中信出版
300947 30.65 14297.0 德必集团
301022 42.49 13348.0 海泰科
301025 16.36 46428.7 读客文化
301130 46.95 43005.49 西点药业
600010 2.32 6881997.0 包钢股份
600020 3.39 237920.38 中原高速
600022 1.75 2224455.5 山东钢铁
600035 3.46 295141.31 楚天高速
600106 4.91 243727.73 重庆路桥
600109 9.97 638167.81 国金证券
600170 3.39 1098618.12 上海建工
600187 2.46 234398.42 国中水务
600230 17.8 185947.89 沧州大化
600256 8.46 1005182.56 广汇能源
600383 15.2 768387.25 金地集团
600393 1.38 520609.19 粤泰股份
600495 3.98 194349.48 晋西车轴
600503 3.49 817445.12 华丽家族
600507 8.96 1034188.25 方大特钢
600545 3.51 306960.44 卓郎智能
600573 10.6 125901.61 惠泉啤酒
600610 13.59 46803.0 中毅达
600636 8.3 79488.11 国新文化
600648 14.22 179509.12 外高桥
600650 10.61 96131.1 锦江在线
600653 2.11 505474.38 申华控股
600658 5.26 251861.89 电子城
600698 5.42 429297.81 湖南天雁
600718 12.32 166652.45 东软集团
600724 4.77 258589.05 宁波富达
600730 6.72 276653.34 中国高科
600735 7.35 182420.98 新华锦
600738 5.77 130672.95 丽尚国潮
600755 8.14 754244.75 厦门国贸
600790 3.97 271102.16 轻纺城
600798 5.07 1483550.0 宁波海运
600803 18.6 183069.73 新奥股份
600807 5.0 568724.31 济南高新
600820 5.47 326262.0 隧道股份
600824 4.13 253561.83 益民集团
600825 4.56 142425.0 新华传媒
600838 7.43 133456.0 上海九百
600857 12.47 53537.0 宁波中百
600892 3.55 63852.0 大晟文化
600908 6.22 490595.69 无锡银行
600965 7.22 183619.5 福成股份
