000066 10.92 651523.25 中国长城 3.7
000545 4.03 400497.28 金浦钛业 1.26
000729 8.06 585119.56 燕京啤酒 2.41
000768 29.32 570021.19 中航西飞 4.53
000776 17.64 926832.31 广发证券 0.8
002091 11.58 351278.88 江苏国泰 1.76
002204 3.97 484573.03 大连重工 2.32
002272 5.27 162762.0 川润股份 0.96
002550 5.82 752160.25 千红制药 4.87
002610 3.58 2293223.0 爱康科技 0.56
002865 89.98 29456.67 钧达股份 3.78
002950 12.96 66464.09 奥美医疗 3.02
300109 14.5 38050.82 新开源 1.19
300125 16.5 48334.49 聆达股份 4.63
300172 4.88 189729.31 中电环保 2.09
300208 10.37 197824.23 青岛中程 0.1
300255 6.35 72223.28 常山药业 0.63
300286 24.76 31438.0 安科瑞 3.47
300315 3.44 1004723.12 掌趣科技 3.61
300317 6.41 567272.94 珈伟新能 7.19
300393 16.83 742634.56 中来股份 1.69
300421 12.01 327235.69 力星股份 7.91
300497 14.19 262311.59 富祥药业 5.03
300554 15.25 58503.15 三超新材 3.95
300696 43.38 44649.56 爱乐达 1.95
300709 42.68 38467.72 精研科技 4.84
300758 10.41 55954.06 七彩化学 3.58
300763 171.0 31949.46 锦浪科技 2.03
300782 211.95 60037.08 卓胜微 4.31
300803 46.62 168203.41 指南针 4.91
300819 22.88 25716.0 聚杰微纤 2.97
300861 85.37 40830.34 美畅股份 1.35
300888 62.85 18294.45 稳健医疗 1.37
300918 8.62 48435.0 南山智尚 1.89
300927 32.26 21451.68 江天化学 2.38
300942 23.01 31546.31 易瑞生物 0.57
301015 21.62 22311.37 百洋医药 1.6
301040 30.7 55592.98 中环海陆 2.33
301049 23.6 13496.51 超越科技 1.77
301065 42.8 18042.74 本立科技 4.9
301099 65.4 27752.09 雅创电子 3.12
301186 33.88 28537.87 超达装备 0.77
301190 24.01 32111.79 善水科技 1.22
301201 75.22 51813.38 诚达药业 6.83
600031 17.51 1222139.62 三一重工 0.75
600179 4.08 241705.19 安通控股 0.25
600207 6.15 161328.34 安彩高科 2.16
600328 22.02 248804.45 中盐化工 1.43
600586 7.07 508086.84 金晶科技 2.76
600835 13.36 87123.29 上海机电 3.89
600906 8.35 722725.81 财达证券 0.24
600958 9.62 1602338.75 东方证券 0.63
