000707 12.57 494457.59 双环科技 4.06
000779 11.84 199302.08 甘咨询 3.77
000902 19.21 347536.53 新洋丰 4.52
000918 3.49 3153450.25 嘉凯城 4.49
000928 7.2 508777.97 中钢国际 5.88
002140 12.03 202722.34 东华科技 2.65
002302 10.1 1156509.12 西部建设 5.76
002539 14.91 592393.31 云图控股 6.5
300945 19.11 159126.44 曼卡龙 3.58
301022 48.1 53525.8 海泰科 7.08
301038 28.42 105846.79 深水规院 4.49
301256 13.35 520642.28 华融化学 4.62
600075 7.88 941520.12 新疆天业 4.79
600096 28.97 1877358.12 云天化 4.89
600251 10.49 604138.25 冠农股份 1.84
600326 7.12 882787.12 西藏天路 7.07
600403 6.16 244025.56 大有能源 0.65
600444 14.4 178615.03 国机通用 4.05
600604 6.6 1301329.75 市北高新 4.93
600638 6.96 313397.72 新黄浦 3.42
600935 6.27 267544.09 华塑股份 1.95
