000006 5.63 2175655.0 深振业A
000078 3.79 403594.47 海王生物
000151 13.51 346429.88 中成股份
000411 15.57 382573.03 英特集团
000739 21.46 120529.54 普洛药业
000788 9.19 432427.88 北大医药
000928 6.44 301036.97 中钢国际
000965 5.35 1366904.38 天保基建
002028 39.05 78855.19 思源电气
002146 2.45 577792.12 荣盛发展
002208 7.36 179502.48 合肥城建
002252 6.07 796281.62 上海莱士
002255 5.15 429632.31 海陆重工
002332 11.41 243407.09 仙琚制药
002365 12.4 142305.84 永安药业
002370 5.82 503069.03 亚太药业
002423 7.64 583278.19 中粮资本
002435 5.7 562199.81 长江健康
002462 16.81 179057.48 嘉事堂
002596 3.71 1766806.5 海南瑞泽
002728 28.0 386181.28 特一药业
002730 8.33 242597.52 电光科技
002923 22.55 222634.86 润都股份
002963 14.46 18874.0 豪尔赛
300086 8.12 656204.12 康芝药业
300099 6.44 100684.27 精准信息
300110 5.19 1022046.5 华仁药业
300147 8.49 871734.88 香雪制药
300149 11.61 200228.48 睿智医药
300171 24.16 135686.38 东富龙
300173 4.44 342187.91 福能东方
300199 22.75 1231555.5 翰宇药业
300318 6.87 248570.12 博晖创新
300359 5.78 370764.47 全通教育
300398 18.47 255128.94 飞凯材料
300404 9.1 143000.56 博济医药
300412 7.14 424609.12 迦南科技
300422 6.02 84022.71 博世科
300434 21.5 580684.25 金石亚药
300452 17.52 148180.17 山河药辅
300501 16.38 63842.94 海顺新材
300551 13.3 89621.43 古鳌科技
300664 5.6 486777.25 鹏鹞环保
300683 41.28 20993.0 海特生物
300816 28.6 26056.39 艾可蓝
300917 28.94 172184.27 特发服务
300949 34.13 17989.46 奥雅股份
301060 22.52 145227.23 兰卫医学
301091 25.94 87752.11 深城交
301130 34.96 25067.31 西点药业
301227 33.92 14446.56 森鹰窗业
301257 48.0 7512.0 普蕊斯
301258 45.63 35024.83 富士莱
301277 34.54 57048.42 新天地
600011 7.12 1134518.62 华能国际
600227 3.24 484733.0 圣济堂
600230 18.72 242614.3 沧州大化
600267 11.8 294564.91 海正药业
600335 8.7 321056.59 国机汽车
600511 30.2 251492.95 国药股份
600641 21.61 474173.09 万业企业
600644 8.01 404155.5 乐山电力
600657 5.9 1396825.75 信达地产
600664 3.71 1475236.38 哈药股份
600721 7.01 107669.85 百花医药
600743 2.13 413749.62 华远地产
600748 3.75 227909.25 上实发展
600764 24.02 84099.7 中国海防
600789 7.46 371365.72 鲁抗医药
600791 5.29 278923.0 京能置业
600794 4.23 512943.88 保税科技
600833 14.45 546530.12 第一医药
