000045 9.4 350791.59 深纺织A
000513 39.08 245680.8 丽珠集团
000722 15.13 458905.53 湖南发展
000949 3.45 318711.41 新乡化纤
002046 12.86 176432.28 国机精工
002101 24.23 279570.78 广东鸿图
002164 6.86 933207.38 宁波东力
002231 8.08 267407.03 奥维通信
002272 6.99 376102.16 川润股份
002276 9.43 260139.41 万马股份
002340 8.16 868139.38 格林美
002350 7.94 302803.75 北京科锐
002471 3.04 1441531.38 中超控股
002560 7.74 333279.0 通达股份
002606 10.94 350856.19 大连电瓷
002837 33.24 135277.52 英维克
002838 21.13 255060.36 道恩股份
002860 17.12 189119.14 星帅尔
002862 15.21 65959.73 实丰文化
002965 54.04 68187.74 祥鑫科技
002984 31.3 64266.85 森麒麟
300037 41.22 78680.86 新宙邦
300109 27.1 97113.47 新开源
300112 10.86 198654.95 万讯自控
300122 98.27 145086.38 智飞生物
300217 6.52 471971.69 东方电热
300360 17.2 184128.12 炬华科技
300416 33.38 42715.48 苏试试验
300490 12.68 207518.64 华自科技
300527 7.33 206202.12 中船应急
300585 14.21 39924.0 奥联电子
300617 38.55 34887.58 安靠智电
300636 17.03 111702.82 同和药业
300712 42.31 40495.23 永福股份
300718 26.89 62967.27 长盛轴承
300724 129.98 112171.68 捷佳伟创
300791 32.69 41373.4 仙乐健康
300861 55.9 44419.23 美畅股份
300893 29.82 23920.12 松原股份
300981 21.6 50642.48 中红医疗
301018 40.46 47937.88 申菱环境
301059 22.6 30890.89 金三江
301069 30.65 61627.77 凯盛新材
301108 36.67 15222.14 洁雅股份
301278 112.78 15793.91 快可电子
600192 6.56 509389.59 长城电工
600268 8.62 712352.44 国电南自
600316 27.37 277381.81 洪都航空
600387 10.9 289481.38 海越能源
600552 11.03 206380.8 凯盛科技
600780 6.72 200335.72 通宝能源
600829 7.74 355379.44 人民同泰
600965 7.0 198076.97 福成股份
