000037 7.27 86376.0 深南电A
000153 8.01 39636.6 丰原药业
000521 4.85 1817156.38 长虹美菱
000529 6.45 94079.0 广弘控股
000539 4.86 353758.81 粤电力A
000650 5.64 160213.34 仁和药业
000661 171.21 60501.73 长春高新
000710 11.81 58659.15 贝瑞基因
000735 6.81 267104.84 罗牛山
000801 8.33 604055.38 四川九洲
000952 7.58 94211.6 广济药业
000955 4.68 103958.0 欣龙控股
000993 10.92 120339.3 闽东电力
000998 14.43 248940.95 隆平高科
002020 10.26 315412.81 京新药业
002033 7.92 181318.56 丽江股份
002082 8.6 44685.95 万邦德
002094 3.49 666252.38 青岛金王
002107 5.84 80780.45 沃华医药
002138 20.43 132953.09 顺络电子
002155 13.21 322687.59 湖南黄金
002162 3.99 198328.56 悦心健康
002195 2.01 1116812.25 二三四五
002198 5.58 161309.0 嘉应制药
002207 8.97 569974.94 准油股份
002267 8.66 258048.55 陕天然气
002278 5.1 229372.12 神开股份
002280 2.81 246832.0 联络互动
002291 14.61 173142.92 遥望科技
002303 3.4 172406.41 美盈森
002332 9.53 108105.93 仙琚制药
002370 4.74 151203.98 亚太药业
002376 7.48 85509.0 新北洋
002382 7.88 105401.56 蓝帆医疗
002389 20.04 256639.27 航天彩虹
002390 4.9 176650.78 信邦制药
002422 22.6 208846.56 科伦药业
002435 4.3 170988.52 长江健康
002436 9.65 517396.81 兴森科技
002437 2.42 256969.31 誉衡药业
002481 5.91 152114.98 双塔食品
002524 6.98 379605.72 光正眼科
002566 7.68 70979.0 益盛药业
002599 4.17 58877.0 盛通股份
002615 6.95 235067.23 哈尔斯
002621 3.84 198348.05 美吉姆
002622 4.29 890678.25 皓宸医疗
002638 2.12 179210.0 勤上股份
002644 9.38 71501.25 佛慈制药
002659 3.88 151748.41 凯文教育
002671 4.35 49995.0 龙泉股份
002675 14.78 115014.11 东诚药业
002688 5.41 143733.02 金河生物
002719 7.45 41318.8 麦趣尔
002728 11.99 41249.0 特一药业
002762 6.99 57315.0 金发拉比
002783 9.13 156106.64 凯龙股份
002788 8.22 92891.33 鹭燕医药
002801 27.0 26243.02 微光股份
002818 12.7 44225.78 富森美
002826 9.73 24656.43 易明医药
002828 10.43 565060.0 贝肯能源
002848 10.3 36572.0 高斯贝尔
002873 15.06 44307.16 新天药业
002879 14.58 32132.54 长缆科技
002883 10.11 58893.04 中设股份
002893 8.68 37211.68 华通热力
002898 10.03 26078.3 赛隆药业
002900 11.54 25760.0 哈三联
002933 21.67 10549.0 新兴装备
002940 39.61 43775.27 昂利康
002981 21.42 9363.0 朝阳科技
002983 17.8 35971.73 芯瑞达
002993 38.39 34187.98 奥海科技
300006 3.81 126064.63 莱美药业
300065 11.16 192131.56 海兰信
300078 4.36 77419.18 思创医惠
300119 21.13 57338.83 瑞普生物
300142 39.05 206731.05 沃森生物
300143 9.86 64440.58 盈康生命
300147 4.93 101371.0 香雪制药
300149 9.49 80254.0 睿智医药
300161 17.47 36531.42 华中数控
300171 24.6 169000.55 东富龙
300175 3.62 56709.01 朗源股份
300199 9.85 196174.64 翰宇药业
300204 10.21 61070.09 舒泰神
300211 7.43 33616.83 亿通科技
300226 17.67 48506.9 上海钢联
300229 10.43 191548.91 拓尔思
300246 13.72 18730.68 宝莱特
300253 7.48 567944.81 卫宁健康
300254 6.29 39430.0 仟源医药
300275 11.34 49451.47 梅安森
300289 5.86 66929.55 利德曼
300290 4.17 109659.36 荣科科技
300314 10.06 22590.0 戴维医疗
300318 6.1 95881.34 博晖创新
300324 3.07 257946.45 旋极信息
300333 5.84 73449.0 兆日科技
300363 46.06 141911.56 博腾股份
300368 6.13 78193.0 汇金股份
300382 22.2 159099.7 斯莱克
300397 10.14 176895.94 天和防务
300404 7.27 39628.69 博济医药
300417 9.64 9789.8 南华仪器
300439 11.37 47235.7 美康生物
300443 43.38 110471.37 金雷股份
300449 5.11 32706.0 汉邦高科
300451 6.45 247721.72 创业慧康
300452 13.42 46571.81 山河药辅
300453 9.44 43452.46 三鑫医疗
300462 8.61 22086.0 华铭智能
300467 10.27 31218.0 迅游科技
300520 16.15 96251.74 科大国创
300531 12.87 55995.5 优博讯
300536 16.23 57465.75 农尚环境
300551 10.64 164747.31 古鳌科技
300555 6.93 33102.56 路通视信
300562 8.73 31167.6 乐心医疗
300572 11.64 31816.43 安车检测
300575 20.18 60141.9 中旗股份
300601 29.76 166815.81 康泰生物
300602 15.91 85140.73 飞荣达
300614 23.3 11440.91 百川畅银
300630 24.03 50919.28 普利制药
300632 10.36 72999.77 光莆股份
300633 48.7 113689.08 开立医疗
300638 18.63 54658.09 广和通
300642 20.54 15409.91 透景生命
300649 17.81 28335.12 杭州园林
300650 10.63 81542.01 太龙股份
300654 10.2 47029.8 世纪天鸿
300658 10.7 129757.26 延江股份
300685 22.97 53489.94 艾德生物
300686 11.63 71549.44 智动力
300688 14.2 53068.18 创业黑马
300702 22.88 31527.5 天宇股份
300703 10.5 42304.4 创源股份
300716 10.87 75055.66 国立科技
300731 18.67 34258.44 科创新源
300748 33.87 79037.94 金力永磁
300749 7.22 16095.0 顶固集创
300783 18.17 41213.02 三只松鼠
300786 13.21 27326.4 国林科技
300789 20.35 9273.2 唐源电气
300811 93.9 7731.6 铂科新材
300829 24.47 24237.74 金丹科技
300833 95.72 8904.66 浩洋股份
300842 51.96 44713.0 帝科股份
300845 13.37 22564.12 捷安高科
300852 32.96 7946.3 四会富仕
300855 48.25 20917.96 图南股份
300869 21.75 42414.57 康泰医学
300873 31.08 21975.9 海晨股份
300878 19.54 8333.83 维康药业
300882 13.58 17607.76 万胜智能
300892 22.94 6513.83 品渥食品
300901 9.26 26661.78 中胤时尚
300910 126.59 17166.91 瑞丰新材
300913 16.98 34145.28 兆龙互连
300929 12.16 26434.42 华骐环保
300932 16.15 18517.53 三友联众
300935 26.3 9827.6 盈建科
300937 24.93 14048.37 药易购
300966 23.77 11656.97 共同药业
300981 19.1 28696.45 中红医疗
300987 14.93 23424.96 川网传媒
300999 43.32 80487.32 金龙鱼
301005 20.32 12182.6 超捷股份
301015 24.79 39142.68 百洋医药
301016 18.97 7192.0 雷尔伟
301017 15.5 15515.68 漱玉平民
301032 7.79 18253.72 新柴股份
301047 94.44 7396.07 义翘神州
301053 21.9 8682.21 远信工业
301058 14.02 68365.82 中粮科工
301059 20.64 22700.81 金三江
301075 21.42 6010.0 多瑞医药
301076 24.01 7087.82 新瀚新材
301087 32.88 22046.16 可孚医疗
301093 26.84 5963.17 华兰股份
301096 62.92 10569.01 百诚医药
301097 66.1 7028.06 天益医疗
301098 18.48 11454.16 金埔园林
301111 21.05 28912.45 粤万年青
301136 13.79 22844.4 招标股份
301166 45.98 9153.53 优宁维
301201 51.82 11203.24 诚达药业
301211 16.98 13289.47 亨迪药业
301213 35.12 10161.0 观想科技
301228 18.25 18487.81 实朴检测
301235 42.8 26271.46 华康医疗
301257 42.33 6072.16 普蕊斯
301333 67.67 8702.39 诺思格
600021 9.92 809776.31 上海电力
600079 17.88 296558.84 人福医药
600094 3.37 288762.78 大名城
600098 5.6 590177.38 广州发展
600099 7.94 24975.0 林海股份
600119 5.92 33246.32 长江投资
600158 9.02 447771.19 中体产业
600196 29.39 290553.56 复星医药
600222 5.29 61428.67 太龙药业
600396 2.83 217127.0 金山股份
600422 11.74 103074.93 昆药集团
600506 10.33 36112.01 香梨股份
600529 28.55 85985.98 山东药玻
600539 7.72 297104.91 狮头股份
600605 16.78 296333.38 汇通能源
600645 17.16 69234.45 中源协和
600713 4.99 150777.0 南京医药
600716 4.13 198594.0 凤凰股份
600736 4.81 226562.11 苏州高新
600738 6.73 124348.0 丽尚国潮
600750 15.06 134934.73 江中药业
600766 14.6 69370.82 园城黄金
600780 5.69 125266.49 通宝能源
600833 9.36 30484.0 第一医药
600844 3.16 137027.0 丹化科技
600857 11.61 25451.0 宁波中百
600898 5.51 39932.01 国美通讯
600976 41.63 34435.0 健民集团
600979 3.37 293940.31 广安爱众
600993 21.17 45502.0 马应龙
600995 14.79 106841.82 南网储能
