000090 6.9 556673.69 天健集团 3.29
000566 5.03 480229.28 海南海药 0.2
000708 19.95 136073.64 中信特钢 6.12
000720 4.97 344294.0 新能泰山 5.07
000728 7.15 481929.75 国元证券 1.42
002208 9.38 866704.0 合肥城建 1.74
002390 6.49 1649220.12 信邦制药 7.27
002649 13.27 243126.92 博彦科技 2.63
002807 4.3 1845833.0 江阴银行 6.7
002920 126.62 27447.04 德赛西威 1.22
002929 31.11 56667.35 润建股份 2.27
002968 36.2 29442.5 新大正 0.33
300049 13.8 111377.0 福瑞股份 0.58
300075 25.28 624072.5 数字政通 3.4
300103 9.51 69022.13 达刚控股 4.16
300149 13.55 185927.72 睿智医药 4.31
300205 19.06 361584.56 天喻信息 6.48
300404 14.01 451715.53 博济医药 2.19
300559 13.43 172870.48 佳发教育 3.31
300751 526.18 14278.37 迈为股份 2.17
300753 19.53 74400.28 爱朋医疗 7.72
600191 4.66 30280.67 华资实业 1.52
600280 2.74 140757.0 中央商场 3.4
600321 2.41 674601.25 正源股份 4.33
600456 52.02 76863.34 宝钛股份 0.14
600721 8.62 101129.1 百花医药 2.13
600770 7.86 409254.25 综艺股份 3.56
600784 7.08 294958.38 鲁银投资 5.51
600861 24.66 63940.1 北京城乡 2.79
