000159 6.29 297648.47 国际实业
000422 22.76 1036890.5 湖北宜化
000558 3.63 1507449.5 莱茵体育
000683 9.83 1033493.19 远兴能源
000707 12.08 468924.88 双环科技
000736 17.5 1270804.88 中交地产
000779 11.41 161346.36 甘咨询
000798 8.31 196792.12 中水渔业
000902 18.38 240058.28 新洋丰
000928 6.8 341395.59 中钢国际
000935 21.82 213905.94 四川双马
002099 7.82 610022.56 海翔药业
002140 11.72 174668.72 东华科技
002302 9.55 1079979.25 西部建设
002305 4.04 5197115.5 南国置业
002356 4.91 134034.11 赫美集团
002390 6.42 699884.81 信邦制药
002539 14.0 326878.41 云图控股
002639 12.69 1732519.62 雪人股份
002731 15.65 83019.13 萃华珠宝
002796 9.46 241722.08 世嘉科技
002830 13.07 103617.89 名雕股份
002895 22.03 89295.21 川恒股份
002947 21.33 97374.1 恒铭达
002968 37.55 20835.75 新大正
300005 7.8 146205.5 探路者
300209 7.42 447886.28 有棵树
300397 12.48 290357.53 天和防务
300406 18.79 250601.0 九强生物
300556 28.91 141341.0 丝路视觉
300581 22.1 118904.47 晨曦航空
300742 35.01 29097.89 越博动力
300828 22.11 33384.0 锐新科技
300881 26.11 68527.26 盛德鑫泰
300909 39.94 6837.59 汇创达
300945 18.45 143247.73 曼卡龙
300965 60.02 6328.0 恒宇信通
300986 38.23 20295.43 志特新材
301027 23.13 88562.63 华蓝集团
301038 27.2 90706.58 深水规院
301069 40.9 105085.5 凯盛新材
301123 28.95 78652.23 奕东电子
301133 26.98 23451.48 金钟股份
301136 23.68 179444.0 招标股份
301137 20.55 130932.04 哈焊华通
301159 44.46 35379.96 三维天地
301181 33.81 43311.95 标榜股份
301186 39.35 38833.29 超达装备
301213 57.11 28843.11 观想科技
301215 7.34 424185.09 中汽股份
301226 37.5 54605.6 祥明智能
600075 7.52 527408.31 新疆天业
600077 4.98 1674810.5 宋都股份
600096 27.62 1718045.38 云天化
600129 22.1 277192.94 太极集团
600251 10.3 552160.38 冠农股份
600425 4.59 1895415.75 青松建化
600444 13.84 128806.18 国机通用
600470 8.27 979552.44 六国化工
600533 5.01 2598203.0 栖霞建设
600569 3.52 2181971.0 安阳钢铁
600586 8.65 519436.06 金晶科技
600638 6.73 303895.34 新黄浦
600678 7.3 893907.88 四川金顶
600766 7.26 70276.4 园城黄金
600818 19.0 68073.36 中路股份
600935 6.15 235420.12 华塑股份
600936 3.65 712978.31 广西广电
