000301 13.91 284636.06 东方盛虹
000422 20.23 686350.88 湖北宜化
000510 6.4 437621.03 新金路
000546 11.97 260079.52 金圆股份
000723 10.82 1055288.5 美锦能源
000733 118.7 51790.65 振华科技
000792 29.4 1045688.56 盐湖股份
000821 9.28 304518.38 京山轻机
000833 7.8 395677.91 粤桂股份
000935 20.78 89685.77 四川双马
000963 34.35 227419.94 华东医药
000982 1.94 1869040.5 中银绒业
002009 16.1 118907.01 天奇股份
002046 11.85 110775.98 国机精工
002074 31.88 313668.56 国轩高科
002171 7.96 189186.52 楚江新材
002182 18.67 258719.84 云海金属
002207 8.19 633625.0 准油股份
002248 7.26 199641.16 华东数控
002367 7.54 93214.64 康力电梯
002409 47.21 51864.07 雅克科技
002431 4.87 4376710.5 棕榈股份
002487 27.07 512829.28 大金重工
002554 3.21 460284.0 惠博普
002646 18.15 233187.52 天佑德酒
002837 26.1 88097.7 英维克
002859 24.65 43911.96 洁美科技
002895 29.22 130867.94 川恒股份
002952 12.26 103740.0 亚世光电
300014 78.0 292114.0 亿纬锂能
300031 14.56 167154.19 宝通科技
300035 28.57 172718.69 中科电气
300037 41.59 102103.44 新宙邦
300044 3.53 288213.41 赛为智能
300075 17.54 515910.0 数字政通
300084 4.61 473445.03 海默科技
300119 17.27 61767.53 瑞普生物
300139 8.4 191976.94 晓程科技
300191 20.88 101279.14 潜能恒信
300299 5.64 574138.94 富春股份
300390 62.33 231639.02 天华超净
300413 36.3 139667.22 芒果超媒
300457 19.45 96394.78 赢合科技
300477 6.52 291433.69 合纵科技
300483 13.78 146668.52 首华燃气
300500 19.84 78192.0 启迪设计
300588 10.72 46700.04 熙菱信息
300604 37.05 54452.35 长川科技
300672 67.15 50382.24 国科微
300693 23.65 174534.8 盛弘股份
300732 15.35 278023.34 设研院
300792 35.71 110235.64 壹网壹创
300799 42.26 11325.57 左江科技
300820 84.95 10300.6 英杰电气
300842 39.99 26405.0 帝科股份
300855 55.22 23299.9 图南股份
300871 19.38 54167.24 回盛生物
301069 35.87 32891.45 凯盛新材
301085 32.3 23758.56 亚康股份
301135 26.4 66109.6 瑞德智能
301268 23.26 68289.05 铭利达
600195 12.0 160288.12 中牧股份
600367 19.02 239833.02 红星发展
600381 14.8 321040.78 青海春天
600399 15.98 342080.0 抚顺特钢
600456 53.59 63709.58 宝钛股份
600478 5.64 229827.64 科力远
600499 15.78 395430.62 科达制造
600711 7.49 764124.94 盛屯矿业
600728 6.41 267691.44 佳都科技
600766 6.3 92286.0 园城黄金
600773 16.04 292791.97 西藏城投
600844 3.23 128707.0 丹化科技
600860 17.79 335030.91 京城股份
