000423 37.2 139844.53 东阿阿胶 1.2
000503 9.47 308096.88 国新健康 3.61
000537 12.98 405884.59 广宇发展 2.53
000757 4.3 252035.0 浩物股份 1.42
000766 5.28 207332.34 通化金马 1.93
000799 185.2 105698.08 酒鬼酒 3.0
002134 10.17 45426.02 天津普林 4.74
002248 7.61 163125.0 华东数控 1.6
002426 2.27 1605510.5 胜利精密 3.18
002534 15.85 193794.27 西子洁能 1.67
002685 3.45 758106.0 华东重机 4.23
002713 6.84 219535.64 东易日盛 1.94
002747 19.8 307064.25 埃斯顿 3.5
002774 9.06 110724.0 快意电梯 2.96
002802 15.11 38471.1 洪汇新材 3.14
002833 24.13 64232.82 弘亚数控 3.74
300161 20.79 97630.83 华中数控 2.11
300294 34.98 86785.89 博雅生物 1.45
300358 18.85 96480.0 楚天科技 2.56
300427 15.02 74141.71 红相股份 1.21
300438 55.09 153282.42 鹏辉能源 3.85
300476 17.45 295623.41 胜宏科技 0.87
300543 10.25 133915.2 朗科智能 3.96
300549 13.39 19268.0 优德精密 0.75
300580 22.02 106030.65 贝斯特 4.36
300607 12.59 227660.52 拓斯达 7.06
300626 9.39 171650.92 华瑞股份 6.58
300809 35.8 78030.0 华辰装备 1.45
300837 41.85 10125.0 浙矿股份 2.93
300946 36.51 40571.03 恒而达 3.05
301023 42.31 16586.94 江南奕帆 4.91
301100 23.29 20401.2 风光股份 1.26
301123 26.36 52125.29 奕东电子 0.34
301135 25.3 29930.43 瑞德智能 1.36
301138 30.7 29359.04 华研精机 2.44
301187 24.92 140946.23 欧圣电气 0.93
301193 28.15 18422.06 家联科技 0.11
600055 24.3 134125.91 万东医疗 0.62
600135 7.83 139664.53 乐凯胶片 1.95
600288 14.18 53590.7 大恒科技 2.6
600882 41.76 89199.73 妙可蓝多 4.69
