000506 3.48 613795.94 中润资源
000545 4.99 857068.0 金浦钛业
000550 19.22 284721.12 江铃汽车
000551 9.9 127441.07 创元科技
000565 8.82 1042045.75 渝三峡A
000633 9.15 164161.44 合金投资
000757 4.9 296181.0 浩物股份
000856 10.39 281863.44 冀东装备
000981 1.77 839926.56 山子股份
002034 25.51 114114.01 旺能环境
002082 11.94 206370.0 万邦德
002141 5.4 298021.09 贤丰控股
002149 14.42 112987.74 西部材料
002155 12.79 440175.28 湖南黄金
002227 15.78 94426.85 奥特迅
002249 6.8 1180292.75 大洋电机
002335 40.51 277053.0 科华数据
002397 4.89 294289.0 梦洁股份
002405 14.35 857567.5 四维图新
002474 6.3 138084.09 榕基软件
002475 35.95 1369138.25 立讯精密
002484 28.21 100089.42 江海股份
002528 3.89 257695.52 英飞拓
002530 8.2 663752.0 金财互联
002546 4.39 605508.0 新联电子
002733 19.01 236975.22 雄韬股份
002782 23.38 220297.98 可立克
002790 9.04 62534.16 瑞尔特
002869 20.33 93762.97 金溢科技
002879 20.46 100870.76 长缆科技
002909 11.83 451997.47 集泰股份
002967 25.15 67228.91 广电计量
300024 11.4 940350.19 机器人
300217 8.47 840782.56 东方电热
300222 9.22 409179.72 科大智能
300243 10.54 39671.0 瑞丰高材
300268 27.7 55982.12 佳沃食品
300360 13.24 138144.12 炬华科技
300378 18.54 96649.94 鼎捷软件
300433 11.25 762377.25 蓝思科技
300437 23.64 94380.04 清水源
300438 76.96 146108.77 鹏辉能源
300496 148.67 79970.58 中科创达
300585 18.71 158578.66 奥联电子
300617 51.09 57589.33 安靠智电
300627 34.74 69036.46 华测导航
300638 26.14 65159.92 广和通
300648 41.03 41638.55 星云股份
300652 34.29 50564.04 雷迪克
300666 76.05 67451.6 江丰电子
300699 72.35 98615.57 光威复材
300701 10.28 69829.18 森霸传感
300752 24.5 56213.47 隆利科技
300769 374.58 32746.35 德方纳米
300776 231.9 20750.34 帝尔激光
300790 20.4 65735.2 宇瞳光学
300796 17.24 41662.78 贝斯美
300801 28.9 68447.01 泰和科技
300884 10.99 35766.24 狄耐克
301021 28.79 38888.99 英诺激光
301023 54.56 22692.19 江南奕帆
301039 9.84 244880.22 中集车辆
301059 18.62 35499.4 金三江
301097 51.46 5135.69 天益医疗
301101 55.7 23298.8 明月镜片
301103 38.35 47672.08 何氏眼科
301119 34.41 25601.0 正强股份
301135 31.78 53674.05 瑞德智能
301226 40.06 41622.34 祥明智能
301233 49.0 29657.26 盛帮股份
600251 11.7 344145.72 冠农股份
600292 6.68 215829.14 远达环保
600468 5.05 297736.69 百利电气
600477 6.28 2223898.25 杭萧钢构
600619 8.29 1247037.25 海立股份
600686 8.22 700976.75 金龙汽车
600884 29.48 446989.41 杉杉股份
600960 4.31 362983.0 渤海汽车
