000668 14.25 81758.66 荣丰控股 7.14
000821 24.97 2335315.0 京山轻机 4.04
002267 8.44 409824.44 陕天然气 7.52
002299 19.93 170920.84 圣农发展 4.29
002492 6.01 151493.0 恒基达鑫 1.86
002576 15.11 164883.73 通达动力 2.93
002719 7.63 80182.82 麦趣尔 2.55
002737 17.21 180655.16 葵花药业 1.47
002746 9.0 109762.95 仙坛股份 2.98
002905 7.75 68685.08 金逸影视 1.31
300249 10.42 564069.62 依米康 2.16
300483 15.59 102423.24 首华燃气 5.7
300517 13.54 39589.87 海波重科 4.8
300588 11.2 105414.46 熙菱信息 4.67
300846 13.36 185281.2 首都在线 0.98
300887 45.1 21375.77 谱尼测试 0.36
300945 16.94 135194.31 曼卡龙 2.11
600193 5.84 335990.25 创兴资源 5.04
600223 9.91 291937.81 鲁商发展 3.55
600760 61.06 250004.12 中航沈飞 3.7
