000020 12.17 208748.31 深华发A
000096 9.59 60276.87 广聚能源
000408 38.14 272897.72 藏格矿业
000554 6.04 440209.44 泰山石油
000603 14.34 200781.48 盛达资源
000637 5.19 290404.25 茂化实华
000779 12.8 412977.41 甘咨询
000792 34.23 1516383.0 盐湖股份
000893 26.9 265034.12 亚钾国际
000960 25.14 442423.12 锡业股份
002046 13.13 144477.3 国机精工
002096 13.83 195286.8 南岭民爆
002231 7.35 681562.06 奥维通信
002276 8.08 355050.19 万马股份
002308 5.1 1121529.88 威创股份
002364 10.03 436799.84 中恒电气
002480 5.75 390507.59 新筑股份
002481 8.63 328164.41 双塔食品
002515 5.54 180559.62 金字火腿
002610 3.93 2475193.0 爱康科技
002757 18.34 489388.62 南兴股份
002817 11.7 87122.04 黄山胶囊
002827 12.06 180704.0 高争民爆
002858 16.29 51647.08 力盛体育
002922 19.02 430754.59 伊戈尔
002941 14.36 398485.53 新疆交建
002953 16.25 39091.0 日丰股份
002971 20.79 27916.0 和远气体
002999 8.73 384844.38 天禾股份
300022 6.86 573238.06 吉峰科技
300118 22.81 596496.88 东方日升
300139 12.28 256198.2 晓程科技
300224 16.27 372186.84 正海磁材
300228 8.68 446038.72 富瑞特装
300250 22.5 751329.19 初灵信息
300316 60.1 147552.81 晶盛机电
300320 14.1 273250.47 海达股份
300343 15.0 1011970.0 联创股份
300435 20.19 233715.0 中泰股份
300471 21.38 181070.14 厚普股份
300499 15.17 478703.41 高澜股份
300693 33.72 193390.14 盛弘股份
300809 45.32 118249.58 华辰装备
300814 23.03 53434.94 中富电路
300971 36.15 13264.87 博亚精工
300985 36.14 66695.23 致远新能
301071 268.01 11533.28 力量钻石
301117 68.86 54127.23 佳缘科技
600160 14.89 600229.06 巨化股份
600172 9.35 706108.0 黄河旋风
600188 31.67 296875.59 兖矿能源
600202 5.78 298716.31 哈空调
600212 4.66 248347.0 绿能慧充
600301 15.29 102612.89 南化股份
600358 6.27 786172.19 国旅联合
600366 12.87 423716.0 宁波韵升
600387 6.99 78293.49 海越能源
600438 41.81 896810.25 通威股份
600444 16.6 161119.92 国机通用
600552 10.93 181612.12 凯盛科技
600651 3.69 404906.12 飞乐音响
600732 18.23 245610.0 爱旭股份
600751 3.15 984752.44 海航科技
600771 33.24 280221.75 广誉远
600773 24.21 501344.75 西藏城投
600863 3.96 2475221.0 内蒙华电
600929 6.9 140443.88 雪天盐业
600981 3.41 481292.94 汇鸿集团
600992 13.96 306575.25 贵绳股份
