000009 11.96 488228.31 中国宝安
000012 7.14 678889.19 南玻A
000014 8.02 134019.45 沙河股份
000017 4.32 76369.8 深中华A
000021 11.7 157408.86 深科技
000025 16.92 87357.36 特力A
000037 7.06 59769.0 深南电A
000042 7.29 81108.52 中洲控股
000045 8.15 93052.0 深纺织A
000049 51.26 151676.05 德赛电池
000056 4.01 118740.42 皇庭国际
000151 10.29 73265.41 中成股份
000153 8.82 90317.0 丰原药业
000155 19.79 235202.77 川能动力
000409 6.82 154183.27 云鼎科技
000416 3.7 172732.0 民生控股
000421 4.6 76839.0 南京公用
000425 4.73 541465.94 徐工机械
000519 21.06 686235.75 中兵红箭
000533 4.02 127621.96 顺钠股份
000537 13.58 237478.64 广宇发展
000558 3.01 242292.0 莱茵体育
000572 4.84 170553.19 海马汽车
000584 6.97 244601.41 哈工智能
000589 4.42 136229.2 贵州轮胎
000603 10.07 71837.74 盛达资源
000615 5.45 103537.27 奥园美谷
000657 14.88 142647.86 中钨高新
000665 5.79 295969.41 湖北广电
000677 3.05 165817.52 恒天海龙
000681 10.42 122541.24 视觉中国
000682 8.39 173537.44 东方电子
000697 7.96 134098.44 炼石航空
000701 5.36 41792.09 厦门信达
000702 5.85 117003.17 正虹科技
000713 8.44 200406.69 丰乐种业
000715 4.81 63679.1 中兴商业
000716 4.28 594462.19 黑芝麻
000721 5.28 900967.12 西安饮食
000728 6.44 561193.75 国元证券
000731 7.98 109449.7 四川美丰
000739 21.6 158791.28 普洛药业
000753 3.92 110774.28 漳州发展
000758 4.59 256729.77 中色股份
000777 10.52 87321.48 中核科技
000788 7.8 464288.84 北大医药
000795 6.84 281424.19 英洛华
000798 9.71 54001.62 中水渔业
000816 3.76 282830.44 智慧农业
000821 21.5 980876.5 京山轻机
000829 9.16 161959.53 天音控股
000837 10.1 580528.56 秦川机床
000851 5.55 1130882.25 高鸿股份
000868 6.07 755885.69 安凯客车
000908 3.45 277204.72 景峰医药
000911 7.2 39991.95 南宁糖业
000920 8.39 63981.0 沃顿科技
000950 5.27 338796.88 重药控股
000957 13.75 1307998.38 中通客车
000962 9.08 57258.23 东方钽业
000968 8.81 186062.41 蓝焰控股
000969 8.26 136824.84 安泰科技
000970 13.57 492588.81 中科三环
000985 16.14 27595.0 大庆华科
002008 26.09 191968.77 大族激光
002009 15.04 98191.47 天奇股份
002019 11.18 102432.51 亿帆医药
002026 11.02 84265.3 山东威达
002038 8.5 117878.26 双鹭药业
002044 4.4 539819.69 美年健康
002045 12.56 333639.0 国光电器
002047 4.75 396351.44 宝鹰股份
002060 6.74 245182.72 粤水电
002062 5.09 130244.0 宏润建设
002063 6.86 518794.28 远光软件
002079 13.11 413824.12 苏州固锝
002082 10.06 170246.31 万邦德
002084 4.32 303249.97 海鸥住工
002090 13.16 378317.44 金智科技
002108 4.82 190980.72 沧州明珠
002119 13.91 520669.25 康强电子
002127 4.66 296708.97 南极电商
002130 6.66 163819.55 沃尔核材
002136 13.87 38400.32 安纳达
002139 11.68 399768.56 拓邦股份
002141 4.51 128064.56 贤丰控股
002145 6.97 307017.84 中核钛白
002159 11.63 55005.9 三特索道
002162 3.9 98545.4 悦心健康
002164 5.79 103916.0 宁波东力
002166 10.0 279311.78 莱茵生物
002167 5.88 104715.16 东方锆业
002168 3.84 171713.59 惠程科技
002169 9.39 264624.84 智光电气
002170 5.45 120049.05 芭田股份
002172 3.66 546162.25 澳洋健康
002173 7.15 572551.0 创新医疗
002176 19.94 617854.38 江特电机
002183 5.4 330422.75 怡亚通
002191 7.37 255287.64 劲嘉股份
002192 116.66 96469.34 融捷股份
002197 11.25 1103434.75 证通电子
002201 14.3 125531.66 正威新材
002204 5.7 558752.75 大连重工
002205 9.58 60230.67 国统股份
002215 5.49 345150.72 诺普信
002229 6.7 86999.81 鸿博股份
002234 16.9 102869.69 民和股份
002240 45.47 243875.78 盛新锂能
002243 7.98 85445.56 力合科创
002255 5.16 130172.25 海陆重工
002256 2.51 232377.0 兆新股份
002261 7.59 1563246.25 拓维信息
002268 37.8 593146.0 电科网安
002270 8.33 179192.48 华明装备
002272 6.51 231075.52 川润股份
002273 12.45 256691.69 水晶光电
002286 8.3 44902.88 保龄宝
002290 8.2 67953.0 禾盛新材
002295 6.51 39704.0 精艺股份
002306 4.07 166448.0 中科云网
002308 4.78 779208.31 威创股份
002312 11.68 241039.19 川发龙蟒
002318 17.29 113573.21 久立特材
002326 23.13 246843.16 永太科技
002330 5.87 127764.13 得利斯
002334 8.93 553264.62 英威腾
002335 44.2 231381.64 科华数据
002340 7.67 551352.75 格林美
002342 4.0 155160.67 巨力索具
002348 2.27 529273.75 高乐股份
002349 13.6 963066.5 精华制药
002350 7.51 206851.23 北京科锐
002351 8.32 66203.52 漫步者
002357 5.35 44816.02 富临运业
002364 7.84 191469.5 中恒电气
002369 4.69 177774.77 卓翼科技
002374 4.46 271975.0 中锐股份
002384 26.06 195743.56 东山精密
002395 11.65 123695.84 双象股份
002401 10.05 146484.73 中远海科
002416 10.24 155361.48 爱施德
002425 4.62 126601.4 凯撒文化
002434 7.78 135984.91 万里扬
002435 4.71 483339.59 长江健康
002438 11.56 80406.51 江苏神通
002449 8.53 218819.92 国星光电
002452 7.51 117441.26 长高电新
002458 10.36 262050.02 益生股份
002466 100.18 527594.38 天齐锂业
002467 4.48 639969.25 二六三
002471 2.72 427258.72 中超控股
002483 5.96 118904.79 润邦股份
002497 27.56 342772.91 雅化集团
002510 4.28 911612.19 天汽模
002519 5.04 574282.25 银河电子
002523 2.93 174329.48 天桥起重
002527 6.33 75000.09 新时达
002533 6.6 131731.2 金杯电工
002550 5.94 309003.19 千红制药
002555 14.87 279797.19 三七互娱
002561 7.61 141682.09 徐家汇
002576 13.49 64403.19 通达动力
002584 6.9 118317.0 西陇科学
002589 4.3 532052.06 瑞康医药
002597 33.71 70088.69 金禾实业
002605 13.97 68867.84 姚记科技
002621 3.77 257090.94 美吉姆
002622 4.13 309989.19 皓宸医疗
002624 11.77 287878.44 完美世界
002630 3.26 1246035.0 华西能源
002632 6.35 59680.64 道明光学
002635 13.33 88440.77 安洁科技
002645 15.14 82612.54 华宏科技
002646 13.79 66281.12 天佑德酒
002652 2.71 69542.43 扬子新材
002655 11.3 65061.24 共达电声
002660 8.29 56678.0 茂硕电源
002661 11.48 115080.43 克明食品
002678 5.87 138973.16 珠江钢琴
002685 4.87 584371.56 华东重机
002698 15.83 90505.79 博实股份
002709 44.26 352604.28 天赐材料
002717 2.67 284370.56 岭南股份
002719 7.55 29049.4 麦趣尔
002721 2.95 132098.0 金一文化
002723 11.7 79120.52 小崧股份
002735 20.5 43399.74 王子新材
002738 94.01 178903.31 中矿资源
002745 8.59 213845.91 木林森
002746 9.27 136585.52 仙坛股份
002748 10.82 39109.0 世龙实业
002759 17.9 69496.06 天际股份
002762 6.91 48260.46 金发拉比
002772 8.22 132213.44 众兴菌业
002775 3.76 52611.78 文科园林
002780 10.35 24678.46 三夫户外
002792 12.01 91867.76 通宇通讯
002801 28.58 18705.08 微光股份
002805 45.58 81790.58 丰元股份
002815 10.95 55018.15 崇达技术
002820 7.75 32838.2 桂发祥
002823 10.57 73723.22 凯中精密
002827 9.35 58294.67 高争民爆
002837 35.05 140265.05 英维克
002842 8.1 45375.21 翔鹭钨业
002860 13.24 126106.3 星帅尔
002861 10.56 18583.07 瀛通通讯
002862 13.24 22672.5 实丰文化
002869 21.64 51643.6 金溢科技
002870 28.69 17210.0 香山股份
002881 30.0 28487.88 美格智能
002882 14.16 343653.28 金龙羽
002883 10.35 54468.9 中设股份
002886 18.33 43450.7 沃特股份
002896 25.46 104664.19 中大力德
002902 15.02 63889.0 铭普光磁
002903 26.59 170422.81 宇环数控
002917 11.01 151099.39 金奥博
002921 14.6 22791.7 联诚精密
002922 18.25 101276.75 伊戈尔
002927 11.17 37636.42 泰永长征
002953 11.33 82927.16 日丰股份
002973 10.93 22211.24 侨银股份
002976 25.92 40290.82 瑞玛精密
002988 13.78 13205.0 豪美新材
002997 26.76 105500.31 瑞鹄模具
002998 6.7 21038.0 优彩资源
300001 15.87 158192.55 特锐德
300006 4.11 155172.2 莱美药业
300007 19.05 82008.66 汉威科技
300017 5.52 623580.38 网宿科技
300018 6.87 97323.96 中元股份
300019 15.57 51468.24 硅宝科技
300021 4.61 93003.75 大禹节水
300022 4.63 119434.0 吉峰科技
300024 9.29 170532.2 机器人
300027 2.16 388933.75 华谊兄弟
300031 13.77 108154.45 宝通科技
300035 19.97 165236.17 中科电气
300040 6.4 90255.22 九洲集团
300046 15.8 46594.17 台基股份
300048 5.24 137322.11 合康新能
300056 8.13 97558.34 中创环保
300059 16.2 3334800.75 东方财富
300066 5.36 105907.48 三川智慧
300068 19.13 616865.19 南都电源
300073 60.62 165738.58 当升科技
300080 5.17 201030.45 易成新能
300081 6.45 127436.0 恒信东方
300086 5.9 289476.25 康芝药业
300087 15.45 278793.31 荃银高科
300088 6.39 305220.28 长信科技
300094 5.06 389540.41 国联水产
300106 8.04 40831.65 西部牧业
300110 4.14 271333.12 华仁药业
300112 10.17 102328.16 万讯自控
300117 3.83 300728.19 嘉寓股份
300127 15.88 40072.0 银河磁体
300132 6.39 151552.69 青松股份
300133 4.38 314134.91 华策影视
300141 8.65 63886.0 和顺电气
300150 4.15 69618.0 世纪瑞尔
300153 7.48 79930.67 科泰电源
300157 3.37 91502.73 恒泰艾普
300158 5.5 510035.19 振东制药
300160 6.68 118583.4 秀强股份
300161 22.75 111450.44 华中数控
300168 9.11 223104.09 万达信息
300169 4.51 50847.01 天晟新材
300172 4.65 68662.07 中电环保
300179 13.25 109266.15 四方达
300182 4.53 369337.38 捷成股份
300183 13.83 42070.69 东软载波
300189 3.97 248449.95 神农科技
300199 10.81 335334.53 翰宇药业
300217 6.36 394872.75 东方电热
300218 10.27 27280.89 安利股份
300219 7.52 73180.0 鸿利智汇
300220 11.51 16628.0 金运激光
300222 7.13 98533.89 科大智能
300225 5.49 62647.8 金力泰
300227 7.22 83592.6 光韵达
300235 10.82 85387.26 方直科技
300241 4.99 65688.32 瑞丰光电
300246 14.64 21764.19 宝莱特
300254 6.89 58262.0 仟源医药
300261 11.51 430477.84 雅本化学
300263 7.24 255944.0 隆华科技
300265 8.88 54044.94 通光线缆
300274 134.99 242797.59 阳光电源
300280 16.33 36646.95 紫天科技
300283 5.38 42178.0 温州宏丰
300285 24.2 86115.74 国瓷材料
300288 10.05 93923.0 朗玛信息
300289 6.26 82927.76 利德曼
300290 4.95 315131.0 荣科科技
300296 5.83 254949.48 利亚德
300303 4.29 139472.72 聚飞光电
300305 12.12 50770.0 裕兴股份
300318 6.39 106300.55 博晖创新
300319 8.26 96449.67 麦捷科技
300327 32.18 95249.02 中颖电子
300329 6.41 35194.0 海伦钢琴
300335 4.58 201948.12 迪森股份
300343 11.24 284231.53 联创股份
300344 4.69 88137.12 立方数科
300350 4.98 79109.0 华鹏飞
300371 12.7 13756.2 汇中股份
300375 3.84 72214.57 鹏翎股份
300384 16.82 27119.89 三联虹普
300387 6.49 67797.0 富邦股份
300389 9.67 44048.41 艾比森
300398 17.51 84569.52 飞凯材料
300403 6.89 183773.12 汉宇集团
300404 7.75 54065.1 博济医药
300409 14.74 112608.93 道氏技术
300412 6.38 137052.48 迦南科技
300413 22.82 132119.66 芒果超媒
300414 8.18 44565.43 中光防雷
300417 10.53 9679.6 南华仪器
300435 14.18 45159.5 中泰股份
300437 16.82 66353.67 清水源
300453 8.98 51310.0 三鑫医疗
300458 20.07 110444.9 全志科技
300460 10.12 40875.8 惠伦晶体
300470 44.36 33230.63 中密控股
300471 13.15 48563.44 厚普股份
300472 14.87 137044.73 新元科技
300477 5.4 196245.69 合纵科技
300482 31.78 161635.53 万孚生物
300483 12.8 40856.11 首华燃气
300484 11.9 33702.0 蓝海华腾
300488 24.65 29440.85 恒锋工具
300497 12.5 112398.56 富祥药业
300500 14.46 19163.6 启迪设计
300501 14.19 14293.65 海顺新材
300503 10.71 129399.0 昊志机电
300505 22.05 80030.79 川金诺
300510 4.63 141309.09 金冠股份
300520 18.32 162397.91 科大国创
300521 11.05 27730.56 爱司凯
300528 5.79 76766.6 幸福蓝海
300538 11.63 15474.0 同益股份
300543 9.43 26439.63 朗科智能
300547 16.79 26458.0 川环科技
300552 20.81 39832.48 万集科技
300554 20.19 51025.65 三超新材
300556 18.17 24486.58 丝路视觉
300562 9.64 38125.0 乐心医疗
300565 27.27 256257.28 科信技术
300572 12.57 43271.55 安车检测
300578 16.37 53839.63 会畅通讯
300584 25.68 36909.14 海辰药业
300591 4.73 64159.99 万里马
300602 18.1 94369.09 飞荣达
300612 17.59 81890.75 宣亚国际
300618 42.29 46331.34 寒锐钴业
300622 20.48 11612.21 博士眼镜
300623 19.07 70493.16 捷捷微电
300626 8.48 29122.51 华瑞股份
300629 24.98 134840.45 新劲刚
300632 10.34 40316.0 光莆股份
300649 18.06 18963.01 杭州园林
300650 10.25 63988.4 太龙股份
300651 23.71 24831.0 金陵体育
300660 25.33 59610.93 江苏雷利
300668 18.41 11585.5 杰恩设计
300670 7.71 43744.0 大烨智能
300673 17.74 63608.74 佩蒂股份
300677 21.78 136664.66 英科医疗
300681 40.64 29976.8 英搏尔
300685 24.13 42474.15 艾德生物
300694 9.98 38820.0 蠡湖股份
300702 23.87 64778.41 天宇股份
300708 10.2 62142.85 聚灿光电
300709 30.08 48218.63 精研科技
300712 44.8 52535.84 永福股份
300725 90.17 40292.64 药石科技
300726 46.2 47381.2 宏达电子
300736 11.88 28697.6 百邦科技
300740 11.86 97201.4 水羊股份
300742 12.01 40988.32 越博动力
300746 9.45 22885.94 汉嘉设计
300748 32.11 91748.24 金力永磁
300749 7.55 23726.95 顶固集创
300750 386.2 199164.86 宁德时代
300755 23.03 59906.05 华致酒行
300774 12.03 54893.61 倍杰特
300778 13.21 17934.05 新城市
300785 29.44 49136.14 值得买
300797 16.16 83209.13 钢研纳克
300801 23.68 21234.37 泰和科技
300803 45.53 87285.27 指南针
300806 23.14 22040.2 斯迪克
300810 18.44 18260.0 中科海讯
300811 108.14 7970.6 铂科新材
300815 16.06 16201.24 玉禾田
300822 15.99 19269.5 贝仕达克
300823 17.24 6822.0 建科机械
300825 12.05 56443.03 阿尔特
300826 12.03 12081.92 测绘股份
300827 67.66 93592.06 上能电气
300835 28.96 17757.8 龙磁科技
300837 48.18 16339.37 浙矿股份
300843 18.79 16450.0 胜蓝股份
300844 23.96 3634.6 山水比德
300845 24.5 145942.2 捷安高科
300848 22.95 35465.69 美瑞新材
300866 56.55 26574.98 安克创新
300868 16.55 7615.13 杰美特
300869 24.98 108572.16 康泰医学
300880 16.03 24690.74 迦南智能
300885 9.45 16957.16 海昌新材
300888 67.98 16792.62 稳健医疗
300890 40.36 35355.43 翔丰华
300892 22.2 7988.61 品渥食品
300894 23.23 19120.65 火星人
300898 17.27 11679.81 熊猫乳品
300899 21.79 5397.0 上海凯鑫
300901 9.28 23261.22 中胤时尚
300907 20.3 5661.39 康平科技
300912 13.38 11858.02 凯龙高科
300917 19.32 27362.8 特发服务
300919 74.2 55391.14 中伟股份
300923 20.85 4864.99 研奥股份
300926 25.09 22229.8 博俊科技
300929 11.72 18125.0 华骐环保
300931 7.13 18251.85 通用电梯
300932 16.85 14688.67 三友联众
300936 25.89 7311.0 中英科技
300942 17.12 24951.5 易瑞生物
300943 14.04 25611.45 春晖智控
300945 12.62 21434.29 曼卡龙
300946 33.63 14519.66 恒而达
300948 13.0 13284.15 冠中生态
300949 30.44 5947.6 奥雅股份
300951 50.0 7744.71 博硕科技
300953 90.2 15174.52 震裕科技
300958 17.77 8623.12 建工修复
300961 11.02 21514.94 深水海纳
300963 17.36 25409.84 中洲特材
300964 27.43 8266.99 本川智能
300967 16.07 69526.77 晓鸣股份
300968 8.96 33853.0 格林精密
300969 73.6 12795.19 恒帅股份
300975 6.73 35210.85 商络电子
300977 19.67 7057.79 深圳瑞捷
300981 19.36 25857.96 中红医疗
300982 52.67 14157.38 苏文电能
300985 22.33 9184.46 致远新能
300987 14.08 22545.3 川网传媒
300989 17.83 3562.6 蕾奥规划
300994 19.9 23140.53 久祺股份
300995 19.0 3742.0 奇德新材
300996 45.17 54909.97 普联软件
300997 10.43 24698.0 欢乐家
301001 23.1 30018.91 凯淳股份
301003 23.49 6481.4 江苏博云
301009 10.76 20020.01 可靠股份
301010 19.05 21584.76 晶雪节能
301011 24.22 25769.06 华立科技
301012 33.14 13631.23 扬电科技
301013 9.42 35473.71 利和兴
301023 42.93 6741.28 江南奕帆
301025 9.82 32665.63 读客文化
301026 27.12 12898.42 浩通科技
301027 14.74 28838.24 华蓝集团
301036 17.75 5258.87 双乐股份
301040 22.44 15909.41 中环海陆
301051 48.47 4294.0 信濠光电
301056 8.06 8677.33 森赫股份
301057 19.63 24069.32 汇隆新材
301060 23.73 200313.2 兰卫医学
301061 29.25 4202.87 匠心家居
301062 7.95 34043.81 上海艾录
301065 33.35 5549.09 本立科技
301066 10.0 10783.95 万事利
301071 128.54 34809.67 力量钻石
301075 24.07 6753.83 多瑞医药
301077 20.13 9926.04 星华新材
301078 10.31 77110.99 孩子王
301082 17.33 16169.01 久盛电气
301087 34.63 24361.8 可孚医疗
301090 10.5 47159.54 华润材料
301092 29.48 42751.7 争光股份
301098 17.9 7174.51 金埔园林
301100 20.82 14635.06 风光股份
301102 29.07 12005.6 兆讯传媒
301110 38.78 16461.11 青木股份
301116 15.1 24775.62 益客食品
301125 25.59 9351.66 腾亚精工
301126 15.78 64410.73 达嘉维康
301130 32.34 10291.11 西点药业
301135 24.58 11571.09 瑞德智能
301151 17.94 9331.06 冠龙节能
301152 52.86 35037.24 天力锂能
301160 37.12 8783.91 翔楼新材
301161 18.81 25255.6 唯万密封
301177 43.94 24438.39 迪阿股份
301179 40.7 12620.85 泽宇智能
301180 19.1 13386.95 万祥科技
301182 20.78 8874.2 凯旺科技
301183 24.06 8429.0 东田微
301195 77.07 9164.4 北路智控
301196 34.76 4068.52 唯科科技
301199 22.31 16699.7 迈赫股份
301200 42.28 11224.83 大族数控
301201 56.88 17548.46 诚达药业
301205 41.91 17101.95 联特科技
301211 17.95 19109.88 亨迪药业
301217 12.52 36722.93 铜冠铜箔
301219 70.97 24185.25 腾远钴业
301226 31.27 8415.27 祥明智能
301228 17.27 11455.34 实朴检测
301229 32.01 9909.81 纽泰格
301231 21.27 14100.67 荣信文化
301233 38.18 7216.0 盛帮股份
301234 32.65 18066.97 五洲医疗
301235 46.2 19055.91 华康医疗
301236 34.47 120551.4 软通动力
301238 26.13 52267.69 瑞泰新材
301239 51.5 25338.75 普瑞眼科
301256 8.42 33927.64 华融化学
301283 62.34 10844.5 聚胶股份
301288 17.67 14298.65 清研环境
301300 33.68 8674.29 远翔新材
301308 64.08 62941.12 江波龙
301331 42.85 46630.52 恩威医药
301333 71.9 7418.77 诺思格
301338 62.22 15306.5 凯格精机
301339 17.4 296746.81 通行宝
600054 10.8 118055.2 黄山旅游
600059 8.91 94266.0 古越龙山
600063 6.06 484481.59 皖维高新
600071 19.16 94217.17 凤凰光学
600096 20.69 348102.34 云天化
600108 3.08 222886.05 亚盛集团
600118 22.99 219016.8 中国卫星
600131 15.34 330706.34 国网信通
600149 5.58 64874.09 廊坊发展
600185 5.76 232439.59 格力地产
600196 34.39 696119.56 复星医药
600201 8.63 243633.94 生物股份
600207 6.45 98426.57 安彩高科
600213 8.32 103477.72 亚星客车
600218 9.09 50440.0 全柴动力
600250 4.92 47028.48 南纺股份
600257 4.69 109747.78 大湖股份
600259 45.25 209642.34 广晟有色
600267 11.28 271912.5 海正药业
600272 10.14 97140.67 开开实业
600276 41.49 834855.69 恒瑞医药
600287 5.19 67974.92 江苏舜天
600313 10.1 578362.75 农发种业
600330 12.71 294422.34 天通股份
600338 22.15 303874.94 西藏珠峰
600359 7.79 126280.01 新农开发
600379 10.85 75465.86 宝光股份
600380 12.2 339898.62 健康元
600381 9.28 167409.27 青海春天
600387 8.57 60649.86 海越能源
600405 6.05 419286.41 动力源
600418 13.14 1030789.44 江淮汽车
600419 14.2 75697.57 天润乳业
600444 12.92 16878.0 国机通用
600478 8.64 288656.06 科力远
600493 5.3 34327.0 凤竹纺织
600549 21.1 222588.45 厦门钨业
600556 6.19 190681.95 天下秀
600559 22.28 275753.34 老白干酒
600560 10.41 33123.83 金自天正
600579 7.26 115567.0 克劳斯
600580 12.89 193689.66 卧龙电驱
600616 5.88 103217.43 金枫酒业
600647 15.54 13970.0 同达创业
600712 3.76 110820.0 南宁百货
600721 6.99 181454.52 百花医药
600730 6.11 373507.06 中国高科
600732 36.35 485492.59 爱旭股份
600735 6.01 45261.28 新华锦
600744 4.19 88390.95 华银电力
600775 10.34 145654.73 南京熊猫
600796 5.27 40245.24 钱江生化
600811 2.57 374171.59 东方集团
600817 9.14 28621.71 宇通重工
600831 5.27 120910.38 广电网络
600855 11.35 116341.36 航天长峰
600861 18.25 41034.83 北京城乡
600880 4.69 293899.38 博瑞传播
600888 8.3 189114.22 新疆众和
600901 5.44 521434.34 江苏金租
600906 7.38 242727.78 财达证券
600927 17.5 41943.3 永安期货
600941 69.4 85566.91 中国移动
600970 8.97 195356.56 中材国际
600980 14.66 26328.01 北矿科技
600982 4.26 91461.5 宁波能源
600995 15.19 141277.14 南网储能
600996 10.1 357997.94 贵广网络
