000032 23.13 50787.35 深桑达A
000510 6.78 518088.19 新金路
000605 6.1 90086.59 渤海股份
000630 3.94 3110341.75 铜陵有色
000717 4.9 535308.81 中南股份
000761 4.29 390715.38 本钢板材
000851 6.3 896889.44 高鸿股份
000898 3.96 814429.38 鞍钢股份
000937 6.62 1537772.38 冀中能源
002006 22.26 218194.92 精功科技
002063 8.41 300496.03 远光软件
002066 11.89 94244.14 瑞泰科技
002124 6.68 745052.88 天邦食品
002188 6.35 199362.23 中天服务
002279 5.18 224147.31 久其软件
002544 25.01 153956.61 普天科技
002585 24.8 135360.34 双星新材
002748 13.42 193786.58 世龙实业
002838 15.31 43283.53 道恩股份
002875 11.1 91140.96 安奈儿
300052 26.34 281612.19 中青宝
300138 16.96 77253.3 晨光生物
300306 11.86 120659.5 远方信息
300308 37.36 130270.06 中际旭创
300328 10.02 194563.94 宜安科技
300359 6.25 234495.08 全通教育
300436 35.87 73013.25 广生堂
300536 17.92 40500.28 农尚环境
300592 18.87 27303.0 华凯易佰
300681 101.99 10162.94 英搏尔
300825 26.63 72584.1 阿尔特
300942 28.11 62821.39 易瑞生物
301026 58.99 9393.52 浩通科技
600021 11.98 583850.25 上海电力
600256 6.74 1725079.75 广汇能源
600487 14.66 384115.47 亨通光电
600576 6.14 470990.62 祥源文旅
600808 4.42 1467306.38 马钢股份
