000521 4.2 897905.62 长虹美菱 5.53
000543 4.94 1902195.25 皖能电力 5.11
000863 3.54 375252.69 三湘印象 1.14
002062 7.35 1223863.5 宏润建设 5.0
002209 7.06 69451.62 达意隆 3.37
002328 6.52 815435.94 新朋股份 3.49
002566 8.14 96687.25 益盛药业 1.88
002603 26.9 1225877.25 以岭药业 7.13
002628 3.97 584559.81 成都路桥 5.58
002633 9.6 34270.44 申科股份 2.67
300071 3.5 632446.62 福石控股 6.06
300486 10.22 92377.78 东杰智能 3.13
300514 11.2 120159.0 友讯达 3.8
300683 47.77 56482.44 海特生物 3.87
300830 8.37 206179.52 金现代 4.23
300956 19.07 53881.84 英力股份 3.98
301126 18.95 123924.1 达嘉维康 4.18
600854 6.0 380050.72 春兰股份 2.56
600908 5.93 958302.25 无锡银行 6.46
600982 5.89 841727.25 宁波能源 3.15
600995 17.55 375266.47 南网储能 4.59
