000006 4.64 869222.62 深振业A
000415 2.19 451341.44 渤海租赁
000421 4.69 61588.0 南京公用
000428 3.65 539695.0 华天酒店
000505 10.01 814434.56 京粮控股
000514 6.3 1617726.5 渝开发
000521 3.51 347419.0 长虹美菱
000545 3.85 467874.47 金浦钛业
000552 4.15 902357.44 靖远煤电
000584 4.33 101578.29 哈工智能
000610 8.23 130011.88 西安旅游
000638 5.46 45056.0 万方发展
000663 6.51 79514.0 永安林业
000683 8.57 736320.0 远兴能源
000702 4.85 95941.25 正虹科技
000716 3.1 273751.0 黑芝麻
000735 5.98 196831.12 罗牛山
000759 5.19 91025.11 中百集团
000782 4.8 89706.0 美达股份
000830 18.79 491514.75 鲁西化工
000882 1.89 887150.0 华联股份
000886 3.86 303956.59 海南高速
000905 7.66 226254.06 厦门港务
000911 9.52 101531.02 南宁糖业
000912 5.48 363433.41 泸天化
000930 8.72 308660.78 中粮科技
000937 7.17 899454.56 冀中能源
000998 17.72 540334.56 隆平高科
002033 6.58 269245.62 丽江股份
002035 5.6 102151.23 华帝股份
002072 5.63 37833.19 凯瑞德
002100 9.18 240755.81 天康生物
002165 4.19 197512.0 红宝丽
002166 9.65 731693.69 莱茵生物
002170 5.46 258030.92 芭田股份
002188 5.24 47525.42 中天服务
002215 6.23 392576.97 诺普信
002324 10.7 110845.44 普利特
002329 4.56 97113.0 皇氏集团
002385 7.58 1546269.12 大北农
002391 7.09 70494.5 长青股份
002490 3.72 83069.76 山东墨龙
002505 3.02 1493460.38 鹏都农牧
002513 4.72 100076.02 蓝丰生化
002539 14.79 392823.31 云图控股
002545 12.42 334591.25 东方铁塔
002555 23.03 304433.72 三七互娱
002588 6.95 517653.97 史丹利
002596 4.09 1547929.12 海南瑞泽
002696 5.74 106406.6 百洋股份
002758 13.35 238611.64 浙农股份
002772 6.79 135394.69 众兴菌业
002807 4.14 415259.59 江阴银行
002809 9.25 22574.8 红墙股份
002824 28.28 82239.01 和胜股份
002852 10.61 64767.45 道道全
002935 25.2 40800.1 天奥电子
002981 25.1 17526.73 朝阳科技
002995 19.83 14398.8 天地在线
300011 5.73 118399.58 鼎汉技术
300043 2.8 278873.0 星辉娱乐
300071 3.28 164924.03 福石控股
300106 8.72 105099.7 西部牧业
300175 3.98 143502.03 朗源股份
300207 26.44 448150.47 欣旺达
300277 6.33 40528.0 海联讯
300279 5.5 239017.0 和晶科技
300337 6.27 110029.0 银邦股份
300381 9.68 150890.0 溢多利
300406 16.46 95516.09 九强生物
300419 5.08 60017.0 浩丰科技
300468 16.94 123055.69 四方精创
300511 6.58 175207.05 雪榕生物
300517 11.99 18429.8 海波重科
300575 27.49 48913.55 中旗股份
300700 19.54 51133.49 岱勒新材
300731 17.04 25865.28 科创新源
300743 10.84 36038.77 天地数码
300774 19.64 57440.24 倍杰特
300829 28.52 34653.86 金丹科技
300833 78.5 6612.0 浩洋股份
300859 20.51 35948.1 西域旅游
300861 79.5 36472.91 美畅股份
301031 114.32 6042.0 中熔电气
301058 21.13 166439.84 中粮科工
301256 10.43 229641.73 华融化学
600009 47.84 169066.38 上海机场
600035 3.36 258548.66 楚天高速
600108 3.53 1238560.12 亚盛集团
600128 7.44 95893.01 弘业股份
600141 35.07 423990.94 兴发集团
600153 13.93 485334.78 建发股份
600162 2.31 1122567.38 香江控股
600173 5.54 172412.31 卧龙地产
600208 2.89 1201961.5 新湖中宝
600227 3.03 142710.03 圣济堂
600251 9.84 451835.22 冠农股份
600266 4.32 635039.31 城建发展
600280 2.59 263358.0 中央商场
600295 25.64 145837.94 鄂尔多斯
600300 3.49 476347.12 维维股份
600319 6.36 327677.06 亚星化学
600325 8.26 1532711.88 华发股份
600328 19.8 308184.88 中盐化工
600331 3.01 651413.0 宏达股份
600348 10.44 462843.62 华阳股份
600371 15.6 437026.31 万向德农
600376 5.41 331598.03 首开股份
600383 13.13 874588.12 金地集团
600397 2.98 727550.38 安源煤业
600408 3.57 287686.12 安泰集团
600423 3.63 108090.0 柳化股份
600463 8.23 104063.93 空港股份
600467 2.59 607428.0 好当家
600503 2.9 394268.09 华丽家族
600506 10.7 40421.01 香梨股份
600540 4.94 357654.44 新赛股份
600573 9.09 103114.0 惠泉啤酒
600594 5.66 215995.22 益佰制药
600596 18.01 533642.5 新安股份
600618 11.28 192679.59 氯碱化工
600653 2.16 1219739.38 申华控股
600658 4.32 134488.62 电子城
600684 3.55 466427.38 珠江股份
600689 10.95 538808.19 上海三毛
600691 3.96 375876.62 阳煤化工
600708 2.78 1181922.25 光明地产
600721 7.2 78578.01 百花医药
600737 7.73 342244.75 中粮糖业
600740 5.45 838941.94 山西焦化
600743 2.16 937053.56 华远地产
600764 22.37 106317.77 中国海防
600782 5.73 686647.69 新钢股份
600801 21.47 185989.72 华新水泥
600824 4.16 450814.88 益民集团
600859 23.01 338218.62 王府井
600938 15.71 1852958.25 中国海油
600971 7.41 285704.12 恒源煤电
600989 14.46 229396.73 宝丰能源
600992 11.24 74285.65 贵绳股份
600996 7.63 505519.12 贵广网络
600997 7.13 300480.09 开滦股份
