000020 9.69 30418.79 深华发A
000153 12.02 126280.01 丰原药业
000591 10.11 1041519.81 太阳能
000610 8.77 155873.69 西安旅游
000715 5.12 61268.63 中兴商业
000731 10.44 450137.97 四川美丰
000850 5.0 205602.16 华茂股份
000888 6.97 227439.0 峨眉山A
000968 9.34 154116.31 蓝焰控股
002033 6.47 124255.22 丽江股份
002159 11.75 38783.0 三特索道
002247 3.1 443115.03 聚力文化
002258 34.15 181359.94 利尔化学
002272 6.47 84889.94 川润股份
002327 9.49 69374.63 富安娜
002363 5.99 105035.6 隆基机械
002405 16.2 974222.94 四维图新
002495 2.96 703028.38 佳隆股份
002565 6.43 1394910.38 顺灏股份
002578 4.05 146412.0 闽发铝业
002637 19.29 66740.75 赞宇科技
002712 5.23 124536.68 思美传媒
002725 10.62 288670.81 跃岭股份
002748 11.55 67092.17 世龙实业
002779 17.36 12796.27 中坚科技
002785 27.23 103659.0 万里石
002789 12.93 43074.25 建艺集团
002871 11.0 29184.31 伟隆股份
002910 12.22 63241.5 庄园牧场
002953 17.31 40040.2 日丰股份
002978 44.05 29597.0 安宁股份
002981 23.22 10975.0 朝阳科技
002986 37.0 11436.4 宇新股份
300003 24.59 437093.25 乐普医疗
300006 6.94 683331.38 莱美药业
300013 4.92 583596.25 新宁物流
300018 8.37 473109.09 中元股份
300026 8.62 3970339.75 红日药业
300141 12.52 56063.0 和顺电气
300143 14.86 112384.14 盈康生命
300158 9.07 904820.62 振东制药
300175 4.97 144578.12 朗源股份
300204 16.47 144826.45 舒泰神
300239 7.2 264216.06 东宝生物
300246 21.28 57439.0 宝莱特
300288 13.07 94872.03 朗玛信息
300469 15.17 68455.16 信息发展
300472 16.35 113850.5 新元科技
300547 13.27 46489.03 川环科技
300553 41.24 13182.23 集智股份
300588 13.97 63480.46 熙菱信息
300602 24.62 69146.31 飞荣达
300677 63.75 292350.72 英科医疗
300707 19.01 42636.0 威唐工业
300853 42.3 28078.8 申昊科技
300880 24.85 41227.4 迦南智能
300882 18.68 28308.48 万胜智能
300897 35.31 8999.99 山科智能
300910 86.3 12817.7 瑞丰新材
300928 62.06 32048.3 华安鑫创
301022 45.45 9527.0 海泰科
301063 38.92 10268.99 海锅股份
301069 47.26 33915.31 凯盛新材
600054 10.35 101294.3 黄山旅游
600111 43.05 726895.75 北方稀土
600119 8.32 61626.68 长江投资
600138 11.08 304431.97 中青旅
600280 3.04 199859.0 中央商场
600318 12.0 559224.56 新力金融
600358 4.67 139248.0 国旅联合
600370 3.36 139615.5 三房巷
600470 7.73 644191.44 六国化工
600490 4.97 433058.66 鹏欣资源
600497 5.22 1022952.69 驰宏锌锗
600539 9.09 224893.25 狮头股份
600621 14.09 273894.78 华鑫股份
600778 4.76 52452.01 友好集团
600800 4.91 115491.44 渤海化学
600821 8.81 480673.0 金开新能
600851 9.26 88566.34 海欣股份
600959 3.45 807762.25 江苏有线
600996 6.39 594867.31 贵广网络
