000155 24.16 726086.31 川能动力 4.18
000534 14.65 141028.88 万泽股份 5.78
000637 4.99 426463.62 茂化实华 2.46
000731 9.48 283183.03 四川美丰 1.94
000767 3.99 954694.38 晋控电力 3.64
000792 31.67 1883616.75 盐湖股份 2.83
000816 4.86 1165728.0 智慧农业 4.97
000893 36.73 153175.84 亚钾国际 3.73
002136 16.54 205484.66 安纳达 5.62
002234 17.69 232968.92 民和股份 6.7
002386 11.61 425954.44 天原股份 2.74
002539 17.22 498961.19 云图控股 2.62
002545 11.85 217515.8 东方铁塔 1.98
002683 29.87 140678.62 广东宏大 4.4
002738 101.75 281153.53 中矿资源 4.25
002759 29.61 350978.81 天际股份 5.6
002943 54.3 82920.76 宇晶股份 2.59
002982 44.95 34608.81 湘佳股份 5.91
300068 16.7 582508.06 南都电源 5.1
300082 12.78 265723.97 奥克股份 5.45
300122 118.88 133662.41 智飞生物 4.32
300196 19.92 64973.54 长海股份 3.16
300262 3.41 516206.16 巴安水务 6.56
300332 12.53 294974.69 天壕环境 6.01
300343 16.46 1133512.25 联创股份 4.38
300672 88.0 87190.43 国科微 2.56
300927 19.2 72538.83 江天化学 6.67
600007 15.77 74011.13 中国国贸 4.02
600101 10.2 535270.56 明星电力 4.83
600216 14.78 423551.72 浙江医药 2.64
600273 11.19 307472.34 嘉化能源 0.9
600276 41.17 1416053.62 恒瑞医药 5.73
600292 6.47 155040.28 远达环保 2.54
600549 23.14 285774.38 厦门钨业 3.17
600644 6.63 191945.75 乐山电力 4.41
600710 6.18 276677.22 苏美达 1.65
600760 63.41 190384.09 中航沈飞 2.81
600847 19.41 42886.48 万里股份 4.64
600965 7.75 180662.0 福成股份 4.03
600995 16.09 232610.27 南网储能 2.81
