000417 5.1 676557.75 合肥百货 7.82
000530 5.49 1323332.0 冰山冷热 5.37
000712 15.83 202349.92 锦龙股份 1.93
000721 5.39 882359.38 西安饮食 7.16
002352 52.3 564750.38 顺丰控股 5.66
002541 45.1 64618.56 鸿路钢构 5.01
002697 5.65 691210.06 红旗连锁 6.4
002749 10.17 58629.97 国光股份 4.74
300576 34.27 113156.28 容大感光 6.03
300771 20.75 71648.93 智莱科技 3.23
600191 5.3 64335.1 华资实业 4.95
600198 7.91 197866.2 大唐电信 3.0
600283 14.16 161150.7 钱江水利 2.83
600328 18.36 497673.12 中盐化工 5.7
600593 14.43 13648.52 大连圣亚 3.81
600824 4.47 590128.94 益民集团 6.18
