000055 4.66 649894.88 方大集团
000423 37.0 97255.79 东阿阿胶
000529 7.27 181866.16 广弘控股
000550 17.57 241837.66 江铃汽车
000695 10.13 51423.83 滨海能源
000701 6.48 189514.41 厦门信达
000707 15.83 284584.09 双环科技
000711 2.73 213607.0 京蓝科技
000718 3.58 437408.97 苏宁环球
000723 12.6 1353554.88 美锦能源
000792 29.98 1354875.5 盐湖股份
000831 32.5 498477.75 中国稀土
000881 9.05 159218.56 中广核技
000882 1.92 462613.81 华联股份
002007 23.08 432967.44 华兰生物
002011 13.14 863697.94 盾安环境
002026 13.23 253552.56 山东威达
002039 14.97 84135.66 黔源电力
002097 6.76 150782.34 山河智能
002112 8.33 196790.5 三变科技
002129 49.2 842911.44 TCL中环
002135 8.99 319888.12 东南网架
002148 4.79 117437.38 北纬科技
002161 4.57 315955.75 远望谷
002184 11.79 144980.94 海得控制
002237 10.0 146637.7 恒邦股份
002289 6.38 34873.07 宇顺电子
002320 5.59 270892.47 海峡股份
002350 7.98 670585.75 北京科锐
002386 10.69 323289.19 天原股份
002408 8.37 585320.5 齐翔腾达
002419 6.94 278514.44 天虹股份
002459 79.04 170932.0 晶澳科技
002497 32.31 824104.94 雅化集团
002507 34.5 198646.59 涪陵榨菜
002568 28.6 150028.2 百润股份
002584 8.04 348866.97 西陇科学
002683 27.45 126391.86 广东宏大
002685 3.69 517472.19 华东重机
002706 17.41 148500.94 良信股份
002741 19.56 96181.55 光华科技
002793 8.17 159136.16 罗欣药业
002798 9.09 101127.15 帝欧家居
002847 82.8 16147.06 盐津铺子
002910 11.09 50988.36 庄园牧场
002920 162.0 59064.79 德赛西威
002932 71.13 89525.86 明德生物
002947 19.24 36627.93 恒铭达
002951 8.56 48959.9 金时科技
002957 16.42 73928.03 科瑞技术
002978 36.16 35918.67 安宁股份
300001 18.33 307849.84 特锐德
300031 16.05 198639.95 宝通科技
300052 23.85 405393.31 中青宝
300070 5.02 504921.81 碧水源
300171 32.48 80234.34 东富龙
300240 8.62 199443.72 飞力达
300261 14.4 522659.59 雅本化学
300291 4.57 229710.36 百纳千成
300299 6.37 446684.59 富春股份
300345 6.45 76597.0 华民股份
300390 82.85 246964.08 天华超净
300413 34.6 202345.56 芒果超媒
300437 24.12 247453.91 清水源
300441 6.95 170402.69 鲍斯股份
300442 50.28 11329.0 润泽科技
300464 6.52 73439.0 星徽股份
300505 27.46 229488.55 川金诺
300518 62.2 56046.34 盛讯达
300519 18.1 66758.0 新光药业
300528 7.06 202997.77 幸福蓝海
300539 7.79 25125.2 横河精密
300592 14.57 33806.0 华凯易佰
300624 31.4 35782.6 万兴科技
300631 30.45 63785.23 久吾高科
300636 24.55 84949.0 同和药业
300672 77.3 60366.48 国科微
300697 11.11 46148.8 电工合金
300701 10.06 51605.01 森霸传感
300786 14.95 48828.72 国林科技
300802 30.92 37873.0 矩子科技
300809 36.9 65056.0 华辰装备
300844 28.58 9193.24 山水比德
300862 27.88 25112.28 蓝盾光电
300909 26.5 16086.75 汇创达
300964 32.3 13554.42 本川智能
300971 25.06 15841.24 博亚精工
301023 45.4 20252.72 江南奕帆
301066 13.9 35300.86 万事利
301091 21.0 47496.68 深城交
301111 26.75 69623.49 粤万年青
301135 27.01 44151.79 瑞德智能
301151 23.77 62481.37 冠龙节能
301185 19.1 29762.74 鸥玛软件
301186 37.18 40767.11 超达装备
600132 138.37 54179.86 重庆啤酒
600156 4.7 241423.41 华升股份
600258 24.25 178419.27 首旅酒店
600312 8.1 371686.03 平高电气
600313 12.79 1283294.62 农发种业
600319 5.84 80621.63 亚星化学
600330 12.97 570098.56 天通股份
600409 8.38 464994.56 三友化工
600499 21.42 547372.88 科达制造
600640 10.98 178696.86 国脉文化
600715 2.29 370642.97 文投控股
600754 59.17 97219.96 锦江酒店
600773 20.95 366961.31 西藏城投
600857 11.3 58073.95 宁波中百
600898 6.26 60001.1 国美通讯
