002144 11.57 228437.2 宏达高科
002300 7.26 147479.09 太阳电缆
002486 3.17 986294.81 嘉麟杰
002670 9.65 949037.06 国盛金控
002945 15.49 476833.47 华林证券
300328 9.18 324126.97 宜安科技
300451 7.04 322036.59 创业慧康
300774 18.34 78149.07 倍杰特
300822 17.4 14224.0 贝仕达克
300938 49.0 23165.4 信测标准
300939 46.1 27328.62 秋田微
300998 31.6 106399.17 宁波方正
301057 22.35 71096.03 汇隆新材
301136 22.5 119384.61 招标股份
301216 27.88 101846.2 万凯新材
600026 8.16 930143.06 中远海能
600051 9.26 661205.12 宁波联合
600889 5.66 425723.16 南京化纤
600898 9.28 181208.22 国美通讯
600927 21.88 159302.2 永安期货
600987 5.56 229787.0 航民股份
