000061 5.67 170706.84 农产品
000430 6.8 136178.0 张家界
000524 10.22 126080.82 岭南控股
000558 3.49 1132101.25 莱茵体育
000599 4.12 120274.01 青岛双星
000609 6.26 209703.72 中迪投资
000615 5.9 152707.0 奥园美谷
000638 8.48 742011.06 万方发展
000722 15.68 1089643.0 湖南发展
000821 21.3 795855.06 京山轻机
000829 10.93 492125.62 天音控股
000880 11.28 218802.95 潍柴重机
000906 8.96 70664.31 浙商中拓
000919 8.3 292691.19 金陵药业
000955 4.4 101308.01 欣龙控股
000978 7.18 210857.31 桂林旅游
002014 8.96 327895.75 永新股份
002019 12.29 219526.12 亿帆医药
002082 11.19 330946.16 万邦德
002153 15.14 225705.42 石基信息
002159 13.07 44275.56 三特索道
002181 4.45 299090.28 粤传媒
002186 9.75 67393.78 全聚德
002227 14.61 210810.84 奥特迅
002251 5.88 476740.47 步步高
002290 8.44 72862.0 禾盛新材
002341 4.27 303107.88 新纶新材
002346 15.8 328334.72 柘中股份
002439 26.05 162363.36 启明星辰
002511 10.48 151165.11 中顺洁柔
002605 16.72 240715.38 姚记科技
002626 19.03 73138.02 金达威
002651 7.8 831562.25 利君股份
002689 4.71 2000797.12 远大智能
002758 17.24 632019.19 浙农股份
002778 15.54 42124.56 中晟高科
002788 9.26 176564.31 鹭燕医药
002808 8.57 377958.53 恒久科技
002859 27.0 61768.94 洁美科技
002898 12.31 68929.57 赛隆药业
002932 68.29 79845.71 明德生物
002992 52.96 78546.41 宝明科技
300043 3.48 801685.06 星辉娱乐
300144 13.59 370901.38 宋城演艺
300233 26.35 247991.22 金城医药
300278 4.59 243957.78 华昌达
300290 5.13 342169.0 荣科科技
300412 6.88 341013.19 迦南科技
300560 15.05 142652.62 中富通
300606 13.11 66738.69 金太阳
300677 24.31 249818.31 英科医疗
300756 15.55 71760.24 金马游乐
300774 14.45 224648.59 倍杰特
300795 36.2 25646.29 米奥会展
300846 11.65 305358.59 首都在线
300935 29.45 32072.83 盈建科
300942 19.41 140720.95 易瑞生物
301009 11.57 36227.87 可靠股份
301178 32.69 38917.78 天亿马
301235 46.71 56807.18 华康医疗
600004 15.96 250805.92 白云机场
600113 7.02 126267.96 浙江东日
600131 15.83 250058.02 国网信通
600133 5.7 175930.06 东湖高新
600217 5.62 1123847.88 中再资环
600228 7.32 37615.01 返利科技
600249 5.12 210180.23 两面针
600332 29.05 238918.77 白云山
600354 6.83 807651.94 敦煌种业
600358 6.35 93441.55 国旅联合
600510 7.41 217956.94 黑牡丹
600515 4.46 1156697.5 海南机场
600647 16.4 23528.0 同达创业
600693 4.04 148222.0 东百集团
600721 7.43 236298.38 百花医药
600749 11.61 72698.43 西藏旅游
600805 4.83 102845.35 悦达投资
600814 6.64 170879.05 杭州解百
600826 8.47 100101.04 兰生股份
600872 33.98 161195.52 中炬高新
