000007 6.55 48294.0 全新好
000009 13.46 520974.75 中国宝安
000548 4.3 261480.44 湖南投资
000597 6.63 619416.5 东北制药
000705 8.08 165055.09 浙江震元
000710 16.6 45168.12 贝瑞基因
000821 11.45 125625.38 京山轻机
000970 13.87 444661.25 中科三环
000975 9.07 561720.25 银泰黄金
002006 19.9 204573.92 精功科技
002028 44.9 78935.02 思源电气
002051 7.85 268396.38 中工国际
002074 40.6 238574.69 国轩高科
002101 12.48 177672.44 广东鸿图
002129 43.53 373117.69 TCL中环
002163 11.93 149047.0 海南发展
002188 5.97 258525.84 中天服务
002196 12.8 185516.59 方正电机
002238 6.62 124289.89 天威视讯
002243 11.75 125947.73 力合科创
002268 39.88 183899.84 电科网安
002270 8.15 169633.5 华明装备
002273 14.59 228350.92 水晶光电
002337 4.06 88411.0 赛象科技
002489 3.4 257332.0 浙江永强
002555 25.69 220365.45 三七互娱
002585 23.04 146690.3 双星新材
002594 238.31 158524.28 比亚迪
002638 2.04 887788.56 勤上股份
002669 14.85 76422.22 康达新材
002709 91.09 156676.98 天赐材料
002728 14.98 84873.25 特一药业
002750 14.7 708473.19 龙津药业
002758 12.28 86143.02 浙农股份
002759 27.5 158066.95 天际股份
002761 14.49 1054739.5 浙江建投
002796 10.08 334639.62 世嘉科技
002817 11.25 44436.39 黄山胶囊
002836 9.74 37643.0 新宏泽
002863 5.54 128774.95 今飞凯达
002864 25.98 19292.0 盘龙药业
002881 43.24 34223.73 美格智能
002895 23.13 76495.82 川恒股份
002906 48.84 58368.46 华阳集团
002922 16.22 91019.4 伊戈尔
002935 35.45 33082.75 天奥电子
002951 12.06 103634.0 金时科技
002971 19.35 18742.29 和远气体
002983 20.28 13332.1 芯瑞达
002997 19.01 294869.41 瑞鹄模具
300010 3.86 446468.56 豆神教育
300015 35.2 774474.75 爱尔眼科
300020 9.87 588915.81 银江技术
300034 41.9 59826.08 钢研高纳
300039 7.03 1462258.38 上海凯宝
300043 3.73 1015543.25 星辉娱乐
300073 79.25 96622.21 当升科技
300083 12.36 146981.41 创世纪
300088 9.82 897886.25 长信科技
300118 22.39 322469.03 东方日升
300149 12.17 158923.2 睿智医药
300179 10.28 115356.38 四方达
300181 9.81 245833.0 佐力药业
300192 6.92 136099.56 科德教育
300214 8.55 112607.2 日科化学
300223 108.33 55011.7 北京君正
300254 7.56 145145.3 仟源医药
300269 3.61 59061.0 联建光电
300284 7.23 405910.12 苏交科
300328 9.11 144527.34 宜安科技
300329 10.99 341712.53 海伦钢琴
300333 10.03 485408.47 兆日科技
300347 98.66 163992.69 泰格医药
300359 6.1 310167.19 全通教育
300393 16.8 352267.19 中来股份
300404 11.54 75107.8 博济医药
300432 24.39 239584.55 富临精工
300436 34.98 80407.74 广生堂
300438 37.66 100287.82 鹏辉能源
300447 18.86 58086.53 全信股份
300457 25.02 91726.05 赢合科技
300460 16.69 70770.99 惠伦晶体
300501 18.99 52038.57 海顺新材
300502 38.06 111158.78 新易盛
300509 6.49 71795.86 新美星
300519 18.08 44792.0 新光药业
300529 48.53 56378.5 健帆生物
300567 52.66 35134.41 精测电子
300569 15.1 327320.25 天能重工
300595 41.11 223882.64 欧普康视
300618 77.25 53824.72 寒锐钴业
300619 61.14 19247.3 金银河
300636 20.14 24087.84 同和药业
300648 45.79 25027.72 星云股份
300665 9.51 77758.19 飞鹿股份
300679 48.05 45787.27 电连技术
300690 23.9 29376.5 双一科技
300698 21.66 18597.99 万马科技
300712 42.85 32306.97 永福股份
300777 47.92 55483.0 中简科技
300820 67.27 10136.91 英杰电气
300827 70.43 30483.51 上能电气
300837 52.35 20038.14 浙矿股份
300842 58.0 13990.9 帝科股份
300865 25.81 7396.04 大宏立
300878 41.85 6531.05 维康药业
300890 57.31 36560.59 翔丰华
300997 15.18 30331.85 欢乐家
300998 29.17 19229.46 宁波方正
301020 28.0 10091.33 密封科技
301022 40.22 9314.86 海泰科
301026 56.46 7999.91 浩通科技
301069 37.94 23159.0 凯盛新材
301075 32.75 10009.9 多瑞医药
301098 28.2 48241.97 金埔园林
301119 33.75 13015.2 正强股份
301136 22.17 114230.89 招标股份
301138 44.07 38266.47 华研精机
301155 125.37 48871.79 海力风电
301177 93.06 33762.49 迪阿股份
301211 28.0 68910.09 亨迪药业
600058 9.66 142714.98 五矿发展
600080 7.54 55056.48 金花股份
600172 8.43 557178.81 黄河旋风
600206 14.3 99646.61 有研新材
600288 15.73 103858.08 大恒科技
600410 7.52 440844.41 华胜天成
600416 15.5 188477.59 湘电股份
600421 11.6 106082.56 华嵘控股
600422 10.59 192437.78 昆药集团
600499 19.75 484102.38 科达制造
600512 3.8 2130847.75 腾达建设
600562 15.77 73183.86 国睿科技
600587 24.58 81657.84 新华医疗
600633 9.71 670285.0 浙数文化
600699 17.1 191921.73 均胜电子
600718 13.97 259963.27 东软集团
600733 9.32 513974.81 北汽蓝谷
600763 155.82 67524.45 通策医疗
600765 42.69 141334.03 中航重机
600771 31.45 171792.66 广誉远
600973 5.54 503081.78 宝胜股份
