000151 13.92 494644.31 中成股份 3.57
000599 4.31 135384.0 青岛双星 1.89
000632 4.49 275618.41 三木集团 3.46
002079 14.24 584163.56 苏州固锝 2.59
002206 7.19 243570.56 海利得 4.05
002221 9.37 269517.91 东华能源 1.96
002288 6.11 142660.44 超华科技 2.69
002388 6.35 170109.02 新亚制程 2.92
002549 19.42 172864.09 凯美特气 3.52
002620 6.5 100794.0 瑞和股份 1.56
002682 4.8 249600.52 龙洲股份 4.35
002809 10.44 57568.2 红墙股份 3.98
300093 54.18 91727.88 金刚光伏 5.41
300125 29.19 192387.2 聆达股份 1.67
300401 20.67 251431.19 花园生物 5.89
300532 15.06 66494.67 今天国际 0.87
300542 12.59 147553.69 新晨科技 4.14
300700 35.33 51867.36 岱勒新材 7.32
300840 10.05 65731.0 酷特智能 3.29
301086 68.41 4414.13 鸿富瀚 1.8
301128 32.2 15604.32 强瑞技术 2.19
301321 25.53 78326.01 翰博高新 8.0
600425 4.59 890030.44 青松建化 4.32
600583 4.76 433510.66 海油工程 2.81
600626 3.96 76245.91 申达股份 2.33
600795 4.53 2227889.75 国电电力 1.12
600853 3.44 749976.88 龙建股份 3.93
