000014 11.1 758930.62 沙河股份
000037 8.8 234593.41 深南电A
000058 6.46 452452.09 深赛格
000065 9.34 330202.38 北方国际
000402 6.15 1606437.12 金融街
000565 6.35 66367.5 渝三峡A
000572 5.49 410710.38 海马汽车
000576 11.22 85368.6 甘化科工
000584 7.0 133632.5 哈工智能
000589 4.75 226898.08 贵州轮胎
000677 3.33 458349.56 恒天海龙
000700 5.03 246719.36 模塑科技
000713 8.8 511026.75 丰乐种业
000762 45.17 322028.62 西藏矿业
000792 25.29 616945.62 盐湖股份
000813 3.81 501912.31 德展健康
000887 14.91 236481.72 中鼎股份
000936 5.54 128030.44 华西股份
000968 9.9 253440.72 蓝焰控股
002014 8.16 93606.55 永新股份
002041 21.08 103460.92 登海种业
002077 18.22 884080.94 大港股份
002087 3.46 656157.69 新野纺织
002128 13.45 325694.56 电投能源
002134 9.26 132117.66 天津普林
002152 10.04 423334.41 广电运通
002164 7.14 433013.47 宁波东力
002174 8.8 264073.81 游族网络
002176 20.33 567373.94 江特电机
002188 7.89 639854.44 中天服务
002245 16.8 382348.41 蔚蓝锂芯
002265 15.95 254101.28 西仪股份
002283 5.38 109680.0 天润工业
002284 7.96 146179.91 亚太股份
002336 8.04 203507.69 人人乐
002363 7.07 111597.16 隆基机械
002380 15.86 188098.8 科远智慧
002405 11.78 367038.38 四维图新
002416 10.24 184736.56 爱施德
002454 7.83 260467.84 松芝股份
002460 81.0 354882.91 赣锋锂业
002466 90.13 417038.25 天齐锂业
002467 5.55 2136802.75 二六三
002514 13.14 533369.0 宝馨科技
002536 8.35 99294.45 飞龙股份
002553 12.52 138358.2 南方精工
002554 3.97 506349.69 惠博普
002556 9.48 213188.56 辉隆股份
002579 11.08 1133959.25 中京电子
002616 5.28 426199.38 长青集团
002643 17.03 180826.44 万润股份
002655 12.91 132602.94 共达电声
002662 3.63 328403.69 京威股份
002708 6.61 176939.38 光洋股份
002714 48.07 428043.28 牧原股份
002715 22.02 19325.26 登云股份
002723 12.82 139299.95 小崧股份
002738 77.79 162800.84 中矿资源
002765 10.27 195856.88 蓝黛科技
002766 5.55 199262.7 索菱股份
002786 7.68 503590.12 银宝山新
002813 28.72 27604.9 路畅科技
002863 5.49 214413.2 今飞凯达
002870 26.05 16129.55 香山股份
002873 16.35 185610.77 新天药业
002962 11.46 78303.28 五方光电
002976 25.46 20224.39 瑞玛精密
002984 31.41 56642.26 森麒麟
300025 5.05 115834.59 华星创业
300033 100.56 89292.46 同花顺
300057 10.78 459762.25 万顺新材
300073 61.28 109107.29 当升科技
300084 5.05 373585.03 海默科技
300093 45.06 33894.91 金刚光伏
300100 8.08 70261.41 双林股份
300192 6.88 154057.75 科德教育
300212 23.23 499719.16 易华录
300342 8.6 71226.53 天银机电
300375 3.84 109411.99 鹏翎股份
300415 19.94 92871.57 伊之密
300423 10.2 102877.69 N辉科技
300432 14.82 246964.0 富临精工
300435 15.35 155999.69 中泰股份
300471 13.87 96582.26 厚普股份
300483 15.19 151466.61 首华燃气
300496 114.5 51264.58 中科创达
300498 17.96 592388.25 温氏股份
300501 15.94 64476.67 海顺新材
300533 26.59 32721.5 冰川网络
300565 28.55 291586.44 科信技术
300566 28.32 114305.49 激智科技
300580 20.22 24662.0 贝斯特
300631 32.49 76664.16 久吾高科
300652 23.94 18546.46 雷迪克
300679 35.41 49722.66 电连技术
300681 41.68 19804.31 英搏尔
300694 10.9 44877.0 蠡湖股份
300721 49.4 8033.33 怡达股份
300723 35.74 33534.67 一品红
300753 17.0 62553.79 爱朋医疗
300816 30.75 56104.05 艾可蓝
300825 12.63 68870.74 阿尔特
300890 40.83 53965.62 翔丰华
300912 16.61 57212.22 凯龙高科
300926 24.22 23965.08 博俊科技
300947 14.63 79078.77 德必集团
300978 12.68 36706.34 东箭科技
300985 24.0 16778.18 致远新能
301022 29.83 5767.0 海泰科
301035 94.72 22302.98 润丰股份
301049 24.07 23654.28 超越科技
301072 23.69 22758.81 中捷精工
301082 17.05 31535.54 久盛电气
301137 15.35 51154.93 哈焊华通
301152 54.8 42735.53 天力锂能
301181 40.26 25717.17 标榜股份
301192 21.48 25561.17 泰祥股份
301222 28.61 28683.04 浙江恒威
301229 30.69 11373.27 纽泰格
301319 59.38 24074.01 唯特偶
600057 11.78 214557.23 厦门象屿
600066 7.96 595438.12 宇通客车
600079 22.45 314329.25 人福医药
600118 23.48 239549.45 中国卫星
600148 14.14 31780.0 长春一东
600152 15.14 856459.81 维科技术
600166 2.69 1062137.12 福田汽车
600178 6.69 86326.63 东安动力
600256 10.7 1442560.5 广汇能源
600313 10.38 1042370.06 农发种业
600339 3.18 1008531.88 中油工程
600348 16.89 791151.0 华阳股份
600359 8.59 303110.22 新农开发
600375 6.86 80964.29 汉马科技
600393 1.84 1932854.5 粤泰股份
600433 3.94 320939.25 冠豪高新
600469 5.23 87729.0 风神股份
600499 15.99 301019.47 科达制造
600560 10.81 92294.37 金自天正
600566 32.72 146267.84 济川药业
600586 8.21 613008.62 金晶科技
600609 4.52 145958.81 金杯汽车
600617 4.71 545504.06 国新能源
600633 8.38 699006.56 浙数文化
600640 10.19 94019.92 国脉文化
600661 9.81 175671.09 昂立教育
600714 9.96 77554.0 金瑞矿业
600733 6.53 1055979.5 北汽蓝谷
600742 9.19 133054.45 一汽富维
600755 7.67 436479.22 厦门国贸
600769 8.5 94051.26 祥龙电业
600792 3.82 119498.23 云煤能源
600841 6.79 98015.01 动力新科
600903 8.51 265736.31 贵州燃气
600933 19.77 215671.7 爱柯迪
600960 3.72 174442.23 渤海汽车
