000153 16.4 882320.31 丰原药业
000428 5.7 1293015.75 华天酒店
000520 3.54 295363.0 长航凤凰
000524 11.59 327773.81 岭南控股
000639 5.03 175223.14 西王食品
000759 6.26 949047.5 中百集团
000766 6.36 451612.62 通化金马
000779 12.17 220705.8 甘咨询
000953 6.92 214049.58 河化股份
002187 8.76 510463.69 广百股份
002290 10.65 68135.58 禾盛新材
002385 9.44 1142294.12 大北农
002449 8.55 154672.25 国星光电
002452 7.09 210716.95 长高电新
002503 1.41 1919883.88 搜于特
002561 12.87 964885.19 徐家汇
002574 5.58 93900.85 明牌珠宝
002626 20.4 134276.47 金达威
002650 4.54 295047.09 加加食品
002682 4.91 506729.44 龙洲股份
002693 9.52 628042.94 双成药业
002762 7.99 140535.0 金发拉比
002880 31.56 35490.52 卫光生物
002943 61.2 97480.16 宇晶股份
002997 24.1 110001.68 瑞鹄模具
300013 5.72 523065.41 新宁物流
300068 22.83 537738.5 南都电源
300093 48.75 55168.26 金刚光伏
300266 3.34 446689.0 兴源环境
300402 19.89 70493.12 宝色股份
300651 23.9 18852.63 金陵体育
300658 10.73 118823.22 延江股份
300672 93.56 83714.23 国科微
300698 25.55 49161.04 万马科技
300762 13.18 101743.31 上海瀚讯
300808 15.57 38950.0 久量股份
300819 16.9 80166.0 聚杰微纤
300859 35.39 141213.98 西域旅游
300918 10.87 170788.52 南山智尚
300949 33.91 14428.07 奥雅股份
300970 19.46 38681.01 华绿生物
301118 34.32 63984.63 恒光股份
301123 25.66 79927.83 奕东电子
301361 26.93 55790.94 众智科技
600004 16.12 364308.03 白云机场
600097 10.39 41126.02 开创国际
600161 24.02 290173.38 天坛生物
600201 9.49 279988.94 生物股份
600258 24.93 189359.03 首旅酒店
600515 5.08 2486999.25 海南机场
600628 7.64 76905.42 新世界
600706 11.52 490278.22 曲江文旅
600851 7.85 150642.33 海欣股份
