000158 6.34 739257.69 常山北明
000421 4.9 125562.1 南京公用
000506 3.15 735885.38 中润资源
000543 4.41 908506.88 皖能电力
000600 4.5 230220.59 建投能源
000733 126.57 75772.6 振华科技
000790 4.92 463345.81 华神科技
000852 6.55 207310.27 石化机械
000933 14.93 1057480.62 神火股份
000937 8.67 767773.38 冀中能源
000960 17.75 588748.38 锡业股份
002039 19.68 61317.82 黔源电力
002092 8.71 1331892.25 中泰化学
002101 13.75 394194.91 广东鸿图
002176 23.63 1474274.88 江特电机
002245 23.64 914897.06 蔚蓝锂芯
002415 35.69 1282517.0 海康威视
002460 130.79 410232.25 赣锋锂业
002466 109.85 750468.0 天齐锂业
002514 4.96 240419.0 宝馨科技
002538 9.21 388848.75 司尔特
002571 6.77 411813.69 德力股份
002669 11.77 92735.69 康达新材
002821 280.5 49975.44 凯莱英
002847 78.55 17043.26 盐津铺子
300015 37.48 581645.19 爱尔眼科
300105 6.06 259261.77 龙源技术
300122 90.5 189630.44 智飞生物
300349 10.2 89592.29 金卡智能
300506 6.24 166193.91 名家汇
300573 147.49 28350.42 兴齐眼药
300621 9.95 176147.5 维业股份
300715 12.41 70449.57 凯伦股份
300725 91.47 67063.37 药石科技
300769 342.47 28873.68 德方纳米
301123 27.0 62518.1 奕东电子
301177 72.66 18471.0 迪阿股份
600096 29.67 1506338.62 云天化
600228 7.01 125718.42 返利科技
600256 10.79 1916216.62 广汇能源
600258 22.32 113434.22 首旅酒店
600348 13.43 647281.38 华阳股份
600416 19.57 253084.95 湘电股份
600481 13.29 416797.91 双良节能
600499 16.8 590228.12 科达制造
600596 20.08 773790.44 新安股份
600725 4.54 307526.31 云维股份
600763 148.84 71254.26 通策医疗
600778 6.38 72719.73 友好集团
600863 3.87 1684173.25 内蒙华电
600887 37.11 793944.19 伊利股份
600938 19.3 970250.44 中国海油
600985 15.77 416081.56 淮北矿业
