000031 3.95 263824.38 大悦城 1.02
000056 7.67 784073.81 皇庭国际 1.19
000513 43.1 146761.41 丽珠集团 2.89
000708 23.75 236441.23 中信特钢 3.08
000761 4.53 377906.41 本钢板材 1.12
000807 11.95 1979039.5 云铝股份 4.92
000933 10.29 1976041.62 神火股份 5.97
000960 20.58 560802.25 锡业股份 4.95
000961 4.57 1203029.62 中南建设 3.63
002106 12.24 413841.56 莱宝高科 1.24
002293 16.02 81883.21 罗莱生活 3.89
002532 8.87 802258.06 天山铝业 5.47
300318 10.14 457762.75 博晖创新 4.32
300463 32.48 262152.38 迈克生物 4.81
300676 94.93 101031.83 华大基因 4.35
300989 47.8 22696.4 蕾奥规划 4.55
301076 38.8 50571.78 新瀚新材 6.97
