000006 4.39 564394.62 深振业A
000011 10.62 125838.85 深物业A
000029 10.98 147262.97 深深房A
000042 8.68 256774.59 中洲控股
000046 1.34 769127.44 泛海控股
000069 4.93 1083965.25 华侨城A
000402 5.33 358529.88 金融街
000428 4.6 602209.62 华天酒店
000540 1.61 1472077.5 中天金融
000560 2.64 568040.62 我爱我家
000608 3.04 229391.7 阳光股份
000620 3.22 2774272.25 新华联
000656 2.16 2567311.25 金科股份
000667 1.51 1106573.0 美好置业
000671 2.14 3818228.25 阳光城
000692 3.63 170986.28 惠天热电
000718 3.33 277647.41 苏宁环球
000766 5.79 213891.28 通化金马
000838 5.32 256770.23 财信发展
000886 4.35 145774.06 海南高速
000897 2.47 643635.44 津滨发展
000926 4.5 377333.12 福星股份
000983 12.67 690708.38 山西焦煤
002082 10.7 256474.14 万邦德
002084 4.65 491659.31 海鸥住工
002146 2.37 1096105.25 荣盛发展
002157 4.05 526715.31 正邦科技
002173 8.1 524052.0 创新医疗
002198 6.93 163443.58 嘉应制药
002208 7.25 269346.0 合肥城建
002285 3.03 278341.62 世联行
002290 8.96 144764.58 禾盛新材
002362 15.07 78372.92 汉王科技
002377 2.97 184476.56 国创高新
002468 10.03 230529.56 申通快递
002508 25.46 153132.11 老板电器
002551 5.75 1328630.25 尚荣医疗
002567 7.26 605132.81 唐人神
002572 17.05 200451.0 索菲亚
002707 7.65 349335.25 众信旅游
002717 3.27 603520.5 岭南股份
002775 4.02 55876.84 文科园林
002790 8.95 97491.64 瑞尔特
002791 103.6 40237.76 坚朗五金
002798 7.63 35310.0 帝欧家居
002800 21.76 197238.7 天顺股份
002839 4.71 364649.19 张家港行
002861 11.17 59685.19 瀛通通讯
002889 23.17 13496.8 东方嘉盛
002918 17.31 91262.78 蒙娜丽莎
002966 7.47 553916.44 苏州银行
002989 16.96 146224.77 中天精装
300039 6.86 772615.81 上海凯宝
300204 15.02 359776.81 舒泰神
300206 13.83 229581.44 理邦仪器
300246 16.4 76664.31 宝莱特
300295 8.97 92385.2 三六五网
300513 12.05 196847.05 恒实科技
300551 11.5 219011.36 古鳌科技
300604 56.72 132012.41 长川科技
300616 20.37 29284.03 尚品宅配
300715 14.31 29432.76 凯伦股份
300737 13.38 295195.28 科顺股份
300753 15.88 58816.36 爱朋医疗
300778 14.44 27489.83 新城市
300795 35.99 13801.43 米奥会展
300859 28.8 53010.8 西域旅游
300911 39.69 28663.83 亿田智能
300929 12.58 40890.68 华骐环保
300947 13.7 33476.25 德必集团
300989 22.09 28353.41 蕾奥规划
300993 13.76 57610.53 玉马遮阳
301073 68.88 13910.86 君亭酒店
301076 26.17 19678.4 新瀚新材
301227 29.17 43420.29 森鹰窗业
301235 52.79 30028.49 华康医疗
600038 45.34 125686.81 中直股份
600048 16.84 1536031.62 保利发展
600057 11.2 253943.97 厦门象屿
600067 3.42 264826.09 冠城大通
600077 3.01 590881.5 宋都股份
600082 3.69 434237.31 海泰发展
600119 6.85 163425.27 长江投资
600159 3.1 223749.64 大龙地产
600162 1.94 380743.94 香江控股
600173 5.65 109347.38 卧龙地产
600186 2.81 245228.23 莲花健康
600208 2.72 855753.0 新湖中宝
600266 3.89 289244.44 城建发展
600322 2.48 653717.0 天房发展
600333 5.62 249629.16 长春燃气
600340 2.61 1227314.5 华夏幸福
600359 8.31 157028.23 新农开发
600397 3.38 396950.5 安源煤业
600426 31.62 225420.23 华鲁恒升
600493 6.05 301802.41 凤竹纺织
600510 7.26 298242.03 黑牡丹
600533 4.45 638608.5 栖霞建设
600547 20.89 516641.31 山东黄金
600565 2.32 661625.0 迪马股份
600572 4.77 538229.88 康恩贝
600604 5.14 199908.67 市北高新
600610 16.68 174655.59 中毅达
600624 6.16 149756.91 复旦复华
600636 10.58 566312.69 国新文化
600639 11.46 93814.95 浦东金桥
600658 4.13 114013.95 电子城
600683 5.15 342465.03 京投发展
600708 2.38 322136.09 光明地产
600716 4.16 239707.23 凤凰股份
600736 4.88 308610.16 苏州高新
600743 2.0 356468.81 华远地产
600769 8.56 98031.69 祥龙电业
600771 29.5 172939.0 广誉远
600782 4.27 532299.81 新钢股份
600791 4.85 232037.0 京能置业
600867 9.27 199725.31 通化东宝
600908 5.26 312151.53 无锡银行
600929 9.23 431133.03 雪天盐业
600988 20.81 556954.94 赤峰黄金
