000524 12.09 392401.91 岭南控股 7.47
000721 4.58 312499.0 西安饮食 1.33
000837 8.44 337834.09 秦川机床 5.5
000858 193.0 366374.72 五粮液 4.32
000920 8.92 83177.93 沃顿科技 1.94
002043 10.8 151088.34 兔宝宝 3.15
002046 15.03 179672.72 国机精工 6.14
002057 10.18 375431.69 中钢天源 3.77
002064 8.11 250985.48 华峰化学 2.66
002139 12.4 474599.84 拓邦股份 4.73
002159 11.25 52499.98 三特索道 0.54
002186 8.52 64525.95 全聚德 2.28
002236 16.57 469494.88 大华股份 1.78
002329 6.2 265917.16 皇氏集团 3.16
002330 8.23 515309.0 得利斯 6.88
002364 8.38 477070.97 中恒电气 5.67
002438 14.31 137589.86 江苏神通 3.02
002468 11.72 209914.56 申通快递 2.0
002554 3.53 565182.5 惠博普 4.44
002557 56.68 61797.96 洽洽食品 2.59
002615 6.14 109299.26 哈尔斯 3.02
002646 19.54 313852.88 天佑德酒 3.71
002707 6.4 720281.06 众信旅游 1.91
002726 10.87 171754.95 龙大美食 0.83
002739 13.32 511877.91 万达电影 4.55
002756 148.1 77255.19 永兴材料 3.49
002783 9.17 398508.41 凯龙股份 6.26
002790 7.71 116152.68 瑞尔特 5.33
002795 8.56 123067.8 永和智控 7.13
002877 6.55 96324.36 智能自控 3.15
002891 26.29 42310.0 中宠股份 3.1
002903 15.33 85932.8 宇环数控 2.89
002918 17.4 129943.37 蒙娜丽莎 4.69
002952 12.17 27013.0 亚世光电 1.67
002956 15.24 54419.2 西麦食品 4.03
002959 62.17 26325.88 小熊电器 0.94
300012 23.32 121504.1 华测检测 1.13
300066 5.59 507322.59 三川智慧 4.49
300129 9.16 488671.0 泰胜风能 2.92
300133 4.81 707980.81 华策影视 2.34
300143 10.25 88191.02 盈康生命 3.02
300151 18.11 272305.19 昌红科技 6.84
300214 7.97 98938.79 日科化学 2.84
300275 13.45 53150.0 梅安森 3.06
300371 12.46 17221.81 汇中股份 3.23
300393 18.11 1164260.38 中来股份 6.53
300398 22.84 197409.78 飞凯材料 0.44
300451 7.8 493603.03 创业慧康 3.72
300473 19.92 61922.1 德尔股份 2.36
300494 14.75 156088.23 盛天网络 4.17
300500 18.48 60657.34 启迪设计 1.04
300525 21.13 34835.46 博思软件 3.12
300607 14.03 231741.95 拓斯达 7.34
300619 83.55 42012.94 金银河 3.28
300655 18.71 304197.28 晶瑞电材 5.29
300661 176.66 39411.42 圣邦股份 2.19
300771 14.08 159817.88 智莱科技 3.83
300783 23.64 76070.87 三只松鼠 3.32
300892 27.69 22603.86 品渥食品 1.73
300898 21.33 33141.79 熊猫乳品 3.14
300908 37.3 13645.75 仲景食品 2.28
300938 27.36 22355.05 信测标准 1.71
300946 37.34 25343.99 恒而达 1.99
300957 222.83 17966.13 贝泰妮 2.64
300978 13.95 59237.22 东箭科技 1.09
300997 13.12 74420.22 欢乐家 2.82
300999 52.92 367110.16 金龙鱼 7.54
301011 31.24 15729.6 华立科技 3.51
301037 23.11 26612.72 保立佳 6.3
301040 31.59 34100.82 中环海陆 0.67
301046 36.41 46793.71 能辉科技 3.76
301082 19.02 18896.65 久盛电气 0.95
301086 61.11 6330.95 鸿富瀚 3.26
301096 78.76 18447.96 百诚医药 6.29
301182 24.16 22447.78 凯旺科技 0.71
301206 44.4 31461.37 三元生物 0.47
301221 67.92 41862.93 光庭信息 5.47
301256 10.75 260127.38 华融化学 5.81
600114 8.51 165665.58 东睦股份 2.65
600171 23.93 809193.62 上海贝岭 6.88
600305 12.53 246129.55 恒顺醋业 2.2
600328 22.52 346749.34 中盐化工 7.96
600459 18.61 176543.41 贵研铂业 1.58
600573 10.15 148240.2 惠泉啤酒 2.42
600600 99.65 102070.43 青岛啤酒 4.25
600662 6.64 133389.05 外服控股 2.47
600690 27.3 573962.5 海尔智家 2.55
600699 16.24 839498.12 均胜电子 4.37
600702 199.81 108222.62 舍得酒业 2.95
600818 16.75 40279.0 中路股份 3.59
600859 25.25 511019.22 王府井 4.47
600882 44.97 102466.54 妙可蓝多 4.78
600884 29.96 811135.44 杉杉股份 5.79
600980 16.21 41087.01 北矿科技 2.08
