000557 4.81 314896.88 西部创业
000651 39.9 874831.62 格力电器
000737 8.48 158717.73 北方铜业
000786 35.9 195079.28 北新建材
000793 3.04 2089561.5 华闻集团
000856 13.18 922361.5 冀东装备
000983 9.36 1297269.75 山西焦煤
002103 5.02 777664.06 广博股份
002146 4.38 644162.62 荣盛发展
002256 3.76 1692798.12 兆新股份
002271 52.19 225244.95 东方雨虹
002283 9.46 257619.2 天润工业
002305 2.24 1572624.0 南国置业
002378 8.75 342717.59 章源钨业
002443 8.95 447932.0 金洲管道
002553 10.7 75152.0 南方精工
002827 13.12 297126.31 高争民爆
002945 14.99 499283.88 华林证券
300774 18.48 61436.52 倍杰特
300844 70.76 25366.69 山水比德
300982 67.04 17541.68 苏文电能
301158 26.98 215705.72 德石股份
600053 20.57 134378.92 九鼎投资
600123 11.37 842430.5 兰花科创
600153 10.08 421191.38 建发股份
600188 29.99 474290.38 兖矿能源
600230 20.33 313568.09 沧州大化
600256 6.66 1692196.38 广汇能源
600395 7.54 359133.78 盘江股份
600546 10.71 1048587.5 山煤国际
600716 4.92 459964.19 凤凰股份
600818 10.59 58601.93 中路股份
600853 3.38 811752.19 龙建股份
600919 7.05 1656822.62 江苏银行
600985 12.76 540196.06 淮北矿业
600989 17.8 683752.75 宝丰能源
