000029 10.56 294004.28 深深房A
000155 23.13 653630.19 川能动力
000416 3.84 446897.59 民生控股
000559 6.0 446417.84 万向钱潮
000703 12.12 504520.72 恒逸石化
000722 15.7 612019.12 湖南发展
000723 12.82 2340334.0 美锦能源
000868 5.38 624411.06 安凯客车
000876 15.14 976980.62 新希望
000878 12.14 271544.91 云南铜业
000930 10.16 890214.5 中粮科技
000957 16.75 1949630.38 中通客车
000993 13.62 236707.44 闽东电力
002002 3.85 989287.5 鸿达兴业
002061 7.2 2190572.75 浙江交科
002100 10.02 459699.56 天康生物
002124 6.42 1393598.38 天邦食品
002136 15.83 189393.16 安纳达
002157 5.79 1162325.12 正邦科技
002166 9.6 400308.56 莱茵生物
002190 27.89 75153.51 成飞集成
002196 9.77 276341.5 方正电机
002234 16.54 187790.16 民和股份
002325 2.45 511923.56 洪涛股份
002335 26.94 179350.77 科华数据
002363 7.14 752593.62 隆基机械
002420 6.87 70829.0 毅昌科技
002458 9.05 239944.95 益生股份
002529 19.24 186479.59 海源复材
002548 6.73 423639.91 金新农
002568 38.14 74695.93 百润股份
002579 8.85 622715.12 中京电子
002705 21.95 185804.95 新宝股份
002932 101.85 54641.26 明德生物
002959 57.75 20621.75 小熊电器
300071 3.02 270201.0 福石控股
300084 5.13 360602.0 海默科技
300094 5.28 772105.62 国联水产
300332 10.93 229586.05 天壕环境
300435 16.08 162027.0 中泰股份
300461 14.73 27663.9 田中精机
300496 131.51 80454.23 中科创达
300498 19.8 697020.06 温氏股份
300507 7.12 570092.19 苏奥传感
300587 17.83 188761.2 天铁股份
300761 37.55 41940.65 立华股份
300846 13.4 305211.03 首都在线
300863 76.55 23614.0 卡倍亿
300880 18.18 29346.35 迦南智能
300956 18.39 38226.56 英力股份
300967 18.43 123178.33 晓鸣股份
300985 30.38 47909.41 致远新能
301039 10.72 231508.77 中集车辆
301049 23.93 26464.71 超越科技
301116 21.8 124684.96 益客食品
301118 44.67 37759.14 恒光股份
301163 37.03 31551.02 宏德股份
301256 11.03 255376.8 华融化学
301259 30.0 63326.33 艾布鲁
600006 8.94 2007513.12 东风汽车
600098 7.29 434180.28 广州发展
600107 5.85 111975.01 美尔雅
600172 8.71 459324.44 黄河旋风
600178 7.08 88668.0 东安动力
600197 31.61 247032.73 伊力特
600358 6.47 235414.0 国旅联合
600367 23.03 345853.16 红星发展
600446 10.67 284206.34 金证股份
600517 5.42 257601.09 国网英大
600610 17.0 342334.47 中毅达
600686 6.56 757975.62 金龙汽车
600691 4.43 688139.88 阳煤化工
600693 4.92 463256.62 东百集团
600742 9.84 358064.59 一汽富维
600811 2.99 610507.12 东方集团
600860 18.28 356212.44 京城股份
600935 5.79 414330.03 华塑股份
600960 4.0 654864.81 渤海汽车
600975 8.73 648726.0 新五丰
