000932 6.12 2366986.25 华菱钢铁 0.49
000937 7.34 1352547.88 冀中能源 1.52
002348 2.91 1638641.0 高乐股份 0.69
300075 22.47 825270.94 数字政通 7.31
300240 8.58 139538.73 飞力达 2.39
300243 13.76 108933.92 瑞丰高材 1.25
300314 16.2 215522.09 戴维医疗 3.45
300387 11.47 606466.0 富邦股份 5.04
300946 72.2 14684.34 恒而达 1.58
300950 35.03 34165.16 德固特 1.59
301078 22.65 369733.03 孩子王 5.89
301096 83.08 27563.55 百诚医药 0.22
301117 77.5 75865.34 佳缘科技 3.03
301211 31.43 192490.95 亨迪药业 4.91
600333 5.91 546435.5 长春燃气 2.43
600376 5.78 93805.86 首开股份 2.12
600506 12.3 28913.94 香梨股份 4.59
600546 13.15 1199006.75 山煤国际 7.96
600639 14.29 280330.66 浦东金桥 7.44
600758 4.04 413546.94 辽宁能源 0.25
600774 16.07 55039.07 汉商集团 3.01
600782 6.34 1585049.75 新钢股份 0.32
600808 4.58 2474900.25 马钢股份 2.92
600829 6.73 89602.5 人民同泰 1.51
600886 10.41 243580.19 国投电力 1.46
600971 7.44 362564.78 恒源煤电 0.81
600997 8.03 466381.72 开滦股份 0.5
