000001 16.39 2488540.0 平安银行 4.06
000007 6.7 76940.41 全新好 2.13
000036 4.46 457953.72 华联控股 2.77
000042 9.81 94620.09 中洲控股 4.03
000416 4.11 175239.0 民生控股 2.75
000501 10.61 103754.35 武商集团 1.53
000520 3.81 394419.44 长航凤凰 3.53
000532 12.78 194971.78 华金资本 4.24
000563 3.37 846463.94 陕国投A 2.12
000627 3.26 275910.62 天茂集团 0.62
000656 5.29 3140279.25 金科股份 2.92
000735 7.04 384622.84 罗牛山 2.77
000825 7.15 1229478.38 太钢不锈 4.53
000923 15.63 172340.48 河钢资源 4.41
000955 5.82 435971.69 欣龙控股 5.05
002029 5.78 122645.55 七匹狼 2.85
002146 5.0 1891285.62 荣盛发展 5.26
002264 5.07 138145.0 新华都 4.54
002343 5.11 95086.23 慈文传媒 2.4
002492 6.46 222379.5 恒基达鑫 1.57
002495 2.95 432959.41 佳隆股份 2.08
002508 31.0 132018.05 老板电器 1.64
002634 5.81 131033.84 棒杰股份 2.83
002753 9.15 85515.75 永东股份 2.23
002905 7.93 104845.04 金逸影视 2.19
002948 4.16 307393.88 青岛银行 1.71
002958 3.76 530546.94 青农商行 2.17
002972 18.23 15473.27 科安达 3.58
300036 21.77 187255.64 超图软件 0.88
300596 47.0 20414.0 利安隆 0.17
300654 10.43 132575.27 世纪天鸿 4.3
300894 35.75 46677.76 火星人 3.98
600017 3.09 707793.12 日照港 3.0
600064 10.84 341875.88 南京高科 3.44
600120 4.44 584146.5 浙江东方 2.07
600185 7.05 1419484.38 格力地产 0.71
600208 3.21 2391792.75 新湖中宝 2.88
600376 7.29 877796.88 首开股份 6.74
600390 5.37 661780.75 五矿资本 1.71
600408 3.64 195262.48 安泰集团 3.41
600415 5.47 1469032.5 小商品城 5.19
600515 3.93 684863.94 海南机场 5.08
600827 11.61 183937.73 百联股份 2.65
600858 5.28 41710.98 银座股份 2.13
600916 12.92 289365.81 中国黄金 6.08
600928 4.14 315502.16 西安银行 2.22
