000155 21.17 393714.97 川能动力
000400 20.38 432322.0 许继电气
000505 8.24 305291.0 京粮控股
000546 14.31 206810.52 金圆股份
000622 4.92 125672.0 恒立实业
000626 9.79 243586.0 远大控股
000762 44.2 370604.25 西藏矿业
000886 4.34 158200.02 海南高速
000968 9.03 124576.76 蓝焰控股
000985 16.88 29511.0 大庆华科
002037 10.19 199660.19 保利联合
002134 9.02 46419.0 天津普林
002138 22.76 93122.94 顺络电子
002170 5.76 304438.12 芭田股份
002176 21.04 1158804.0 江特电机
002180 57.29 123831.49 纳思达
002218 5.37 331713.16 拓日新能
002235 4.76 518886.72 安妮股份
002254 18.41 114790.84 泰和新材
002335 45.64 174842.09 科华数据
002350 7.73 198569.55 北京科锐
002434 8.14 157885.19 万里扬
002518 54.94 178360.77 科士达
002549 19.39 112299.36 凯美特气
002607 5.0 2633378.25 中公教育
002749 9.04 69353.38 国光股份
002801 29.54 16487.73 微光股份
002843 25.93 185807.88 泰嘉股份
002895 22.88 86272.86 川恒股份
002897 58.67 61746.93 意华股份
002967 18.51 64129.37 广电计量
002972 18.15 56458.69 科安达
300054 22.19 162347.8 鼎龙股份
300218 10.63 41283.87 安利股份
300223 73.0 96602.42 北京君正
300263 7.5 275362.88 隆华科技
300332 12.85 113775.12 天壕环境
300432 16.22 536904.19 富临精工
300443 47.9 62908.76 金雷股份
300456 18.17 325030.59 赛微电子
300462 9.58 25206.85 华铭智能
300471 13.6 62179.01 厚普股份
300502 27.32 187336.95 新易盛
300506 7.47 145760.69 名家汇
300532 19.14 152760.98 今天国际
300554 21.21 74656.27 三超新材
300587 11.91 360073.12 天铁股份
300604 61.77 74690.43 长川科技
300619 69.56 11474.35 金银河
300706 26.38 114176.63 阿石创
300719 11.27 94840.3 安达维尔
300776 186.17 35669.67 帝尔激光
300861 56.76 70985.01 美畅股份
300870 50.45 15335.83 欧陆通
300958 18.41 27196.77 建工修复
301035 94.4 15213.2 润丰股份
301059 22.55 24920.66 金三江
301092 30.4 41596.35 争光股份
301097 66.98 5339.67 天益医疗
301266 80.72 29974.49 宇邦新材
600073 7.25 221757.45 上海梅林
600195 14.17 105728.49 中牧股份
600207 6.82 159046.2 安彩高科
600237 6.47 160132.55 铜峰电子
600348 17.79 431226.09 华阳股份
600444 13.58 60973.7 国机通用
600456 44.6 72977.96 宝钛股份
600502 4.95 710123.0 安徽建工
600562 15.29 152558.41 国睿科技
600586 8.48 628468.69 金晶科技
600598 14.28 252491.67 北大荒
600728 6.02 455177.41 佳都科技
600745 52.09 398640.81 闻泰科技
600769 7.32 96925.77 祥龙电业
600785 15.48 30744.89 新华百货
