000045 8.87 70261.41 深纺织A
000430 6.88 328253.47 张家界
000516 7.84 459299.56 国际医学
000524 10.3 520964.53 岭南控股
000628 10.59 112837.97 高新发展
000721 4.58 411566.0 西安饮食
000731 9.51 332622.41 四川美丰
000820 3.74 232563.31 神雾节能
000888 8.03 479357.38 峨眉山A
000893 22.52 97520.22 亚钾国际
000948 16.57 587040.38 南天信息
002027 8.24 2570761.75 分众传媒
002033 7.03 180629.59 丽江股份
002057 8.51 188134.16 中钢天源
002059 7.6 657104.44 云南旅游
002129 43.4 479919.16 TCL中环
002159 12.18 61315.0 三特索道
002258 30.24 66606.1 利尔化学
002332 11.4 262695.44 仙琚制药
002336 6.09 183719.59 人人乐
002385 9.84 1326368.75 大北农
002393 21.75 18842.02 力生制药
002479 5.62 123202.7 富春环保
002533 8.08 162821.0 金杯电工
002537 9.11 2230641.0 海联金汇
002562 5.59 320967.94 兄弟科技
002601 26.27 207857.69 龙佰集团
002603 23.68 700580.06 以岭药业
002645 24.39 60154.2 华宏科技
002727 31.13 76206.64 一心堂
002728 15.61 115770.72 特一药业
002801 20.53 25468.8 微光股份
002849 13.26 49553.29 威星智能
002881 43.3 60089.34 美格智能
002905 7.1 46871.8 金逸影视
002917 13.48 191035.84 金奥博
002918 24.74 40006.85 蒙娜丽莎
300052 26.32 378082.59 中青宝
300063 5.04 539412.69 天龙集团
300144 16.98 699420.38 宋城演艺
300268 16.82 65972.34 佳沃食品
300305 16.0 54344.43 裕兴股份
300425 5.37 241967.23 中建环能
300528 6.19 104748.4 幸福蓝海
300649 17.75 83959.91 杭州园林
300921 30.66 175608.64 南凌科技
300942 28.8 76424.79 易瑞生物
300966 38.01 41596.6 共同药业
300989 45.99 16874.29 蕾奥规划
301025 18.68 80178.3 读客文化
301037 23.9 12254.52 保立佳
301085 38.6 53139.68 亚康股份
301126 18.76 53250.02 达嘉维康
301159 45.01 52222.63 三维天地
301179 49.59 21900.45 泽宇智能
600008 3.49 1666198.0 首创环保
600054 11.56 216586.09 黄山旅游
600129 19.84 368497.06 太极集团
600138 12.68 707465.19 中青旅
600258 28.25 258806.09 首旅酒店
600295 24.88 196557.52 鄂尔多斯
600319 5.96 50768.75 亚星化学
600426 35.06 451124.56 华鲁恒升
600449 13.27 161358.72 宁夏建材
600463 9.36 73618.73 空港股份
600491 6.06 309396.75 龙元建设
600749 12.05 190417.03 西藏旅游
600801 21.23 212037.91 华新水泥
600810 12.55 193433.28 神马股份
600833 9.55 44784.61 第一医药
600872 36.28 242092.78 中炬高新
