000035 5.53 304421.53 中国天楹
000422 22.34 882884.56 湖北宜化
000505 9.59 315259.25 京粮控股
000516 11.42 568714.56 国际医学
000539 4.33 378329.91 粤电力A
000601 5.19 152770.7 韶能股份
000633 7.68 169018.2 合金投资
000663 7.21 66029.68 永安林业
000709 2.35 2172539.25 河钢股份
000713 9.49 279701.97 丰乐种业
000735 7.16 523112.09 罗牛山
000739 22.23 338739.09 普洛药业
000798 9.8 142359.73 中水渔业
000826 3.25 389192.72 启迪环境
000833 9.93 468956.31 粤桂股份
000860 28.06 356231.44 顺鑫农业
000862 7.28 249022.23 银星能源
000880 11.11 115025.83 潍柴重机
000928 6.43 190432.14 中钢国际
002030 17.98 640009.94 达安基因
002041 21.64 130749.6 登海种业
002132 8.08 902829.62 恒星科技
002202 15.16 822800.25 金风科技
002225 4.16 118213.25 濮耐股份
002255 5.86 398098.47 海陆重工
002307 6.29 922786.88 北新路桥
002326 34.98 775969.69 永太科技
002340 9.38 1656551.0 格林美
002378 8.29 101745.05 章源钨业
002434 8.94 258106.48 万里扬
002437 2.6 374627.0 誉衡药业
002479 4.84 127182.39 富春环保
002488 7.11 231172.23 金固股份
002526 2.51 1335815.38 山东矿机
002550 6.05 715023.75 千红制药
002576 13.96 68238.19 通达动力
002581 17.85 85781.55 未名医药
002688 4.96 116218.83 金河生物
002726 11.05 265413.97 龙大美食
002746 9.68 185999.77 仙坛股份
002826 10.46 92912.5 易明医药
002866 24.3 726384.5 传艺科技
002915 19.18 182576.2 中欣氟材
002940 38.15 20057.0 昂利康
002949 14.09 44630.56 华阳国际
002992 15.69 62375.83 宝明科技
300004 6.72 95246.0 南风股份
300019 23.55 113199.44 硅宝科技
300037 55.55 275982.38 新宙邦
300073 93.05 128724.46 当升科技
300080 5.31 438495.84 易成新能
300087 17.21 229457.92 荃银高科
300105 5.98 98519.0 龙源技术
300107 5.63 113481.28 建新股份
300142 50.39 361452.09 沃森生物
300149 11.95 83728.76 睿智医药
300179 16.42 192313.0 四方达
300181 10.51 267076.41 佐力药业
300214 7.98 72870.0 日科化学
300340 16.16 87751.15 科恒股份
300347 121.89 111873.18 泰格医药
300358 18.53 77592.86 楚天科技
300385 7.05 113274.77 雪浪环境
300406 18.07 70485.01 九强生物
300412 7.05 256583.62 迦南科技
300439 12.6 109160.56 美康生物
300451 7.57 332558.12 创业慧康
300472 12.28 428884.53 新元科技
300499 12.61 173859.5 高澜股份
300511 6.88 127049.3 雪榕生物
300568 30.7 350452.25 星源材质
300617 45.45 30995.72 安靠智电
300626 9.14 53179.6 华瑞股份
300637 7.7 29709.8 扬帆新材
300639 22.27 210648.36 凯普生物
300645 22.83 16512.76 正元智慧
300707 17.82 132641.06 威唐工业
300723 28.9 45898.21 一品红
300726 62.89 30891.72 宏达电子
300727 30.3 54514.29 润禾材料
300741 29.32 93607.39 华宝股份
300758 13.1 234972.0 七彩化学
300761 44.16 44225.34 立华股份
300801 27.1 90692.83 泰和科技
300832 46.66 57764.16 新产业
300890 57.65 54658.68 翔丰华
300891 12.8 176282.2 惠云钛业
300922 18.42 31762.4 天秦装备
300964 32.2 11801.85 本川智能
300981 25.95 42038.51 中红医疗
301050 105.09 12280.6 雷电微力
301093 34.73 14108.35 华兰股份
301096 83.88 17765.29 百诚医药
301118 44.41 34039.91 恒光股份
301138 32.0 32234.64 华研精机
301156 32.87 71369.47 美农生物
301257 50.74 19685.92 普蕊斯
600011 7.52 1710180.0 华能国际
600089 29.26 2184462.75 特变电工
600097 10.18 48741.0 开创国际
600114 8.3 103337.14 东睦股份
600127 9.38 736972.62 金健米业
600251 11.35 376677.69 冠农股份
600293 3.8 454365.66 三峡新材
600312 8.29 288577.03 平高电气
600333 5.09 80662.01 长春燃气
600343 10.91 111208.72 航天动力
600354 7.05 274056.0 敦煌种业
600380 12.86 296183.81 健康元
600470 7.85 422297.0 六国化工
600478 8.8 851814.94 科力远
600493 5.89 128978.0 凤竹纺织
600505 8.62 102897.57 西昌电力
600522 23.99 685553.38 中天科技
600587 20.85 97299.99 新华医疗
600590 6.7 130206.3 泰豪科技
600594 5.8 176597.81 益佰制药
600617 4.76 131916.03 国新能源
600673 9.33 400321.91 东阳光
600727 8.55 226216.92 鲁北化工
600729 22.76 85793.46 重庆百货
600735 6.94 294468.75 新华锦
600764 25.97 80756.04 中国海防
600765 34.1 255864.47 中航重机
600766 8.74 42733.48 园城黄金
600780 5.59 374726.72 通宝能源
600789 6.73 202361.09 鲁抗医药
600795 4.06 2871197.0 国电电力
600861 23.09 48234.01 北京城乡
600873 11.9 483930.72 梅花生物
600956 12.78 71558.12 新天绿能
600979 3.41 410546.91 广安爱众
