000062 12.48 247090.62 深圳华强
000520 3.49 382165.84 长航凤凰
000632 4.76 697200.38 三木集团
000695 15.02 71138.72 滨海能源
000951 15.47 284864.69 中国重汽
002040 7.62 391948.75 南京港
002082 11.2 416472.91 万邦德
002095 17.19 212211.5 生意宝
002103 5.65 474979.44 广博股份
002174 9.2 273804.09 游族网络
002188 7.14 304018.53 中天服务
002206 6.94 194884.02 海利得
002229 7.41 201334.52 鸿博股份
002251 6.8 1147963.62 步步高
002349 14.52 993669.19 精华制药
002357 6.37 490011.69 富临运业
002370 5.66 643416.62 亚太药业
002398 6.47 449749.75 垒知集团
002403 8.41 76615.52 爱仕达
002412 7.62 466134.44 汉森制药
002418 3.2 235462.0 康盛股份
002421 3.68 955724.88 达实智能
002520 6.55 640032.56 日发精机
002529 18.61 260800.86 海源复材
002603 51.76 2600038.0 以岭药业
002609 8.96 68521.18 捷顺科技
002713 6.43 250529.31 东易日盛
002780 13.14 127622.94 三夫户外
002789 15.98 133156.78 建艺集团
002802 15.6 33546.48 洪汇新材
002803 15.55 285209.53 吉宏股份
002910 12.09 155935.67 庄园牧场
002911 14.13 312604.88 佛燃能源
002950 13.69 180327.23 奥美医疗
002951 9.83 42851.0 金时科技
002953 13.09 174008.77 日丰股份
002988 15.05 41136.5 豪美新材
002990 29.88 41422.86 盛视科技
300039 8.09 2084986.88 上海凯宝
300078 5.32 527977.12 思创医惠
300111 3.3 697778.19 向日葵
300132 7.84 153629.23 青松股份
300135 2.94 258668.0 宝利国际
300142 40.2 253515.05 沃森生物
300221 5.43 156132.95 银禧科技
300243 9.05 72513.84 瑞丰高材
300247 4.01 273340.28 融捷健康
300267 3.78 914327.38 尔康制药
300269 5.04 267862.19 联建光电
300374 16.36 212704.91 中铁装配
300396 28.25 55982.83 迪瑞医疗
300406 18.21 90669.5 九强生物
300434 13.7 434353.59 金石亚药
300438 78.3 179083.77 鹏辉能源
300464 6.59 285248.75 星徽股份
300518 49.28 21781.16 盛讯达
300562 10.11 100639.6 乐心医疗
300573 142.55 41934.0 兴齐眼药
300583 27.29 42230.69 赛托生物
300585 14.0 62077.1 奥联电子
300591 5.21 157575.66 万里马
300648 41.96 74194.44 星云股份
300715 15.1 34486.0 凯伦股份
300729 18.2 55405.79 乐歌股份
300765 18.42 111537.37 新诺威
300813 68.85 102064.38 泰林生物
300816 28.92 41256.5 艾可蓝
300863 88.6 12059.47 卡倍亿
300876 31.47 19788.89 蒙泰高新
300942 23.91 189768.06 易瑞生物
300988 22.37 26783.04 津荣天宇
301001 23.52 57868.12 凯淳股份
301047 121.48 19431.27 义翘神州
301057 20.47 36069.26 汇隆新材
301060 22.41 153358.28 兰卫医学
301068 28.22 18830.12 大地海洋
301075 26.75 41793.07 多瑞医药
301087 49.4 109455.36 可孚医疗
301089 81.29 65830.78 拓新药业
301093 28.83 64328.5 华兰股份
301111 25.47 103600.66 粤万年青
301130 34.58 38343.32 西点药业
301162 96.38 11340.64 国能日新
301166 65.45 65619.08 优宁维
301193 34.94 23097.71 家联科技
301212 37.8 27014.3 联盛化学
301258 43.69 25359.31 富士莱
301263 33.79 37227.41 泰恩康
301300 37.03 28900.25 远翔新材
600035 3.46 291288.0 楚天高速
600062 23.15 1163581.75 华润双鹤
600196 36.93 829306.31 复星医药
600211 40.14 80614.47 西藏药业
600319 5.97 78843.0 亚星化学
600352 10.2 515732.91 浙江龙盛
600415 5.86 5259065.5 小商品城
600539 7.18 171162.95 狮头股份
600561 5.98 108186.0 江西长运
600649 4.33 312499.28 城投控股
600676 4.06 108456.2 交运股份
600693 5.38 1664917.25 东百集团
600704 5.12 1186585.38 物产中大
600814 7.4 120409.91 杭州解百
600826 9.92 104039.62 兰生股份
600833 13.63 245881.41 第一医药
