000011 10.67 156009.11 深物业A
000061 6.07 308912.91 农产品
000063 23.71 888373.94 中兴通讯
000407 3.45 105235.21 胜利股份
000555 10.76 246263.44 神州信息
000753 3.13 164486.59 漳州发展
000795 5.85 447964.16 英洛华
000797 3.47 2257928.0 中国武夷
000848 8.59 317877.28 承德露露
000932 5.62 1368675.62 华菱钢铁
002059 6.12 350725.19 云南旅游
002110 6.89 538838.56 三钢闽光
002208 7.37 398307.38 合肥城建
002258 19.9 153568.97 利尔化学
002271 45.6 332807.53 东方雨虹
002396 21.11 154430.2 星网锐捷
002457 9.3 404108.09 青龙管业
002533 6.03 120592.01 金杯电工
002555 21.81 445010.12 三七互娱
002624 13.87 1443367.88 完美世界
002628 3.61 488410.0 成都路桥
002646 17.0 281386.12 天佑德酒
002728 12.36 51990.0 特一药业
002813 22.13 15902.77 路畅科技
002847 67.16 19824.89 盐津铺子
300012 22.5 221610.2 华测检测
300026 5.71 1480609.88 红日药业
300039 6.06 516024.0 上海凯宝
300059 21.65 3827277.5 东方财富
300122 97.46 158447.88 智飞生物
300141 7.83 108945.39 和顺电气
300151 15.47 94184.7 昌红科技
300217 3.77 316858.12 东方电热
300233 26.06 98487.64 金城医药
300284 7.72 1154503.0 苏交科
300340 10.53 82350.46 科恒股份
300360 7.59 203110.5 炬华科技
300363 74.3 86712.96 博腾股份
300398 20.89 174358.45 飞凯材料
300406 14.05 98995.5 九强生物
300453 9.47 46893.05 三鑫医疗
300479 18.1 161147.02 神思电子
300491 11.19 32440.6 通合科技
300553 27.93 5553.1 集智股份
300571 37.23 32485.0 平治信息
300576 27.25 65030.96 容大感光
300675 16.13 100247.49 建科院
300725 71.75 34802.78 药石科技
300774 19.2 111582.3 倍杰特
300833 62.6 9577.0 浩洋股份
300896 505.3 26378.29 爱美客
300903 21.7 27077.18 科翔股份
300989 41.9 23207.17 蕾奥规划
301013 17.11 58014.84 利和兴
301073 78.81 23367.16 君亭酒店
301136 23.91 216544.77 招标股份
301226 33.17 48824.56 祥明智能
600039 10.05 597227.44 四川路桥
600067 3.16 405227.5 冠城大通
600133 5.37 304731.59 东湖高新
600170 3.14 1039876.0 上海建工
600176 15.39 482398.22 中国巨石
600206 13.73 251761.59 有研新材
600248 5.27 1038677.06 陕西建工
600283 11.99 84160.02 钱江水利
600491 4.96 355612.25 龙元建设
600512 3.67 1111008.5 腾达建设
600522 15.39 1207184.5 中天科技
600578 2.95 872283.25 京能电力
600585 39.49 580669.94 海螺水泥
600639 13.66 105179.57 浦东金桥
600660 34.45 268717.66 福耀玻璃
600706 10.06 254554.91 曲江文旅
600745 62.6 207197.69 闻泰科技
600820 5.57 814201.94 隧道股份
600853 3.35 623507.5 龙建股份
600854 6.12 636828.94 春兰股份
600939 4.68 678497.75 重庆建工
600970 7.67 274867.34 中材国际
600976 36.8 70706.72 健民集团
