000557 4.89 316936.72 西部创业 2.52
000812 6.03 436886.47 陕西金叶 1.86
002048 16.24 125837.23 宁波华翔 1.44
002085 6.86 1575292.5 万丰奥威 6.36
002194 10.45 808225.19 武汉凡谷 4.08
002196 11.16 321525.81 方正电机 3.62
002284 10.33 548964.94 亚太股份 0.68
002540 6.74 651581.62 亚太科技 5.15
002562 6.99 472635.75 兄弟科技 5.27
002606 10.84 685903.69 大连电瓷 2.75
002895 35.68 215230.06 川恒股份 5.03
002931 11.87 70017.04 锋龙股份 4.31
002983 20.33 11683.0 芯瑞达 0.94
300109 19.55 150409.77 新开源 6.42
300258 12.98 148459.42 精锻科技 6.92
300571 45.52 67388.79 平治信息 6.08
300580 21.45 40711.0 贝斯特 2.24
300939 34.23 41036.96 秋田微 2.85
301007 15.15 54941.23 德迈仕 1.68
301078 16.1 190820.48 孩子王 0.69
301228 22.87 54039.84 实朴检测 5.2
600480 9.14 188726.45 凌云股份 0.88
600610 18.75 158291.59 中毅达 6.47
600731 8.13 285833.53 湖南海利 3.3
