000548 5.22 527094.25 湖南投资
000722 15.33 606630.38 湖南发展
000820 5.75 551042.81 神雾节能
000887 15.48 529142.5 中鼎股份
000957 13.65 714442.56 中通客车
000981 1.98 1180403.0 山子股份
002079 15.82 975504.06 苏州固锝
002181 5.6 860462.38 粤传媒
002197 9.97 307858.59 证通电子
002315 18.27 318338.12 焦点科技
002329 7.85 619727.81 皇氏集团
002520 7.19 780510.31 日发精机
002529 21.55 372394.38 海源复材
002537 8.3 575335.81 海联金汇
002658 8.95 288837.53 雪迪龙
002758 14.9 167437.09 浙农股份
002865 183.8 33937.12 钧达股份
002909 9.98 391964.31 集泰股份
002965 56.31 139543.98 祥鑫科技
002997 26.6 104186.45 瑞鹄模具
300125 20.77 136468.64 聆达股份
300421 12.66 85087.07 力星股份
300772 14.97 172084.16 运达股份
300820 78.09 25926.65 英杰电气
300827 55.9 49229.16 上能电气
300926 23.13 16176.04 博俊科技
300988 21.82 17802.8 津荣天宇
301063 33.83 12726.52 海锅股份
301112 33.23 73069.37 信邦智能
301165 35.34 55834.11 锐捷网络
301263 36.04 30687.47 泰恩康
301333 84.04 15510.25 诺思格
600520 15.59 377994.44 文一科技
600698 5.0 120523.95 湖南天雁
