000029 9.4 164621.02 深深房A
000048 25.27 62846.71 京基智农
000402 7.25 1694912.62 金融街
000416 4.28 508302.88 民生控股
000510 6.52 335490.0 新金路
000573 4.37 1109165.62 粤宏远A
000596 187.07 50716.02 古井贡酒
000615 8.8 798063.12 奥园美谷
000656 5.21 4803913.5 金科股份
000756 8.84 151162.84 新华制药
000777 12.22 97093.1 中核科技
000881 9.65 212213.84 中广核技
000895 30.97 268590.69 双汇发展
000898 3.85 1212253.88 鞍钢股份
000923 16.9 468792.12 河钢资源
000959 5.92 809453.12 首钢股份
000966 5.55 390830.97 长源电力
002048 15.53 65517.83 宁波华翔
002060 7.24 1567050.5 粤水电
002130 6.0 137938.7 沃尔核材
002184 11.7 285806.19 海得控制
002284 7.0 152963.02 亚太股份
002406 5.5 102268.81 远东传动
002409 48.35 52851.87 雅克科技
002463 11.68 382535.91 沪电股份
002497 31.4 717809.25 雅化集团
002539 15.15 777433.5 云图控股
002572 21.48 129984.45 索菲亚
002590 7.3 90841.04 万安科技
002657 17.09 689535.69 中科金财
002701 5.07 334858.59 奥瑞金
002726 10.3 309555.38 龙大美食
002749 9.99 52170.58 国光股份
002750 14.85 565763.0 龙津药业
002839 6.79 414982.75 张家港行
002847 62.97 12514.88 盐津铺子
002864 50.13 236933.59 盘龙药业
002935 27.5 42188.8 天奥电子
002937 14.17 56045.95 兴瑞科技
002939 10.28 940506.31 长城证券
002956 16.67 29208.64 西麦食品
002959 49.93 33949.36 小熊电器
300373 66.78 109628.46 扬杰科技
300436 41.95 108110.0 广生堂
300442 43.87 24320.27 润泽科技
300497 15.27 240970.31 富祥药业
300527 9.05 353059.31 中船应急
300548 27.24 35275.57 博创科技
300560 15.46 175315.64 中富通
300581 22.0 139950.66 晨曦航空
300613 120.01 24621.47 富瀚微
300671 77.8 137472.81 富满微
300722 31.07 47470.2 新余国科
300730 18.28 182273.78 科创信息
300803 42.32 197783.62 指南针
300821 15.37 174828.48 东岳硅材
300830 8.5 113275.0 金现代
300847 13.46 68262.68 中船汉光
300863 65.95 15071.21 卡倍亿
300893 22.1 30709.31 松原股份
300897 31.0 3718.9 山科智能
300898 23.51 51429.5 熊猫乳品
300915 44.39 12313.32 海融科技
300969 55.01 21244.78 恒帅股份
300998 25.34 22205.56 宁波方正
300999 49.05 187197.23 金龙鱼
301078 15.32 211630.28 孩子王
301181 30.54 20544.74 标榜股份
301207 43.19 48413.39 华兰疫苗
600072 12.78 169756.3 中船科技
600075 8.23 1479168.38 新疆天业
600116 10.28 302028.16 三峡水利
600163 7.37 299796.31 中闽能源
600178 6.97 67001.01 东安动力
600316 25.43 106219.43 洪都航空
600479 10.72 167320.94 千金药业
600533 4.21 1249656.5 栖霞建设
600685 17.07 81892.67 中船防务
600720 10.87 318718.28 祁连山
600729 26.9 67425.81 重庆百货
600780 4.03 199050.62 通宝能源
600810 10.63 254508.53 神马股份
600863 3.14 1488996.62 内蒙华电
600865 13.49 143607.98 百大集团
600885 44.0 88788.7 宏发股份
600908 6.02 291079.47 无锡银行
600929 7.23 341271.09 雪天盐业
600989 16.09 728240.62 宝丰能源
