000014 7.91 97268.39 沙河股份
000066 10.86 1357368.75 中国长城
000090 5.4 256304.52 天健集团
000153 8.76 101733.71 丰原药业
000411 11.73 102815.65 英特集团
000503 10.74 253767.56 国新健康
000529 6.45 141552.03 广弘控股
000534 14.89 77007.37 万泽股份
000548 4.33 102465.51 湖南投资
000557 5.26 293588.53 西部创业
000576 11.47 94467.84 甘化科工
000586 8.45 77446.01 汇源通信
000608 2.75 217240.0 阳光股份
000636 14.76 131858.34 风华高科
000712 13.47 152941.2 锦龙股份
000726 7.26 92641.28 鲁泰A
000737 5.08 71274.01 北方铜业
000788 7.44 158308.39 北大医药
000831 29.85 522385.53 中国稀土
000877 8.38 143605.22 天山股份
000919 7.54 75348.0 金陵药业
000926 3.99 199122.28 福星股份
000928 5.44 152624.56 中钢国际
000950 5.23 659951.69 重药控股
000951 12.01 167188.33 中国重汽
000966 4.7 342882.09 长源电力
000975 13.9 484355.59 银泰黄金
000977 22.23 462598.84 浪潮信息
000985 16.12 18673.0 大庆华科
000989 9.16 281895.88 九芝堂
000998 14.72 142961.31 隆平高科
002003 10.62 121149.33 伟星股份
002007 20.54 243737.06 华兰生物
002034 19.93 101194.24 旺能环境
002063 6.73 600454.69 远光软件
002095 12.98 46743.25 生意宝
002128 12.76 239852.31 电投能源
002144 10.04 101709.33 宏达高科
002154 3.56 137470.7 报喜鸟
002185 9.05 595228.75 华天科技
002191 7.66 621316.19 劲嘉股份
002198 5.76 100319.59 嘉应制药
002247 2.53 126910.0 聚力文化
002268 33.72 539467.75 电科网安
002275 15.26 60518.86 桂林三金
002292 4.49 276694.41 奥飞娱乐
002317 19.78 374460.72 众生药业
002322 8.76 69075.38 理工能科
002338 27.57 112776.26 奥普光电
002343 4.83 77778.52 慈文传媒
002349 12.71 751663.81 精华制药
002385 9.14 792126.38 大北农
002425 4.65 225128.36 凯撒文化
002436 11.98 868636.62 兴森科技
002502 3.14 126336.03 鼎龙文化
002530 7.61 570138.5 金财互联
002557 43.76 65908.58 洽洽食品
002566 8.44 183134.64 益盛药业
002587 5.58 411219.28 奥拓电子
002591 6.41 628854.94 恒大高新
002602 3.81 633635.44 世纪华通
002605 13.41 34254.16 姚记科技
002609 7.74 58519.0 捷顺科技
002644 9.89 185411.45 佛慈制药
002659 3.95 472914.47 凯文教育
002682 4.16 185068.56 龙洲股份
002702 5.69 365147.19 海欣食品
002750 11.75 532943.81 龙津药业
002758 12.5 198501.2 浙农股份
002785 26.66 50866.5 万里石
002792 12.28 161401.59 通宇通讯
002808 7.88 570212.19 恒久科技
002817 9.2 378567.97 黄山胶囊
002826 10.48 38999.36 易明医药
002836 10.02 69334.77 新宏泽
002856 10.35 31009.0 美芝股份
002862 13.15 34609.97 实丰文化
002890 18.34 11857.8 弘宇股份
002912 24.81 64115.36 中新赛克
002951 9.16 171432.77 金时科技
002980 28.83 27559.54 华盛昌
002981 23.65 15196.0 朝阳科技
002985 52.87 76308.27 北摩高科
002987 29.96 243855.69 京北方
002988 14.2 22226.75 豪美新材
002995 15.68 53084.42 天地在线
300016 6.96 69433.96 北陆药业
300031 13.72 119872.74 宝通科技
300039 5.86 468528.56 上海凯宝
300047 6.33 249989.31 天源迪科
300054 21.33 226781.52 鼎龙股份
300074 3.73 114723.0 华平股份
300087 14.78 195367.88 荃银高科
300113 10.25 123154.04 顺网科技
300123 6.39 352474.72 亚光科技
300128 3.57 246928.12 锦富技术
300138 16.96 97907.06 晨光生物
300158 5.37 354606.56 振东制药
300166 8.44 526503.62 东方国信
300181 10.91 403778.41 佐力药业
300182 4.64 521801.59 捷成股份
300239 8.14 203398.05 东宝生物
300269 4.58 163658.14 联建光电
300290 4.73 222567.5 荣科科技
300352 4.3 306964.28 北信源
300359 5.14 187943.23 全通教育
300364 7.29 211785.41 中文在线
300369 11.07 429000.09 绿盟科技
300377 7.92 162945.56 赢时胜
300412 6.61 183352.08 迦南科技
300418 13.35 125750.16 昆仑万维
300430 14.29 117051.99 诚益通
300449 5.5 67539.2 汉邦高科
300474 60.33 168571.88 景嘉微
300487 82.5 49651.17 蓝晓科技
300497 12.4 123758.32 富祥药业
300515 11.85 67809.0 三德科技
300519 16.78 45729.04 新光药业
300534 9.31 309690.0 陇神戎发
300537 13.74 77344.0 广信材料
300541 11.93 99615.1 先进数通
300553 57.43 23497.0 集智股份
300582 13.43 172654.84 英飞特
300588 10.93 80161.6 熙菱信息
300616 18.0 24687.42 尚品宅配
300621 8.49 26437.0 维业股份
300647 9.24 106602.52 超频三
300654 10.06 37800.85 世纪天鸿
300663 15.23 278147.62 科蓝软件
300674 15.98 302983.47 宇信科技
300678 18.1 133138.25 中科信息
300687 29.33 118200.21 赛意信息
300688 15.08 74723.1 创业黑马
300700 35.99 79523.07 岱勒新材
300743 12.07 58291.12 天地数码
300747 26.64 78699.95 锐科激光
300751 491.0 19220.33 迈为股份
300779 15.68 21865.0 惠城环保
300788 18.97 24150.99 中信出版
300792 27.63 71149.41 壹网壹创
300803 46.5 107605.19 指南针
300815 16.38 22496.56 玉禾田
300847 11.72 39695.12 中船汉光
300878 22.72 44189.67 维康药业
300880 15.59 22078.35 迦南智能
300886 23.72 20319.77 华业香料
300889 13.65 33709.0 爱克股份
300895 27.07 32802.03 铜牛信息
300941 20.61 49284.07 创识科技
300993 13.07 35048.11 玉马遮阳
301001 22.38 32569.54 凯淳股份
301009 10.75 41622.32 可靠股份
301026 27.58 23519.39 浩通科技
301051 48.52 8244.0 信濠光电
301052 22.49 15525.05 果麦文化
301086 61.25 6121.15 鸿富瀚
301111 22.95 49861.23 粤万年青
301171 17.93 76509.25 易点天下
301198 19.08 15877.37 喜悦智行
301205 43.0 32519.2 联特科技
301208 48.7 38044.27 中亦科技
301228 17.67 24475.41 实朴检测
301266 70.66 31629.47 宇邦新材
301286 21.67 50126.34 侨源股份
301296 14.84 49230.36 新巨丰
301318 51.14 30963.93 维海德
301331 42.79 44214.38 恩威医药
600056 12.76 488266.16 中国医药
600062 18.37 296935.47 华润双鹤
600067 3.24 152602.23 冠城大通
600080 7.93 50535.0 金花股份
600082 3.58 468444.0 海泰发展
600128 8.02 58485.56 弘业股份
600129 35.65 127436.97 太极集团
600137 14.26 19004.01 浪莎股份
600249 4.84 62196.91 两面针
600258 22.56 107930.64 首旅酒店
600262 17.12 20565.38 北方股份
600278 7.18 121062.02 东方创业
600285 14.2 275954.5 羚锐制药
600332 28.01 187973.69 白云山
600399 17.46 404280.84 抚顺特钢
600459 15.4 117769.43 贵研铂业
600479 10.27 154169.91 千金药业
600513 9.81 64104.66 联环药业
600520 13.34 334873.56 文一科技
600529 31.86 194730.77 山东药玻
600557 19.48 173120.11 康缘药业
600566 31.38 231743.64 济川药业
600571 8.35 145989.3 信雅达
600572 4.21 388322.84 康恩贝
600584 23.36 518452.78 长电科技
600594 5.63 247225.47 益佰制药
600604 4.89 198066.81 市北高新
600613 5.78 74103.0 神奇制药
600645 18.88 142400.92 中源协和
600647 15.53 16177.0 同达创业
600668 11.68 68612.88 尖峰集团
600683 4.74 274168.0 京投发展
600692 5.58 44637.3 亚通股份
600712 3.69 81999.0 南宁百货
600715 2.12 190775.0 文投控股
600757 5.65 141897.61 长江传媒
600771 29.66 172955.55 广誉远
600790 4.04 192146.22 轻纺城
600833 10.15 40488.0 第一医药
600850 19.81 84745.94 电科数字
600892 3.9 56340.0 大晟文化
600962 11.38 79399.75 国投中鲁
600971 8.28 434030.03 恒源煤电
600976 58.03 70326.13 健民集团
600988 19.32 574116.94 赤峰黄金
600993 23.8 118433.56 马应龙
