002270 8.75 460507.53 华明装备 7.36
002585 24.04 176221.0 双星新材 4.34
002811 9.37 26698.53 郑中设计 1.52
002836 10.13 51320.0 新宏泽 4.0
002895 24.46 151469.2 川恒股份 5.75
002922 16.62 95973.7 伊戈尔 2.47
002938 36.55 81686.26 鹏鼎控股 2.73
300083 13.1 358994.97 创世纪 5.99
300284 7.49 582461.75 苏交科 3.6
300328 9.6 235449.92 宜安科技 5.38
300447 19.55 77598.21 全信股份 3.66
300665 9.99 124118.95 飞鹿股份 5.05
300698 22.8 39160.0 万马科技 5.26
300712 44.0 34802.97 永福股份 2.68
300820 70.95 13829.5 英杰电气 5.47
300827 73.18 46389.4 上能电气 3.9
300865 26.54 10679.97 大宏立 2.83
301020 28.31 12696.45 密封科技 1.11
301075 33.57 10740.95 多瑞医药 2.5
301138 47.33 72440.15 华研精机 7.4
301211 29.12 90206.88 亨迪药业 4.0
600080 8.07 88810.15 金花股份 7.03
600206 14.57 123449.03 有研新材 1.89
600587 25.12 88745.81 新华医疗 2.2
600633 10.18 942452.19 浙数文化 4.84
600699 17.12 268998.69 均胜电子 0.12
600861 25.1 39594.67 北京城乡 2.62
