000062 12.74 155899.11 深圳华强
000419 5.81 139255.73 通程控股
000430 8.23 465249.59 张家界
000523 3.79 306993.12 广州浪奇
000526 17.39 68907.0 学大教育
000615 7.22 576767.62 奥园美谷
000698 4.98 473357.88 沈阳化工
000715 5.87 271502.59 中兴商业
000799 142.48 135167.86 酒鬼酒
000802 4.91 222088.92 北京文化
000848 8.9 309037.25 承德露露
000920 10.14 256334.69 沃顿科技
000936 5.61 156677.02 华西股份
002033 11.65 378961.91 丽江股份
002095 16.09 123137.59 生意宝
002098 7.39 452743.03 浔兴股份
002120 14.9 353226.47 韵达股份
002127 5.06 659995.75 南极电商
002154 4.33 235857.94 报喜鸟
002183 6.15 1054352.75 怡亚通
002209 8.81 109902.46 达意隆
002242 16.72 81766.65 九阳股份
002285 3.62 1388948.12 世联行
002342 4.47 460194.0 巨力索具
002344 4.7 315118.62 海宁皮城
002348 3.98 705960.0 高乐股份
002354 4.61 1315935.5 天娱数科
002379 4.57 476808.16 宏创控股
002397 4.92 492358.41 梦洁股份
002400 4.44 252092.8 省广集团
002419 6.43 406250.56 天虹股份
002492 6.78 301767.03 恒基达鑫
002511 13.55 467232.09 中顺洁柔
002515 4.47 211155.23 金字火腿
002517 6.95 424198.62 恺英网络
002570 5.5 654899.38 贝因美
002605 14.75 69803.33 姚记科技
002612 27.5 198666.52 朗姿股份
002621 4.32 502461.81 美吉姆
002622 4.27 371933.53 皓宸医疗
002646 15.95 143031.86 天佑德酒
002659 4.82 256834.0 凯文教育
002719 8.54 76500.77 麦趣尔
002732 22.66 174915.95 燕塘乳业
002780 13.09 83920.0 三夫户外
002878 16.84 120255.0 元隆雅图
300032 5.46 139898.95 金龙机电
300106 9.99 304032.41 西部牧业
300109 27.98 103922.91 新开源
300146 23.14 307158.31 汤臣倍健
300152 3.58 359412.72 新动力
300192 8.7 223056.23 科德教育
300243 9.18 82002.03 瑞丰高材
300305 13.59 68120.19 裕兴股份
300329 7.04 54577.0 海伦钢琴
300359 5.53 170357.27 全通教育
300517 16.4 40788.83 海波重科
300591 5.26 99469.3 万里马
300729 18.2 51252.63 乐歌股份
300792 31.48 77715.21 壹网壹创
300795 43.2 16917.92 米奥会展
300810 18.35 12036.0 中科海讯
300829 25.77 58785.7 金丹科技
300915 46.81 14684.0 海融科技
300955 27.36 11698.82 嘉亨家化
300994 22.32 40447.34 久祺股份
300997 14.32 241833.92 欢乐家
300999 45.82 175204.45 金龙鱼
301001 23.41 29453.0 凯淳股份
301011 30.95 21549.35 华立科技
301102 34.14 28343.78 兆讯传媒
301159 33.5 39396.32 三维天地
301161 25.1 71411.77 唯万密封
301276 26.61 34203.56 嘉曼服饰
600054 12.97 168374.22 黄山旅游
600060 14.7 154568.88 海信视像
600107 6.98 172749.06 美尔雅
600156 5.24 97714.58 华升股份
600189 6.96 278181.53 泉阳泉
600197 25.83 114662.23 伊力特
600199 28.17 208863.12 金种子酒
600223 11.55 399878.5 鲁商发展
600256 10.06 1326081.0 广汇能源
600287 5.65 106333.25 江苏舜天
600315 30.47 122737.07 上海家化
600419 16.5 115572.47 天润乳业
600423 3.67 167578.0 柳化股份
600491 6.28 235210.38 龙元建设
600539 7.33 137647.05 狮头股份
600546 16.37 347036.28 山煤国际
600559 28.66 429886.44 老白干酒
600576 6.27 131610.28 祥源文旅
600593 15.42 34165.0 大连圣亚
600616 6.72 234281.14 金枫酒业
600651 3.51 276681.0 飞乐音响
600696 25.71 33886.59 岩石股份
600702 170.38 84561.89 舍得酒业
600749 13.38 180090.02 西藏旅游
600769 8.87 101870.04 祥龙电业
600779 77.73 149915.73 水井坊
600828 3.83 180757.12 茂业商业
600838 7.39 311866.5 上海九百
600846 9.61 174325.25 同济科技
600859 29.6 331637.84 王府井
600892 5.06 215226.0 大晟文化
600958 9.17 770413.38 东方证券
600992 23.1 125533.14 贵绳股份
