000422 22.05 1021787.62 湖北宜化
000563 3.13 591259.75 陕国投A
000630 3.57 3604416.0 铜陵有色
000681 14.05 477200.31 视觉中国
000731 9.79 678046.0 四川美丰
002125 14.08 516451.53 湘潭电化
002155 9.75 609849.44 湖南黄金
002170 5.87 417352.0 芭田股份
002229 6.05 371138.09 鸿博股份
002262 13.65 149936.8 恩华药业
002496 3.18 780425.62 辉丰股份
002671 5.12 234359.27 龙泉股份
002716 2.81 403248.28 金贵银业
002749 9.53 80860.58 国光股份
002758 14.88 372179.0 浙农股份
002761 33.86 744263.19 浙江建投
002799 11.22 74035.06 环球印务
002803 14.0 461217.72 吉宏股份
002828 7.8 228987.91 贝肯能源
002945 15.86 560306.56 华林证券
300084 4.84 399851.84 海默科技
300085 9.99 226911.3 银之杰
300091 4.38 650564.06 金通灵
300343 13.71 1176020.0 联创股份
300364 10.46 783366.88 中文在线
300516 29.07 29263.15 久之洋
300622 24.33 31844.67 博士眼镜
300688 19.5 244816.92 创业黑马
300727 24.34 39253.0 润禾材料
300821 16.36 376660.16 东岳硅材
301158 23.63 106765.99 德石股份
600089 24.72 1700495.12 特变电工
600197 30.15 362223.66 伊力特
600301 16.78 82986.21 南化股份
600318 7.58 805117.94 新力金融
600339 3.15 965205.0 中油工程
600393 1.91 640150.0 粤泰股份
600470 8.68 1114733.88 六国化工
600618 13.55 369425.16 氯碱化工
600740 6.64 1776407.0 山西焦化
600792 4.54 608940.0 云煤能源
600988 15.93 916264.12 赤峰黄金
600989 16.3 534566.44 宝丰能源
