000663 8.96 321853.03 永安林业 5.41
000837 11.05 1147503.25 秦川机床 4.84
002360 7.77 56419.0 同德化工 2.1
002970 23.96 15443.13 锐明技术 1.31
300096 6.9 270549.53 易联众 2.83
300103 7.4 27879.79 达刚控股 1.37
300134 8.84 144855.44 大富科技 2.67
300306 10.7 62049.0 远方信息 1.61
300359 5.66 389364.75 全通教育 4.82
300558 53.59 69097.22 贝达药业 3.46
300578 17.27 108283.72 会畅通讯 2.01
300620 38.92 49903.08 光库科技 5.47
300629 29.42 156581.66 新劲刚 2.58
300638 20.97 137175.45 广和通 4.07
300685 26.6 46534.06 艾德生物 0.64
300736 12.47 28146.02 百邦科技 0.24
300738 9.74 167885.77 奥飞数据 1.78
300770 36.25 46616.15 新媒股份 2.4
300800 13.38 14567.0 力合科技 1.13
300818 32.68 12433.0 耐普矿机 0.9
300936 28.02 35317.7 中英科技 4.01
301041 19.03 60729.98 金百泽 2.48
301080 126.0 23767.93 百普赛斯 2.43
301191 87.07 26398.58 菲菱科思 6.61
301213 42.6 31922.66 观想科技 5.18
301270 40.26 108226.16 汉仪股份 7.39
301319 65.59 32790.37 唯特偶 4.94
600072 13.04 202736.27 中船科技 1.48
600193 7.01 134308.81 创兴资源 3.54
600664 3.09 1015724.12 哈药股份 1.31
600850 22.37 120989.42 电科数字 3.47
