002085 6.45 911033.19 万丰奥威 4.2
002519 5.13 1141685.75 银河电子 4.48
002981 25.22 33884.7 朝阳科技 4.95
300217 7.18 1104599.5 东方电热 6.69
300332 13.19 294223.44 天壕环境 1.62
300394 25.9 86448.46 天孚通信 6.45
300415 19.31 364395.03 伊之密 5.92
300496 138.21 77157.25 中科创达 3.34
300520 16.68 114784.11 科大国创 3.73
300550 12.73 76447.93 和仁科技 6.0
300706 25.58 134771.66 阿石创 5.05
300801 28.4 113115.27 泰和科技 5.15
300828 19.27 124923.24 锐新科技 5.88
300854 21.81 81325.16 中兰环保 6.65
300960 20.42 41108.04 通业科技 0.94
301004 26.96 41402.59 嘉益股份 7.84
301086 59.66 5021.1 鸿富瀚 2.42
301127 11.82 136092.81 天源环保 3.23
301148 27.52 32185.41 嘉戎技术 2.61
301288 25.94 72810.37 清研环境 5.36
600609 6.68 324464.78 金杯汽车 4.05
600933 19.39 199100.27 爱柯迪 7.6
