000151 12.92 232207.88 中成股份 1.18
000408 26.53 90402.15 藏格矿业 2.12
000697 7.37 59543.0 炼石航空 1.66
002196 7.5 60545.7 方正电机 1.63
002318 16.43 62259.18 久立特材 2.18
002377 2.96 277004.0 国创高新 4.96
002402 15.19 167943.5 和而泰 5.05
002588 6.05 101186.77 史丹利 1.85
002625 16.84 77475.77 光启技术 1.39
002820 10.29 307917.53 桂发祥 2.39
002963 13.92 12966.0 豪尔赛 4.11
002977 35.72 6266.7 天箭科技 1.71
002987 26.46 57617.05 京北方 0.84
300117 3.64 131515.08 嘉寓股份 1.39
300141 8.09 22758.0 和顺电气 1.0
300275 11.64 30252.14 梅安森 2.19
300384 15.41 14008.19 三联虹普 2.12
300430 11.95 41632.0 诚益通 3.02
300745 38.42 33849.86 欣锐科技 0.97
300770 35.88 25381.51 新媒股份 1.5
300922 13.97 22363.67 天秦装备 1.23
300950 17.4 18281.1 德固特 0.87
301082 16.45 48542.38 久盛电气 5.45
301176 17.79 7479.68 逸豪新材 0.17
301286 22.78 46884.99 侨源股份 6.5
600225 5.02 566952.06 卓朗科技 1.62
600405 5.88 125149.31 动力源 1.21
600706 12.0 417901.44 曲江文旅 2.39
