000011 11.78 155878.66 深物业A
000014 10.3 215050.42 沙河股份
000058 7.83 560749.12 深赛格
000608 3.5 415016.0 阳光股份
000663 9.07 207314.0 永安林业
002072 7.98 331379.47 凯瑞德
002188 7.45 562438.88 中天服务
002223 32.33 406387.0 鱼跃医疗
002262 22.61 116571.95 恩华药业
002638 2.41 876539.38 勤上股份
002650 4.41 139480.0 加加食品
002678 6.05 276331.25 珠江钢琴
002777 14.94 59517.29 久远银海
002803 16.46 524001.88 吉宏股份
300052 18.91 142704.12 中青宝
300063 3.79 209392.5 天龙集团
300192 7.78 376088.31 科德教育
300235 11.6 101181.87 方直科技
300248 8.96 186128.52 新开普
300271 7.07 171152.69 华宇软件
300291 4.63 120789.8 百纳千成
300295 9.05 63652.0 三六五网
300300 4.2 122073.13 海峡创新
300380 15.35 30155.0 安硕信息
300451 7.69 235326.56 创业慧康
300467 11.56 90027.4 迅游科技
300536 14.86 49727.07 农尚环境
300559 10.46 198042.92 佳发教育
300608 8.35 75301.12 思特奇
300633 50.32 45551.9 开立医疗
300785 33.7 100924.72 值得买
300845 18.93 57331.04 捷安高科
300952 19.18 28300.61 恒辉安防
301117 76.19 5524.07 佳缘科技
301299 56.26 46529.75 卓创资讯
600050 4.8 5699018.5 中国联通
600079 23.01 333014.38 人福医药
600225 4.8 452766.5 卓朗科技
600455 23.31 48044.02 博通股份
600556 6.71 390711.38 天下秀
600636 10.32 486393.88 国新文化
600860 14.23 53644.47 京城股份
600880 5.12 861806.75 博瑞传播
