000676 6.62 660162.06 智度股份
000909 9.36 727272.5 数源科技
000929 8.62 169786.28 兰州黄河
002640 3.21 385492.81 跨境通
002953 14.54 246037.12 日丰股份
002987 24.1 179835.88 京北方
002988 16.98 75794.0 豪美新材
002992 36.43 96696.8 宝明科技
300056 10.28 299590.78 中创环保
300101 26.38 155658.77 振芯科技
300107 6.19 218242.69 建新股份
300268 30.67 52453.44 佳沃食品
300340 16.2 133634.88 科恒股份
300439 13.15 197947.81 美康生物
300532 16.6 258940.81 今天国际
300593 47.01 56055.63 新雷能
300632 14.34 423972.72 光莆股份
300693 37.76 188018.16 盛弘股份
300790 21.8 198276.72 宇瞳光学
300820 91.55 38997.17 英杰电气
300827 69.09 178035.44 上能电气
300959 33.3 33364.73 线上线下
300988 29.03 121410.99 津荣天宇
301091 26.08 95408.06 深城交
301138 36.21 64433.66 华研精机
301219 110.29 59366.13 腾远钴业
301258 47.91 37838.82 富士莱
301263 26.68 64660.37 泰恩康
600071 24.15 182333.62 凤凰光学
600220 3.77 1431613.12 江苏阳光
600509 6.99 1017206.0 天富能源
600933 20.92 389009.56 爱柯迪
