000026 11.66 98444.88 飞亚达
000063 30.22 601052.06 中兴通讯
000066 13.93 797139.5 中国长城
000070 6.27 221169.41 特发信息
000159 6.35 103784.03 国际实业
000509 4.42 216746.73 华塑控股
000514 4.46 852898.38 渝开发
000524 9.5 243834.78 岭南控股
000555 15.67 327680.19 神州信息
000558 3.44 386148.09 莱茵体育
000566 4.68 133793.14 海南海药
000573 4.03 642608.12 粤宏远A
000586 9.15 51812.0 汇源通信
000590 8.96 25524.0 启迪药业
000620 3.43 1790775.38 新华联
000628 11.45 81750.3 高新发展
000638 5.59 83830.09 万方发展
000650 7.84 282784.69 仁和药业
000659 3.58 136835.12 珠海中富
000665 8.37 1320673.5 湖北广电
000667 1.78 782821.94 美好置业
000688 17.65 241042.56 国城矿业
000701 6.59 409688.31 厦门信达
000705 8.18 118729.48 浙江震元
000710 17.56 88642.58 贝瑞基因
000722 8.88 283385.91 湖南发展
000766 4.44 73176.11 通化金马
000790 5.23 104599.74 华神科技
000811 12.54 139940.69 冰轮环境
000836 3.28 1139429.25 富通信息
000868 4.02 124541.47 安凯客车
000886 4.03 101673.54 海南高速
000917 6.24 165112.95 电广传媒
000920 11.0 149212.17 沃顿科技
000938 22.5 748569.62 紫光股份
000949 5.37 289423.69 新乡化纤
000993 12.0 148585.94 闽东电力
000998 19.86 359123.81 隆平高科
002004 6.36 334952.91 华邦健康
002034 21.49 78356.25 旺能环境
002038 10.64 184125.92 双鹭药业
002041 23.85 194213.69 登海种业
002047 3.75 381089.03 宝鹰股份
002065 8.6 1082632.12 东华软件
002078 12.04 447775.44 太阳纸业
002083 4.93 196144.0 孚日股份
002093 7.13 255932.14 国脉科技
002094 3.94 89637.5 青岛金王
002107 7.04 76283.0 沃华医药
002110 7.9 705217.25 三钢闽光
002115 5.25 204612.12 三维通信
002118 3.09 363812.59 紫鑫药业
002123 15.48 141051.61 梦网科技
002137 5.82 178299.42 实益达
002151 36.44 58601.91 北斗星通
002152 13.16 940079.25 广电运通
002157 7.42 473262.12 正邦科技
002168 3.92 110117.87 惠程科技
002183 5.67 238746.91 怡亚通
002184 13.12 76777.57 海得控制
002189 19.24 51110.77 中光学
002190 28.89 60337.55 成飞集成
002194 9.68 74679.57 武汉凡谷
002201 19.85 90921.27 正威新材
002217 3.84 500349.88 合力泰
002218 5.93 164150.94 拓日新能
002232 17.4 252536.58 启明信息
002247 3.07 270861.62 聚力文化
002253 15.15 83107.29 川大智胜
002254 19.34 82655.1 泰和新材
002263 3.56 361949.19 大东南
002269 2.36 563535.75 美邦服饰
002283 9.48 167394.59 天润工业
002284 9.04 202692.95 亚太股份
002285 3.66 318729.75 世联行
002292 5.79 267085.75 奥飞娱乐
002298 8.27 757632.81 中电兴发
002315 17.81 89929.89 焦点科技
002317 10.41 324466.03 众生药业
002325 2.88 395464.72 洪涛股份
002332 11.22 211810.66 仙琚制药
002334 7.39 296802.34 英威腾
002357 5.9 97810.6 富临运业
002362 16.49 36673.0 汉王科技
002365 9.42 33348.0 永安药业
002368 26.01 120392.49 太极股份
002370 5.85 895087.5 亚太药业
002373 14.73 262995.72 千方科技
002377 3.29 350292.72 国创高新
002390 5.8 260637.31 信邦制药
002393 22.1 27331.0 力生制药
002396 27.42 461222.0 星网锐捷
002400 5.93 2634383.0 省广集团
002401 10.23 50131.95 中远海科
002408 9.49 362593.59 齐翔腾达
002412 6.33 199824.02 汉森制药
002424 6.66 273730.38 贵州百灵
002426 2.33 432579.0 胜利精密
002437 2.67 328219.97 誉衡药业
002439 25.15 217980.77 启明星辰
002446 6.44 299445.09 盛路通信
002448 6.58 132282.5 中原内配
002453 15.85 149518.0 华软科技
002474 7.03 188709.55 榕基软件
002486 2.91 156508.0 嘉麟杰
002488 7.37 133741.5 金固股份
002491 5.16 263035.97 通鼎互联
002505 3.52 1423145.12 鹏都农牧
002517 5.45 326339.41 恺英网络
002518 25.5 263650.56 科士达
002519 4.39 183004.0 银河电子
002547 4.14 247387.55 春兴精工
002562 5.69 275330.0 兄弟科技
002566 8.04 39106.84 益盛药业
002580 7.7 177720.84 圣阳股份
002587 5.28 154966.5 奥拓电子
002589 3.94 270559.28 瑞康医药
002603 25.59 789376.88 以岭药业
002609 10.54 102181.54 捷顺科技
002612 27.03 99208.88 朗姿股份
002644 9.32 93701.0 佛慈制药
002649 14.78 564324.38 博彦科技
002654 5.36 673851.06 万润科技
002657 15.02 420961.97 中科金财
002660 7.77 34224.0 茂硕电源
002681 4.11 381098.56 奋达科技
002682 4.94 261113.0 龙洲股份
002685 3.59 142653.0 华东重机
002691 5.11 53594.8 冀凯股份
002693 4.51 60287.0 双成药业
002696 5.79 62468.44 百洋股份
002718 12.97 11424.0 友邦吊顶
002725 9.38 293128.84 跃岭股份
002728 14.88 68600.25 特一药业
002762 10.43 145585.05 金发拉比
002765 8.06 145175.0 蓝黛科技
002772 7.89 77532.94 众兴菌业
002786 6.84 66005.14 银宝山新
002788 7.78 45013.84 鹭燕医药
002799 11.91 33800.64 环球印务
002811 9.6 33042.09 郑中设计
002815 14.86 51841.69 崇达技术
002822 6.97 899403.62 中装建设
002836 10.32 41041.0 新宏泽
002840 14.78 71125.56 华统股份
002853 13.73 18237.0 皮阿诺
002861 12.62 14685.3 瀛通通讯
002869 15.2 36896.99 金溢科技
002899 14.09 17865.0 英派斯
002900 16.74 40697.8 哈三联
002902 13.28 47927.21 铭普光磁
002907 13.91 40796.35 华森制药
002908 20.79 255516.92 德生科技
002912 31.31 22215.44 中新赛克
002975 56.1 5094.69 博杰股份
002987 39.91 88413.68 京北方
002989 23.4 32177.4 中天精装
002995 28.97 12382.4 天地在线
002998 8.4 17142.0 优彩资源
300002 5.68 697761.06 神州泰岳
300010 4.14 398042.69 豆神教育
300020 10.52 717600.31 银江技术
300024 10.38 198168.31 机器人
300026 6.28 2525753.25 红日药业
300030 9.14 61442.0 阳普医疗
300032 6.4 160115.05 金龙机电
300042 14.7 103740.0 朗科科技
300043 3.69 500772.72 星辉娱乐
300044 2.75 149550.2 赛为智能
300045 10.07 146058.02 华力创通
300050 4.55 153187.3 世纪鼎利
300053 9.18 108834.53 欧比特
300057 8.35 116569.63 万顺新材
300068 12.0 233302.41 南都电源
300072 8.69 645315.06 海新能科
300075 23.0 703348.19 数字政通
300076 5.39 112562.04 GQY视讯
300085 14.0 193997.05 银之杰
300087 28.07 237004.59 荃银高科
300096 8.05 145987.09 易联众
300098 5.03 655757.5 高新兴
300101 18.87 121213.25 振芯科技
300106 10.33 53246.3 西部牧业
300110 4.35 208325.92 华仁药业
300111 3.19 341541.81 向日葵
300117 3.55 165852.2 嘉寓股份
300120 8.27 89647.61 经纬辉开
300126 6.83 23126.0 锐奇股份
300134 10.26 111512.96 大富科技
300140 7.3 87389.0 中环装备
300143 12.19 66442.94 盈康生命
300148 3.96 540393.0 天舟文化
300150 5.29 202054.0 世纪瑞尔
300157 4.4 228485.92 恒泰艾普
300158 7.54 261294.05 振东制药
300163 3.91 183046.0 先锋新材
300167 5.8 463651.31 迪威迅
300168 13.25 364337.03 万达信息
300173 5.87 158380.17 福能东方
300177 8.68 156889.27 中海达
300179 10.61 114878.4 四方达
300184 6.32 207353.0 力源信息
300188 15.88 130342.37 美亚柏科
300189 4.57 339104.97 神农科技
300192 7.21 96209.0 科德教育
300194 4.29 337583.88 福安药业
300206 12.16 38452.0 理邦仪器
300209 6.47 130006.0 有棵树
300210 3.71 86049.0 森远股份
300213 7.3 280711.0 佳讯飞鸿
300222 9.86 112519.11 科大智能
300231 10.53 701537.81 银信科技
300235 12.78 83329.0 方直科技
300241 7.16 110168.0 瑞丰光电
300242 4.21 202124.48 佳云科技
300248 15.29 364201.19 新开普
300252 9.61 150747.14 金信诺
300253 11.78 224792.31 卫宁健康
300264 7.87 445215.0 佳创视讯
300265 10.42 85311.27 通光线缆
300267 3.61 353345.16 尔康制药
300271 12.04 344134.09 华宇软件
300272 7.49 318609.0 开能健康
300276 4.26 215200.44 三丰智能
300277 9.26 106824.0 海联讯
300281 5.99 46449.84 金明精机
300289 7.16 125361.03 利德曼
300291 5.76 129227.0 百纳千成
300295 11.03 121875.0 三六五网
300310 5.83 635672.38 宜通世纪
300315 3.95 445995.03 掌趣科技
300318 8.07 186895.2 博晖创新
300322 11.76 76275.18 硕贝德
300324 3.75 1132593.12 旋极信息
300333 9.88 355072.03 兆日科技
300339 20.72 490747.53 润和软件
300344 7.28 191451.52 立方数科
300350 7.0 149653.8 华鹏飞
300352 5.83 609466.31 北信源
300364 10.88 411755.31 中文在线
300365 9.74 176350.31 恒华科技
300369 14.61 264167.97 绿盟科技
300376 9.59 645300.88 易事特
300377 14.93 691309.62 赢时胜
300378 20.92 91271.91 鼎捷软件
300379 27.8 211411.8 东方通
300380 20.9 78380.95 安硕信息
300386 15.94 113179.0 飞天诚信
300393 18.4 410160.09 中来股份
300404 11.67 60090.82 博济医药
300414 10.47 37886.82 中光防雷
300419 7.01 169689.0 浩丰科技
300430 11.97 73723.75 诚益通
300440 8.47 52776.0 运达科技
300449 7.0 153108.59 汉邦高科
300452 17.37 99937.0 山河药辅
300455 11.14 122072.4 康拓红外
300460 17.51 54792.62 惠伦晶体
300464 7.14 42553.0 星徽股份
300465 12.95 264252.03 高伟达
300466 6.2 125124.8 赛摩智能
300485 14.27 266900.0 赛升药业
300493 8.08 115435.51 润欣科技
300494 17.52 112393.0 盛天网络
300497 14.88 475824.31 富祥药业
300511 7.13 107588.43 雪榕生物
300515 11.85 22722.08 三德科技
300523 23.63 33086.83 辰安科技
300531 21.63 72385.87 优博讯
300532 10.52 77530.68 今天国际
300533 19.13 33865.88 冰川网络
300535 16.35 18082.14 达威股份
300542 14.17 125105.61 新晨科技
300548 33.57 75586.62 博创科技
300553 36.59 4230.0 集智股份
300555 9.25 99608.0 路通视信
300560 15.1 107428.7 中富通
300561 14.07 246937.52 汇金科技
300562 12.48 86097.58 乐心医疗
300563 14.46 75280.7 神宇股份
300578 22.62 45581.96 会畅通讯
300579 47.08 101692.03 数字认证
300583 24.0 10411.67 赛托生物
300598 57.8 38161.39 诚迈科技
300615 12.9 35213.2 欣天科技
300620 43.61 20202.31 光库科技
300634 15.49 66673.84 彩讯股份
300636 20.94 24341.07 同和药业
300640 7.86 143168.8 德艺文创
300642 28.57 47505.94 透景生命
300645 26.45 171194.8 正元智慧
300647 9.62 165217.12 超频三
300663 21.1 257095.66 科蓝软件
300667 21.64 21463.5 必创科技
300675 21.84 108919.99 建科院
300683 53.65 20836.73 海特生物
300684 18.08 34417.75 中石科技
300687 27.94 28969.43 赛意信息
300689 23.41 22363.3 澄天伟业
300691 18.83 76111.59 联合光电
300711 15.19 59883.76 广哈通信
300716 9.58 34074.5 国立科技
300717 16.08 17699.0 华信新材
300749 8.68 27226.8 顶固集创
300753 18.25 13243.08 爱朋医疗
300765 16.91 77816.25 新诺威
300766 18.3 495541.72 每日互动
300768 36.54 20451.97 迪普科技
300771 19.69 23560.2 智莱科技
300780 15.28 14013.0 德恩精工
300789 25.89 5534.0 唐源电气
300803 42.97 61235.72 指南针
300807 25.37 20730.0 天迈科技
300845 22.22 30077.0 捷安高科
300853 35.38 14394.15 申昊科技
300857 30.8 53480.39 协创数据
300878 42.82 9742.0 维康药业
300884 18.13 20922.1 狄耐克
300897 33.92 5449.0 山科智能
300913 29.58 80877.41 兆龙互连
300917 28.29 34162.89 特发服务
300918 11.16 48897.11 南山智尚
300925 25.18 34322.8 法本信息
300933 10.39 136987.7 中辰股份
300941 48.17 70214.62 创识科技
300956 20.29 8480.23 英力股份
300959 46.39 8847.0 线上线下
300972 15.03 30757.88 万辰生物
300977 56.9 14538.65 深圳瑞捷
300995 26.54 8254.05 奇德新材
300996 39.49 47473.4 普联软件
301003 59.46 8740.01 江苏博云
301007 22.2 88929.89 德迈仕
301038 27.8 132698.48 深水规院
301046 42.87 35082.26 能辉科技
301047 333.07 3939.94 义翘神州
301075 33.88 13034.0 多瑞医药
301078 22.19 236055.41 孩子王
301122 76.38 27587.81 采纳股份
301136 24.69 185185.05 招标股份
301149 18.16 32895.55 隆华新材
301178 60.5 13593.63 天亿马
600037 8.64 240169.97 歌华有线
600052 4.8 93087.42 东望时代
600063 5.95 262721.25 皖维高新
600088 10.57 55535.2 中视传媒
600100 5.94 480844.75 同方股份
600101 7.35 114551.51 明星电力
600105 4.52 697227.56 永鼎股份
600107 5.92 59148.34 美尔雅
600108 3.58 458630.12 亚盛集团
600121 4.5 220017.39 郑州煤电
600123 12.21 711341.25 兰花科创
600126 6.16 1538823.25 杭钢股份
600130 3.96 112253.43 波导股份
600152 6.83 62087.0 维科技术
600155 9.87 217832.98 华创阳安
600162 2.34 548222.88 香江控股
600163 7.8 308401.69 中闽能源
600180 8.03 155700.44 瑞茂通
600185 6.46 258168.78 格力地产
600192 5.2 190227.97 长城电工
600200 7.05 98597.64 江苏吴中
600222 7.26 127381.1 太龙药业
600234 9.57 20557.0 科新发展
600250 5.5 75058.0 南纺股份
600252 3.31 534240.38 中恒集团
600268 9.4 141505.27 国电南自
600271 14.52 441129.41 航天信息
600272 10.25 133582.02 开开实业
600313 5.61 582289.88 农发种业
600319 6.45 45080.5 亚星化学
600335 7.46 120929.33 国机汽车
600345 16.88 42970.69 长江通信
600351 7.14 416057.91 亚宝药业
600354 6.2 247554.95 敦煌种业
600355 3.44 476332.03 精伦电子
600359 7.92 90202.5 新农开发
600363 24.97 118302.7 联创光电
600405 6.37 505552.5 动力源
600478 6.25 170549.62 科力远
600480 9.37 128882.18 凌云股份
600498 17.82 168263.11 烽火通信
600499 21.93 662871.12 科达制造
600521 22.12 700939.12 华海药业
600536 47.45 113155.57 中国软件
600538 5.61 148218.0 国发股份
600540 5.86 217588.8 新赛股份
600543 6.41 36391.0 莫高股份
600546 11.46 734632.38 山煤国际
600550 5.34 224919.62 保变电气
600592 10.45 59775.77 龙溪股份
600594 6.74 161374.62 益佰制药
600613 5.83 76414.86 神奇制药
600616 6.79 137834.45 金枫酒业
600633 10.66 1295286.75 浙数文化
600644 6.66 72460.01 乐山电力
600667 8.27 570690.25 太极实业
600668 19.65 516548.56 尖峰集团
600692 6.59 86988.85 亚通股份
600716 4.82 194649.09 凤凰股份
600721 8.1 66890.0 百花医药
600728 9.4 484376.72 佳都科技
600730 5.65 104553.69 中国高科
600735 8.19 196881.02 新华锦
600753 14.73 47805.02 东方银星
600756 17.5 551740.81 浪潮软件
600769 7.17 128458.0 祥龙电业
600770 6.68 236729.77 综艺股份
600792 3.96 123667.77 云煤能源
600800 4.79 177560.48 渤海化学
600812 9.3 191615.06 华北制药
600833 10.07 36780.46 第一医药
600836 6.94 177379.55 上海易连
600845 56.23 181471.91 宝信软件
600865 9.48 44843.8 百大集团
600882 40.83 77207.61 妙可蓝多
600889 5.45 37956.0 南京化纤
600927 27.05 133088.7 永安期货
600969 7.32 75935.18 郴电国际
