000009 15.21 1343820.0 中国宝安 4.54
000049 41.21 175906.36 德赛电池 5.34
000767 4.02 1433947.0 晋控电力 1.51
000836 2.97 1170453.12 富通信息 5.69
000858 183.49 311954.38 五粮液 1.27
000921 12.24 347777.72 海信家电 3.47
002047 3.39 1191125.12 宝鹰股份 6.94
002060 9.81 1887905.0 粤水电 4.25
002073 6.19 742397.12 软控股份 2.65
002141 5.52 438578.41 贤丰控股 6.56
002150 6.48 63227.46 通润装备 2.37
002202 13.93 1494015.88 金风科技 5.29
002210 2.82 530945.69 飞马国际 4.44
002242 19.22 193561.02 九阳股份 4.29
002270 8.64 443733.19 华明装备 6.01
002377 3.81 341922.0 国创高新 7.02
002426 2.2 1332178.5 胜利精密 4.26
002434 8.44 386078.31 万里扬 2.43
002483 6.6 286611.53 润邦股份 4.43
002534 15.59 190319.45 西子洁能 4.28
002598 10.15 249340.98 山东章鼓 5.4
002612 26.8 174316.44 朗姿股份 0.56
002669 13.12 216201.72 康达新材 7.54
002685 3.31 732268.0 华东重机 3.12
002706 15.14 172438.72 良信股份 5.65
002823 9.97 84448.95 凯中精密 4.29
002881 36.78 28930.34 美格智能 3.84
002901 38.12 12971.7 大博医疗 2.45
002903 14.31 60791.5 宇环数控 1.92
002997 18.92 218813.84 瑞鹄模具 7.26
300009 9.98 316312.09 安科生物 2.67
300018 6.03 191149.72 中元股份 5.05
300040 7.46 219154.34 九洲集团 4.19
300095 12.54 175904.0 华伍股份 5.29
300122 103.69 261080.31 智飞生物 6.71
300125 17.46 73349.41 聆达股份 3.87
300141 9.43 80214.0 和顺电气 2.83
300207 31.3 637720.12 欣旺达 1.43
300263 8.63 470099.88 隆华科技 7.88
300316 65.14 127473.42 晶盛机电 3.17
300347 99.26 113328.5 泰格医药 1.86
300354 30.96 16460.64 东华测试 2.48
300394 28.96 61689.05 天孚通信 3.58
300403 5.2 133317.41 汉宇集团 3.17
300432 20.3 881848.62 富临精工 4.69
300490 13.16 165196.0 华自科技 1.62
300497 14.07 168587.77 富祥药业 3.23
300518 61.89 31789.72 盛讯达 7.63
300558 58.97 67147.8 贝达药业 5.12
300594 17.12 33916.25 朗进科技 5.55
300601 42.99 188883.36 康泰生物 2.48
300610 19.12 104342.9 晨化股份 6.52
300648 36.1 71781.78 星云股份 6.14
300693 28.6 191252.08 盛弘股份 3.55
300713 14.33 31268.58 英可瑞 3.99
300726 60.61 34427.92 宏达电子 2.59
300757 39.78 11813.5 罗博特科 1.07
300796 15.44 75993.62 贝斯美 3.48
300801 24.37 97338.43 泰和科技 1.33
300841 94.8 26202.14 康华生物 0.21
300894 35.5 106602.35 火星人 3.8
300902 40.0 25419.33 国安达 3.52
300912 17.94 43673.17 凯龙高科 4.67
300933 8.19 146382.5 中辰股份 4.6
300953 152.0 33379.56 震裕科技 5.56
300980 20.92 31529.53 祥源新材 5.92
301031 144.0 7422.92 中熔电气 4.73
301040 30.42 48933.43 中环海陆 4.54
301168 36.85 48184.63 通灵股份 6.04
301180 19.5 25327.56 万祥科技 1.83
301201 70.55 23097.71 诚达药业 1.82
301222 31.42 29222.01 浙江恒威 2.18
301258 44.08 42329.47 富士莱 1.12
301266 43.42 90568.11 宇邦新材 3.75
600029 6.71 527794.0 南方航空 2.91
600058 11.77 729282.31 五矿发展 1.47
600062 23.35 867915.38 华润双鹤 7.06
600079 17.33 487016.47 人福医药 4.71
600101 10.31 408100.03 明星电力 4.35
600152 6.04 101944.95 维科技术 4.32
600392 22.0 613224.62 盛和资源 3.24
600458 10.32 171370.98 时代新材 3.41
600580 13.7 370907.91 卧龙电驱 1.56
600862 27.15 294549.88 中航高科 7.1
600875 17.06 486519.16 东方电气 4.73
