000007 6.8 112920.94 全新好 4.62
000656 4.8 1509893.5 金科股份 2.78
000736 7.2 169966.86 中交地产 5.42
000789 13.05 364291.28 万年青 1.4
000910 14.73 239530.59 大亚圣象 4.03
002613 3.99 483219.28 北玻股份 2.57
002647 10.66 977328.19 仁东控股 3.19
002878 22.23 182673.22 元隆雅图 3.3
300079 9.54 1575174.25 数码视讯 2.8
300352 6.73 1118513.5 北信源 2.28
300418 26.53 1354810.88 昆仑万维 6.72
300873 53.0 27731.39 海晨股份 2.67
300948 26.0 55414.8 冠中生态 2.36
301066 28.82 91861.22 万事利 5.96
301087 86.2 64281.36 可孚医疗 4.98
600079 24.65 427245.91 人福医药 4.49
600346 24.66 718376.38 恒力石化 3.79
600496 5.1 1553219.0 精工钢构 7.37
600715 3.78 893937.56 文投控股 7.08
600801 21.5 455269.62 华新水泥 3.87
600962 11.34 163394.81 国投中鲁 2.25
