000001 12.72 1951297.25 平安银行
000002 18.15 1412025.5 万科A
000062 13.54 140777.61 深圳华强
000401 9.42 179222.88 冀东水泥
000603 11.59 90178.53 盛达资源
000615 7.02 216136.08 奥园美谷
000651 34.67 1113249.75 格力电器
000672 14.98 214928.88 上峰水泥
000878 11.72 247416.48 云南铜业
002190 28.0 48868.22 成飞集成
002285 3.31 647896.0 世联行
002292 5.59 1062981.75 奥飞娱乐
002306 4.28 646656.19 中科云网
002453 12.51 96326.0 华软科技
002508 25.9 214417.16 老板电器
002511 11.05 130079.12 中顺洁柔
002612 25.24 155363.98 朗姿股份
002727 25.45 55037.59 一心堂
002738 105.77 238944.64 中矿资源
002762 8.15 270383.41 金发拉比
002860 17.15 538306.0 星帅尔
300003 20.93 411623.91 乐普医疗
300033 85.65 38811.01 同花顺
300208 11.23 228586.05 青岛中程
300592 14.47 47289.18 华凯易佰
300736 11.64 24086.79 百邦科技
300767 56.18 21099.77 震安科技
300803 51.74 89540.85 指南针
300813 33.13 9161.8 泰林生物
300894 30.68 24231.06 火星人
300896 543.3 12740.43 爱美客
301103 32.5 36612.34 何氏眼科
301306 47.32 33597.9 西测测试
600031 16.26 1056494.5 三一重工
600048 18.47 1358947.25 保利发展
600057 9.55 315029.5 厦门象屿
600230 20.88 279283.91 沧州大化
600325 10.45 799317.0 华发股份
600338 29.36 333289.69 西藏珠峰
600362 17.33 223832.81 江西铜业
600683 5.68 860368.62 京投发展
600775 11.01 154661.55 南京熊猫
600801 17.99 301870.75 华新水泥
600838 6.76 156806.61 上海九百
