000020 9.93 61827.81 深华发A
000516 11.3 765417.44 国际医学
000702 6.39 136379.02 正虹科技
000788 9.1 574976.25 北大医药
000793 2.33 374491.28 华闻集团
000860 30.25 222756.48 顺鑫农业
002083 5.14 136596.64 孚日股份
002166 11.32 704957.38 莱茵生物
002234 20.4 168436.73 民和股份
002238 6.85 292956.22 天威视讯
002243 8.51 174684.72 力合科创
002289 8.46 81439.5 宇顺电子
002319 12.88 35958.0 乐通股份
002330 6.72 334614.47 得利斯
002396 21.64 190627.05 星网锐捷
002462 15.02 97081.04 嘉事堂
002512 3.84 257787.92 达华智能
002530 8.45 602068.38 金财互联
002579 10.69 1742513.25 中京电子
002583 5.66 267831.31 海能达
002670 8.43 279663.59 国盛金控
002691 5.81 61470.1 冀凯股份
002727 35.6 163971.23 一心堂
002825 13.1 151747.03 纳尔股份
002910 11.11 38020.0 庄园牧场
002940 33.45 56160.46 昂利康
300042 13.23 100181.72 朗科科技
300047 6.8 307468.31 天源迪科
300065 15.05 436121.44 海兰信
300094 5.79 722669.69 国联水产
300111 3.2 284293.22 向日葵
300126 6.16 43855.7 锐奇股份
300150 4.18 73527.41 世纪瑞尔
300205 13.0 227737.84 天喻信息
300239 8.99 336191.97 东宝生物
300277 7.5 50127.0 海联讯
300281 5.47 93370.5 金明精机
300311 6.98 285524.75 任子行
300327 40.3 321531.41 中颖电子
300448 5.54 69831.78 浩云科技
300458 23.19 249810.8 全志科技
300493 7.02 82467.24 润欣科技
300525 22.45 93498.03 博思软件
300550 14.91 35297.49 和仁科技
300553 55.6 8440.0 集智股份
300570 17.1 46181.66 太辰光
300608 9.33 74302.02 思特奇
300633 53.02 98547.69 开立医疗
300654 10.08 29910.04 世纪天鸿
300669 9.02 43605.04 沪宁股份
300683 41.34 18639.1 海特生物
300687 29.18 88894.45 赛意信息
300689 19.45 31344.83 澄天伟业
300717 15.33 17744.11 华信新材
300782 126.5 156113.69 卓胜微
300793 16.57 106201.26 佳禾智能
300822 16.88 32716.5 贝仕达克
300852 36.85 10840.82 四会富仕
300872 15.02 193379.2 天阳科技
300941 23.66 94984.68 创识科技
301045 19.15 6374.79 天禄科技
301062 9.2 52598.13 上海艾录
301236 42.99 88159.28 软通动力
301308 78.26 78417.52 江波龙
301331 52.7 66989.04 恩威医药
600149 6.78 264780.69 廊坊发展
600228 7.33 36674.01 返利科技
600353 14.2 118053.39 旭光电子
600410 5.7 206082.42 华胜天成
600536 72.19 553322.94 中国软件
600636 9.55 368972.66 国新文化
600749 12.13 122389.15 西藏旅游
600774 12.4 91625.56 汉商集团
