000589 4.54 443731.97 贵州轮胎
000625 17.93 5023948.0 长安汽车
000887 19.94 538496.5 中鼎股份
000970 18.65 1174846.5 中科三环
002026 13.03 382765.81 山东威达
002030 18.2 579490.5 达安基因
002059 7.4 401410.62 云南旅游
002085 6.19 823964.94 万丰奥威
002137 5.48 412780.91 实益达
002150 7.32 140726.48 通润装备
002182 26.5 573932.12 云海金属
002201 17.78 251871.23 正威新材
002402 16.66 374825.84 和而泰
002405 13.33 1204755.88 四维图新
002438 14.22 76123.04 江苏神通
002519 4.91 954381.75 银河电子
002594 338.19 444507.84 比亚迪
002625 17.79 393622.41 光启技术
002859 24.18 70472.67 洁美科技
002886 20.11 56877.89 沃特股份
002902 17.06 347374.97 铭普光磁
002996 17.13 168260.0 顺博合金
300077 17.2 298433.25 国民技术
300095 14.47 267759.81 华伍股份
300185 3.12 2026322.12 通裕重工
300314 11.24 66022.0 戴维医疗
300328 8.8 521860.53 宜安科技
300342 9.73 191778.92 天银机电
300487 63.74 43676.09 蓝晓科技
300496 133.74 49866.86 中科创达
300550 12.01 61178.59 和仁科技
300617 50.55 118512.6 安靠智电
300673 17.44 33041.6 佩蒂股份
300700 31.65 76275.25 岱勒新材
300706 24.35 88148.76 阿石创
300707 17.03 77842.0 威唐工业
300718 22.92 108567.16 长盛轴承
300762 14.0 138812.09 上海瀚讯
300824 10.88 49657.5 北鼎股份
300855 46.9 29209.6 图南股份
300859 37.7 144106.2 西域旅游
300861 81.0 59548.96 美畅股份
301004 25.0 35330.93 嘉益股份
301051 68.89 4686.48 信濠光电
301073 65.84 24572.2 君亭酒店
301083 14.8 82959.72 百胜智能
301122 77.02 6221.0 采纳股份
301160 50.9 59709.22 翔楼新材
301180 19.29 29795.54 万祥科技
301198 22.47 35928.74 喜悦智行
301221 59.0 19597.0 光庭信息
301239 73.2 100210.51 普瑞眼科
301312 83.3 31257.1 智立方
600188 35.53 330311.34 兖矿能源
600460 48.15 285753.62 士兰微
600550 6.1 728973.38 保变电气
600609 6.42 301486.53 金杯汽车
600740 5.94 1002918.62 山西焦化
