000506 3.21 625191.5 中润资源
000768 31.03 417968.0 中航西飞
000819 15.4 156051.3 岳阳兴长
000906 9.61 86471.12 浙商中拓
000966 6.41 545456.81 长源电力
002028 38.1 202355.23 思源电气
002053 13.63 269494.75 云南能投
002105 8.0 95339.21 信隆健康
002129 60.89 877842.06 TCL中环
002169 8.92 588431.75 智光电气
002213 16.7 52074.93 大为股份
002218 6.05 838950.81 拓日新能
002230 43.97 374714.47 科大讯飞
002256 3.14 1524124.12 兆新股份
002444 18.97 374546.97 巨星科技
002503 1.36 1691376.5 搜于特
002562 6.94 380965.59 兄弟科技
002571 7.52 177300.3 德力股份
002588 7.6 929931.62 史丹利
002613 6.27 656125.94 北玻股份
002806 12.86 83901.39 华锋股份
002810 37.75 96401.82 山东赫达
002843 17.69 304595.44 泰嘉股份
002908 12.56 246846.44 德生科技
002955 23.41 85364.95 鸿合科技
002991 72.26 15347.99 甘源食品
300013 4.65 349076.62 新宁物流
300118 29.66 534644.75 东方日升
300127 19.23 154060.84 银河磁体
300224 15.92 561288.62 正海磁材
300240 8.43 149844.44 飞力达
300261 15.2 921583.69 雅本化学
300269 3.56 82925.0 联建光电
300363 85.46 155849.44 博腾股份
300387 7.36 262433.19 富邦股份
300437 26.63 321832.97 清水源
300458 30.21 497972.62 全志科技
300560 16.72 192798.52 中富通
300587 23.1 299993.19 天铁股份
300620 34.54 42754.86 光库科技
300718 18.13 108874.06 长盛轴承
300719 10.98 133326.92 安达维尔
300729 17.87 53130.7 乐歌股份
300747 40.37 71980.5 锐科激光
300753 14.76 43663.1 爱朋医疗
300777 51.2 126522.78 中简科技
300846 13.5 203153.56 首都在线
300881 24.34 38839.69 盛德鑫泰
301120 18.08 108045.25 新特电气
301201 77.77 50420.76 诚达药业
301218 27.5 49902.91 华是科技
600017 3.16 873835.25 日照港
600026 10.47 591858.56 中远海能
600107 6.62 242354.34 美尔雅
600128 8.71 157068.12 弘业股份
600129 24.44 264472.69 太极集团
600207 6.84 186213.09 安彩高科
600288 15.48 112279.08 大恒科技
600330 12.91 699108.62 天通股份
600352 10.6 551051.06 浙江龙盛
600366 13.23 621920.25 宁波韵升
600367 24.88 394694.56 红星发展
600397 3.45 447380.0 安源煤业
600400 5.46 421706.59 红豆股份
600409 8.3 385662.19 三友化工
600475 8.55 143384.95 华光环能
600497 5.37 1428300.38 驰宏锌锗
600545 4.0 435032.0 卓郎智能
600575 3.24 424987.22 淮河能源
600618 13.6 339783.12 氯碱化工
600668 15.84 361631.31 尖峰集团
600689 10.08 265043.38 上海三毛
600711 8.1 1462968.62 盛屯矿业
600722 5.71 220866.56 金牛化工
600728 6.63 411774.62 佳都科技
600810 9.41 366626.91 神马股份
600875 16.84 509499.88 东方电气
600955 29.68 65679.74 维远股份
600963 6.35 442110.5 岳阳林纸
