000010 3.38 106624.83 美丽生态 3.36
000159 8.81 184803.38 国际实业 5.51
000526 15.38 53625.18 学大教育 5.92
000534 15.06 97672.6 万泽股份 3.86
000566 4.45 234527.3 海南海药 2.77
000597 5.2 139846.66 东北制药 2.77
000619 7.08 260253.41 海螺新材 3.51
000725 3.65 4931563.5 京东方A 2.82
000768 26.91 336800.72 中航西飞 2.05
000901 8.34 102688.48 航天科技 2.71
000908 3.48 311921.72 景峰医药 3.88
000919 7.22 47911.0 金陵药业 2.41
000988 20.25 111325.84 华工科技 0.75
000989 8.66 129095.0 九芝堂 1.64
000996 6.13 31859.52 中国中期 2.17
002013 12.03 619758.94 中航机电 2.21
002066 10.99 36445.0 瑞泰科技 3.58
002115 4.72 480468.53 三维通信 2.83
002134 8.8 56669.01 天津普林 3.53
002230 33.97 344412.97 科大讯飞 2.94
002275 14.39 49901.02 桂林三金 2.2
002297 7.83 147719.3 博云新材 3.03
002338 24.48 96680.23 奥普光电 7.51
002351 8.2 62371.43 漫步者 1.86
002376 7.87 146009.66 新北洋 1.29
002387 6.12 81501.24 维信诺 3.38
002410 47.45 66116.94 广联达 0.02
002415 31.29 612672.38 海康威视 3.34
002437 2.64 670236.06 誉衡药业 3.53
002621 4.08 513395.47 美吉姆 1.24
002638 2.37 525780.0 勤上股份 4.87
002683 28.9 80600.48 广东宏大 5.32
002690 25.27 46212.04 美亚光电 3.61
002721 3.11 84074.0 金一文化 2.98
002727 27.16 138807.59 一心堂 2.1
002737 20.44 139926.52 葵花药业 4.82
002873 16.15 65508.27 新天药业 3.73
002923 17.29 19918.39 润都股份 1.95
002963 11.81 10408.0 豪尔赛 2.07
002967 20.56 38834.23 广电计量 3.89
002977 39.41 12329.34 天箭科技 4.7
002979 19.43 34041.62 雷赛智能 5.54
300006 4.01 143819.73 莱美药业 2.04
300069 15.84 4480.0 金利华电 2.72
300074 3.65 172647.41 华平股份 4.88
300076 4.71 50253.02 GQY视讯 4.67
300078 4.63 118701.17 思创医惠 2.43
300083 9.79 326137.38 创世纪 6.3
300137 6.7 159636.59 先河环保 2.92
300222 7.01 87348.61 科大智能 2.48
300235 9.99 53202.61 方直科技 4.72
300236 30.13 21220.21 上海新阳 3.36
300238 11.35 59780.79 冠昊生物 2.34
300245 8.05 95174.17 天玑科技 3.74
300247 3.77 398962.84 融捷健康 4.72
300248 8.9 290915.44 新开普 5.08
300259 3.6 71520.85 新天科技 2.86
300276 3.7 131625.73 三丰智能 2.49
300290 4.44 131421.5 荣科科技 2.78
300299 5.27 158492.66 富春股份 1.74
300359 5.07 344189.59 全通教育 6.96
300424 12.37 116785.11 航新科技 7.85
300445 11.77 33010.6 康斯特 5.75
300451 7.07 423674.09 创业慧康 2.61
300452 14.82 141139.69 山河药辅 4.37
300509 5.76 25606.5 新美星 2.49
300519 16.0 27794.0 新光药业 2.89
300534 8.8 219852.69 陇神戎发 5.26
300537 13.48 51321.78 广信材料 2.74
300561 9.58 44868.79 汇金科技 3.23
300562 9.73 116693.49 乐心医疗 5.76
300571 31.08 25383.09 平治信息 3.36
300581 19.36 118300.27 晨曦航空 7.2
300583 27.08 12129.6 赛托生物 5.62
300585 13.57 20449.0 奥联电子 2.03
300588 10.59 116696.22 熙菱信息 4.75
300589 12.06 97011.12 江龙船艇 4.51
300609 13.96 35314.44 汇纳科技 3.95
300625 11.39 14057.0 三雄极光 1.7
300636 14.01 131901.66 同和药业 5.1
300667 14.78 57877.68 必创科技 7.96
300678 17.42 134856.25 中科信息 1.28
300722 27.77 41714.29 新余国科 5.39
300753 13.87 26297.83 爱朋医疗 2.59
300765 15.7 41859.77 新诺威 2.15
300790 16.64 13545.46 宇瞳光学 3.48
300815 16.33 19457.12 玉禾田 1.75
300817 14.37 8994.76 双飞股份 2.5
300826 12.31 7915.94 测绘股份 3.1
300836 22.62 7302.44 佰奥智能 1.71
300840 8.94 19227.85 酷特智能 2.06
300889 13.46 23269.86 爱克股份 5.32
300899 21.51 10205.0 上海凯鑫 3.12
300906 22.23 4736.98 日月明 3.11
300923 20.43 3473.01 研奥股份 2.56
300935 28.31 14660.68 盈建科 2.24
300936 24.82 5239.43 中英科技 3.07
300948 13.44 9143.04 冠中生态 2.52
300951 47.96 9514.03 博硕科技 3.56
300955 22.65 22694.23 嘉亨家化 6.89
300995 18.84 4356.47 奇德新材 2.84
301008 23.95 2732.0 宏昌科技 1.18
301015 27.52 63247.83 百洋医药 3.97
301019 20.6 3528.66 宁波色母 1.08
301056 8.06 15170.63 森赫股份 2.81
301065 34.89 4992.0 本立科技 1.75
301076 25.08 9029.9 新瀚新材 1.95
301079 20.24 10120.89 邵阳液压 1.61
301108 34.09 5070.98 洁雅股份 1.73
301129 62.35 9265.07 瑞纳智能 7.76
301163 31.95 22970.13 宏德股份 6.25
301169 30.9 22724.88 零点有数 0.98
301211 18.11 23911.06 亨迪药业 2.49
600080 7.8 39134.59 金花股份 2.09
600114 9.21 141435.53 东睦股份 5.14
600129 28.15 135301.41 太极集团 2.89
600143 10.47 431457.59 金发科技 6.51
600171 18.18 112664.9 上海贝岭 1.68
600262 16.01 6777.01 北方股份 1.39
600292 5.93 51362.98 远达环保 2.77
600329 24.65 69645.16 达仁堂 2.62
600330 11.86 220502.97 天通股份 2.95
600380 11.4 232000.73 健康元 3.35
600488 4.53 99561.0 津药药业 2.72
600521 19.97 207830.59 华海药业 2.67
600530 3.81 104138.43 交大昂立 2.15
600562 14.69 93273.76 国睿科技 3.23
600566 27.85 213965.84 济川药业 3.15
600647 16.37 17769.34 同达创业 2.96
600661 8.69 118011.84 昂立教育 4.95
600702 142.98 99016.91 舍得酒业 3.87
600774 10.73 19436.31 汉商集团 2.58
600833 9.99 49918.01 第一医药 3.42
