000417 5.14 153235.36 合肥百货
000419 6.12 558510.19 通程控股
000505 8.52 214254.23 京粮控股
000507 5.76 203319.08 珠海港
000534 14.25 54705.53 万泽股份
000586 8.49 30848.02 汇源通信
000599 4.35 173858.0 青岛双星
000666 10.43 262190.59 经纬纺机
000679 6.17 292668.0 大连友谊
000718 3.46 316011.31 苏宁环球
000736 18.94 806057.19 中交地产
000795 6.68 178599.84 英洛华
000807 11.4 547338.81 云铝股份
000819 21.82 116156.53 岳阳兴长
000822 8.1 163162.44 山东海化
000826 3.61 521530.16 启迪环境
000929 13.16 567953.25 兰州黄河
000948 21.85 417457.19 南天信息
000996 6.4 92439.1 中国中期
002037 12.09 259136.8 保利联合
002039 14.46 57201.65 黔源电力
002040 7.29 175688.81 南京港
002041 21.04 171321.0 登海种业
002045 12.61 224852.48 国光电器
002056 18.94 372560.72 横店东磁
002057 10.59 256385.59 中钢天源
002068 12.76 197599.14 黑猫股份
002077 20.91 1040021.62 大港股份
002094 4.28 849328.75 青岛金王
002096 14.39 215900.91 南岭民爆
002100 8.55 358194.0 天康生物
002105 7.13 45003.0 信隆健康
002114 6.68 65339.33 罗平锌电
002132 4.62 936917.38 恒星科技
002136 13.91 35359.13 安纳达
002139 10.57 138560.47 拓邦股份
002152 10.05 465277.31 广电运通
002155 12.83 160723.67 湖南黄金
002218 4.91 184548.12 拓日新能
002234 19.43 98201.62 民和股份
002245 15.5 293682.84 蔚蓝锂芯
002251 6.67 981468.94 步步高
002254 22.0 76317.03 泰和新材
002264 5.99 122878.0 新华都
002307 5.11 344921.91 北新路桥
002363 6.98 95066.57 隆基机械
002386 6.97 139871.8 天原股份
002434 8.39 371150.97 万里扬
002458 14.55 220431.72 益生股份
002524 7.05 142142.0 光正眼科
002531 15.08 626928.38 天顺风能
002538 8.07 98483.16 司尔特
002561 12.98 752203.62 徐家汇
002578 4.3 132554.06 闽发铝业
002585 13.32 322244.28 双星新材
002591 7.12 899705.5 恒大高新
002622 3.91 289518.0 皓宸医疗
002626 19.83 100430.25 金达威
002634 9.9 113021.55 棒杰股份
002660 8.09 54154.21 茂硕电源
002686 6.01 126647.78 亿利达
002697 5.47 204704.7 红旗连锁
002753 8.99 73731.45 永东股份
002762 8.68 389503.59 金发拉比
002772 8.46 126041.96 众兴菌业
002810 23.22 38720.72 山东赫达
002818 12.14 33073.96 富森美
002821 135.41 48083.69 凯莱英
002824 31.72 79400.02 和胜股份
002837 32.47 125938.0 英维克
002853 18.51 28584.99 皮阿诺
002858 13.23 125300.71 力盛体育
002865 189.78 47012.1 钧达股份
002917 12.07 67111.9 金奥博
002937 22.92 33869.43 兴瑞科技
002943 58.88 81964.8 宇晶股份
002988 13.53 15223.25 豪美新材
002996 13.7 56384.2 顺博合金
300041 17.43 93307.31 回天新材
300052 19.73 233859.95 中青宝
300077 14.28 102272.53 国民技术
300118 25.06 316550.09 东方日升
300122 87.58 135628.61 智飞生物
300127 15.97 62789.6 银河磁体
300174 21.28 200349.78 元力股份
300189 4.33 962904.19 神农科技
300203 34.65 52251.88 聚光科技
300208 10.44 124198.03 青岛中程
300240 8.13 77561.34 飞力达
300266 3.16 215564.8 兴源环境
300268 24.44 78785.32 佳沃食品
300274 107.36 417780.03 阳光电源
300305 13.95 135672.27 裕兴股份
300331 20.29 95498.87 苏大维格
300334 6.46 60431.91 津膜科技
300402 21.2 47842.88 宝色股份
300443 40.07 95652.31 金雷股份
300500 13.89 29075.5 启迪设计
300517 16.6 42803.5 海波重科
300566 27.7 123331.11 激智科技
300593 41.45 37914.29 新雷能
300604 45.52 119824.44 长川科技
300696 26.13 36220.97 爱乐达
300698 24.17 22693.0 万马科技
300707 15.33 30284.0 威唐工业
300720 13.04 28505.4 海川智能
300732 9.35 60398.2 设研院
300748 29.49 135334.16 金力永磁
300758 12.61 123104.13 七彩化学
300795 41.89 11722.62 米奥会展
300806 24.02 22362.8 斯迪克
300827 58.55 98926.91 上能电气
300829 22.86 27333.83 金丹科技
300833 85.71 4577.4 浩洋股份
300842 53.53 38691.92 帝科股份
300861 50.6 41880.8 美畅股份
300882 15.8 15624.67 万胜智能
300898 26.13 126781.8 熊猫乳品
300927 14.72 13854.72 江天化学
300936 26.27 12384.59 中英科技
300970 18.66 31485.01 华绿生物
300972 12.66 35080.34 万辰生物
300990 93.61 21044.51 同飞股份
300991 13.74 124651.47 创益通
300994 20.56 23335.33 久祺股份
301002 22.3 21073.9 崧盛股份
301031 162.63 4085.0 中熔电气
301046 31.28 34634.78 能辉科技
301051 49.63 5567.2 信濠光电
301069 28.8 40052.12 凯盛新材
301071 124.98 21970.72 力量钻石
301080 104.9 6160.35 百普赛斯
301096 65.06 26587.67 百诚医药
301098 16.68 44042.44 金埔园林
301100 22.58 52520.86 风光股份
301101 62.35 11968.8 明月镜片
301102 34.95 23540.69 兆讯传媒
301149 11.44 53691.33 隆华新材
301167 23.08 9204.9 建研设计
301236 36.2 29473.73 软通动力
301363 41.81 46218.21 美好医疗
600063 5.99 313971.25 皖维高新
600106 5.08 150725.73 重庆路桥
600108 3.19 343783.59 亚盛集团
600113 7.07 68107.2 浙江东日
600114 9.18 183507.7 东睦股份
600123 13.72 168577.3 兰花科创
600125 5.62 155971.09 铁龙物流
600127 7.9 198526.94 金健米业
600203 6.06 198189.14 福日电子
600223 10.93 330649.5 鲁商发展
600256 9.34 811157.12 广汇能源
600259 41.42 49366.01 广晟有色
600313 10.71 966963.0 农发种业
600316 25.11 80882.5 洪都航空
600327 4.87 144418.22 大东方
600330 10.84 163079.09 天通股份
600331 2.91 320744.66 宏达股份
600348 15.08 506464.88 华阳股份
600359 8.91 320669.44 新农开发
600392 14.43 249465.44 盛和资源
600439 2.68 141510.2 瑞贝卡
600470 6.18 85339.52 六国化工
600502 4.96 544115.44 安徽建工
600520 15.76 469243.94 文一科技
600540 4.72 110929.05 新赛股份
600546 15.45 368505.97 山煤国际
600586 9.41 559776.38 金晶科技
600693 4.64 384335.03 东百集团
600697 13.86 15531.0 欧亚集团
600712 4.5 152161.98 南宁百货
600720 11.04 81571.12 祁连山
600732 38.92 289004.72 爱旭股份
600738 7.0 199828.02 丽尚国潮
600777 2.22 1269872.12 新潮能源
600778 6.59 33933.0 友好集团
600814 7.28 85063.76 杭州解百
600824 3.83 112741.74 益民集团
600830 6.08 106521.0 香溢融通
600838 7.26 195326.2 上海九百
600875 20.65 293067.62 东方电气
600884 17.88 222049.48 杉杉股份
600916 12.62 160169.06 中国黄金
