000006 4.54 496703.44 深振业A
000011 13.17 304259.22 深物业A
000036 4.4 357011.25 华联控股
000061 6.84 602321.06 农产品
000419 5.25 133250.0 通程控股
000531 9.05 79995.0 穗恒运A
000533 3.6 431403.56 顺钠股份
000655 7.22 214742.16 金岭矿业
000661 171.16 115209.18 长春高新
000753 4.09 1071038.5 漳州发展
000766 4.83 234175.41 通化金马
000768 26.94 380781.97 中航西飞
000793 2.56 831614.94 华闻集团
000821 9.76 197522.0 京山轻机
000906 9.16 106213.46 浙商中拓
002040 7.18 111355.41 南京港
002042 3.83 416365.12 华孚时尚
002073 5.5 326716.88 软控股份
002148 4.66 193533.72 北纬科技
002163 14.56 645234.25 海南发展
002188 5.78 50532.0 中天服务
002199 6.45 25509.0 东晶电子
002217 2.93 521124.25 合力泰
002227 13.85 78292.2 奥特迅
002244 7.99 444373.59 滨江集团
002364 7.22 63296.0 中恒电气
002377 2.92 263760.0 国创高新
002516 4.39 149731.0 旷达科技
002538 8.56 346907.38 司尔特
002539 15.88 421459.03 云图控股
002560 5.75 120872.0 通达股份
002593 3.31 197102.05 日上集团
002605 16.28 109735.14 姚记科技
002641 4.65 115607.21 公元股份
002644 9.65 210351.52 佛慈制药
002664 14.5 297057.47 信质集团
002677 14.0 82480.2 浙江美大
002697 4.97 339754.28 红旗连锁
002785 24.68 55934.0 万里石
002829 30.5 61935.75 星网宇达
002853 11.17 43274.63 皮阿诺
002857 15.81 26988.6 三晖电气
002881 39.41 37201.34 美格智能
002895 33.95 291282.03 川恒股份
002906 39.12 97998.34 华阳集团
002929 32.0 42088.1 润建股份
002931 9.82 33417.6 锋龙股份
002943 43.46 115306.7 宇晶股份
002945 14.38 347475.19 华林证券
002946 11.86 105329.89 新乳业
002965 27.07 60347.73 祥鑫科技
002967 18.21 76060.6 广电计量
002979 17.01 34753.75 雷赛智能
300027 2.71 427725.19 华谊兄弟
300040 7.05 117826.57 九洲集团
300047 6.71 320022.09 天源迪科
300052 18.52 353700.97 中青宝
300057 8.27 220497.19 万顺新材
300079 5.17 690701.94 数码视讯
300080 4.77 174376.0 易成新能
300121 10.48 88359.41 阳谷华泰
300173 4.77 93831.0 福能东方
300176 5.04 48174.02 派生科技
300196 18.49 101042.55 长海股份
300209 6.22 141744.0 有棵树
300229 11.01 216314.41 拓尔思
300233 30.51 128306.89 金城医药
300260 39.15 32720.95 新莱应材
300266 3.46 351546.25 兴源环境
300275 13.07 78582.0 梅安森
300290 4.51 109507.0 荣科科技
300291 4.5 156461.19 百纳千成
300328 7.47 137144.95 宜安科技
300333 6.36 134802.89 兆日科技
300339 16.09 506746.28 润和软件
300340 13.21 57198.8 科恒股份
300352 4.39 317096.38 北信源
300358 17.36 146996.39 楚天科技
300365 6.88 99718.0 恒华科技
300371 11.75 13592.32 汇中股份
300381 9.79 79051.0 溢多利
300423 9.9 45476.37 N辉科技
300428 24.09 145564.8 立中集团
300444 5.13 148970.77 双杰电气
300448 5.25 52198.11 浩云科技
300466 4.94 68121.0 赛摩智能
300473 16.79 21888.0 德尔股份
300477 6.66 259192.8 合纵科技
300480 17.18 48574.5 光力科技
300506 5.47 91092.0 名家汇
300510 4.47 165616.03 金冠股份
300536 16.77 50040.34 农尚环境
300551 8.13 136949.5 古鳌科技
300572 13.84 48879.46 安车检测
300586 12.74 134829.38 美联新材
300588 11.07 81405.2 熙菱信息
300589 19.4 30108.54 江龙船艇
300593 53.57 30956.18 新雷能
300626 8.69 28080.0 华瑞股份
300685 29.52 57783.18 艾德生物
300693 25.07 160912.5 盛弘股份
300705 17.3 64577.08 九典制药
300713 13.55 26756.52 英可瑞
300736 9.91 15174.0 百邦科技
300786 14.2 43426.71 国林科技
300792 33.87 71838.71 壹网壹创
300807 20.66 15010.89 天迈科技
300813 42.1 23699.72 泰林生物
300814 16.84 15091.78 中富电路
300816 28.89 16549.0 艾可蓝
300818 34.82 19967.72 耐普矿机
300832 41.84 30380.69 新产业
300836 29.26 4432.0 佰奥智能
300837 39.95 6411.0 浙矿股份
300857 20.25 19561.0 协创数据
300860 44.6 40453.76 锋尚文化
300865 21.9 9786.62 大宏立
300882 13.64 22809.82 万胜智能
300900 24.7 41911.42 广联航空
300907 20.27 20910.31 康平科技
300912 15.97 8510.12 凯龙高科
300917 37.27 99299.36 特发服务
300928 46.46 10693.73 华安鑫创
300930 24.51 6508.0 屹通新材
300940 26.1 73917.32 南极光
300941 29.88 29289.73 创识科技
300963 18.0 14171.98 中洲特材
300964 29.03 5194.0 本川智能
300966 29.99 23024.35 共同药业
300975 8.3 40827.07 商络电子
300985 28.8 25492.05 致远新能
300987 17.03 80501.23 川网传媒
301005 39.95 8568.0 超捷股份
301021 25.3 12850.02 英诺激光
301042 32.8 3538.0 安联锐视
301043 25.52 14131.58 绿岛风
301046 39.6 67030.34 能辉科技
301049 22.61 15655.0 超越科技
301070 25.9 6731.0 开勒股份
301087 36.28 17692.01 可孚医疗
301131 40.61 13405.93 聚赛龙
301228 22.2 14669.68 实朴检测
600038 39.5 135058.91 中直股份
600052 4.39 118701.24 东望时代
600096 27.66 1167217.75 云天化
600150 19.5 713671.31 中国船舶
600166 2.78 2370363.0 福田汽车
600168 6.66 138833.45 武汉控股
600217 5.04 330434.31 中再资环
600279 4.4 173957.5 重庆港
600449 13.22 93320.33 宁夏建材
600478 6.05 316264.31 科力远
600520 8.67 43495.84 文一科技
600577 4.8 581661.0 精达股份
600579 6.94 93977.51 克劳斯
600610 14.69 100629.99 中毅达
600640 10.09 85366.05 国脉文化
600660 41.15 230985.92 福耀玻璃
600684 3.9 466420.72 珠江股份
600791 4.83 353826.25 京能置业
600805 5.03 387860.53 悦达投资
600825 4.38 288706.62 新华传媒
600839 2.91 1063047.75 四川长虹
600996 7.35 413881.62 贵广网络
