000031 3.91 225182.58 大悦城
000032 22.64 145428.42 深桑达A
000042 8.52 77901.8 中洲控股
000498 7.0 428109.25 山东路桥
000513 41.89 130686.07 丽珠集团
000557 4.54 457438.16 西部创业
000581 22.73 266047.31 威孚高科
000708 23.04 233951.56 中信特钢
000731 10.2 627882.25 四川美丰
000761 4.48 377682.19 本钢板材
000786 37.46 227990.92 北新建材
000807 11.39 1619848.12 云铝股份
000825 7.34 1408993.0 太钢不锈
000898 3.98 1039191.44 鞍钢股份
000920 11.8 293324.72 沃顿科技
000921 16.97 232485.16 海信家电
000933 9.71 1779757.0 神火股份
000951 17.22 594730.62 中国重汽
000959 6.1 912139.06 首钢股份
000960 19.61 486341.72 锡业股份
000961 4.41 1115567.38 中南建设
002030 20.74 820200.94 达安基因
002061 5.87 440596.69 浙江交科
002106 12.09 399436.53 莱宝高科
002110 7.28 701399.5 三钢闽光
002128 14.59 476306.44 电投能源
002135 12.42 750089.06 东南网架
002140 15.6 656495.62 东华科技
002146 4.61 776149.25 荣盛发展
002243 12.31 582536.0 力合科创
002271 51.88 330916.84 东方雨虹
002302 8.47 289301.97 西部建设
002346 19.38 63527.95 柘中股份
002353 43.58 150063.59 杰瑞股份
002362 18.33 102744.49 汉王科技
002382 16.74 394074.81 蓝帆医疗
002532 8.41 396986.28 天山铝业
002541 56.68 119493.92 鸿路钢构
002636 15.1 240373.0 金安国纪
002669 16.5 194125.95 康达新材
002677 18.24 109348.7 浙江美大
002918 27.71 87049.46 蒙娜丽莎
300030 10.69 199996.0 阳普医疗
300084 6.12 447492.59 海默科技
300097 9.15 150585.77 智云股份
300128 4.32 985840.88 锦富技术
300157 5.14 450031.41 恒泰艾普
300191 27.64 145616.83 潜能恒信
300198 4.57 802463.75 纳川股份
300311 8.98 608619.75 任子行
300318 9.72 369908.75 博晖创新
300358 24.96 155448.3 楚天科技
300365 10.93 289832.03 恒华科技
300463 30.99 202597.59 迈克生物
300483 17.86 95790.3 首华燃气
300531 21.43 164367.5 优博讯
300551 18.55 140428.8 古鳌科技
300599 11.14 246011.3 雄塑科技
300604 49.75 138651.0 长川科技
300622 23.2 55597.76 博士眼镜
300642 32.16 50572.81 透景生命
300676 90.97 81318.56 华大基因
300677 60.37 397742.97 英科医疗
300688 33.29 111456.51 创业黑马
300689 21.73 34095.48 澄天伟业
300737 16.8 387999.69 科顺股份
300757 63.0 29529.4 罗博特科
300765 16.52 123634.17 新诺威
300812 22.63 34299.23 易天股份
300832 46.86 52590.9 新产业
300847 17.84 136060.09 中船汉光
300856 64.1 26192.78 科思股份
300942 29.15 55761.11 易瑞生物
300977 57.7 16612.8 深圳瑞捷
300989 45.72 19868.47 蕾奥规划
301033 62.88 7688.02 迈普医学
301058 21.67 420604.31 中粮科工
301068 32.82 27063.82 大地海洋
301069 46.4 65806.69 凯盛新材
301076 36.27 28388.11 新瀚新材
301096 93.69 52725.55 百诚医药
600009 49.99 229848.97 上海机场
600010 2.79 10209882.0 包钢股份
600022 1.86 2980832.0 山东钢铁
600080 8.67 223907.81 金花股份
600099 9.07 135884.59 林海股份
600176 18.35 801974.44 中国巨石
600282 3.88 637370.31 南钢股份
600307 2.33 1922049.0 酒钢宏兴
600348 11.9 684062.56 华阳股份
600463 9.13 112952.7 空港股份
600491 7.25 1073147.88 龙元建设
600503 3.39 579865.06 华丽家族
600517 7.43 614650.19 国网英大
600523 23.86 136267.2 贵航股份
600557 13.3 343094.75 康缘药业
600581 6.52 848225.56 八一钢铁
600622 3.14 362455.97 光大嘉宝
600683 5.49 287852.56 京投发展
600688 4.36 1022236.62 上海石化
600775 10.43 185104.62 南京熊猫
600782 5.72 1551150.25 新钢股份
600791 4.21 252673.0 京能置业
600808 4.07 2453444.75 马钢股份
