000417 5.0 457804.75 合肥百货
000720 4.95 132447.0 新能泰山
000876 16.35 545846.75 新希望
002056 14.1 403998.28 横店东磁
002126 8.96 204261.56 银轮股份
002277 3.9 1504435.5 友阿股份
002484 18.54 143314.23 江海股份
002640 3.25 332156.47 跨境通
002876 30.57 61275.8 三利谱
002890 16.52 12517.0 弘宇股份
002906 34.09 100781.27 华阳集团
002933 24.21 10063.0 新兴装备
300004 7.6 303334.0 南风股份
300432 18.95 141528.23 富临精工
300469 14.77 46811.34 信息发展
300498 22.67 495879.88 温氏股份
300666 54.5 58046.48 江丰电子
300673 14.99 19602.97 佩蒂股份
300696 48.0 16555.07 爱乐达
300700 17.66 72504.25 岱勒新材
300850 104.02 14446.99 新强联
300869 32.96 78086.58 康泰医学
300908 41.41 17225.0 仲景食品
301218 38.33 41070.14 华是科技
600021 9.17 800969.62 上海电力
600191 5.28 87893.09 华资实业
600359 10.22 766084.81 新农开发
600361 5.43 82406.46 创新新材
600511 28.44 173877.97 国药股份
600566 24.0 117035.88 济川药业
600584 24.25 204834.66 长电科技
600615 9.55 20200.35 丰华股份
600708 3.19 2272293.75 光明地产
600745 71.3 141797.34 闻泰科技
600962 10.49 88959.0 国投中鲁
