002158 25.63 128162.38 汉钟精机 6.3
002361 4.38 457975.0 神剑股份 3.55
002460 80.57 362677.19 赣锋锂业 0.74
002547 6.08 1574781.62 春兴精工 1.33
002896 26.5 202838.16 中大力德 2.52
300083 10.71 660193.06 创世纪 3.18
300353 9.74 258319.77 东土科技 4.17
300432 14.93 373879.47 富临精工 1.43
300488 26.39 59056.68 恒锋工具 4.51
300707 18.24 68443.44 威唐工业 3.28
300809 25.51 143847.95 华辰装备 1.96
300820 121.4 24267.7 英杰电气 5.19
300921 20.94 98848.53 南凌科技 3.15
301133 23.06 9081.7 金钟股份 2.63
301195 75.4 14871.6 北路智控 1.52
301308 62.0 76056.01 江波龙 2.33
