000014 11.74 310014.0 沙河股份
000040 2.97 178940.59 东旭蓝天
000055 4.3 109730.01 方大集团
000078 3.78 1148918.5 海王生物
000099 7.35 202120.0 中信海直
000526 15.36 70391.09 学大教育
000713 10.28 1419994.12 丰乐种业
000720 5.44 158446.02 新能泰山
000766 4.69 98964.42 通化金马
000767 3.15 356943.69 晋控电力
000791 5.65 413796.72 甘肃电投
000862 6.9 332588.91 银星能源
000868 4.14 480615.53 安凯客车
000903 2.74 323821.91 云内动力
000905 7.89 249822.95 厦门港务
002016 6.77 244614.23 世荣兆业
002039 19.4 65184.1 黔源电力
002060 7.53 1052997.88 粤水电
002099 7.28 233410.0 海翔药业
002119 10.2 201718.23 康强电子
002135 8.73 278682.59 东南网架
002164 5.19 122934.1 宁波东力
002172 3.57 278230.09 澳洋健康
002184 9.84 61457.26 海得控制
002188 5.64 69171.02 中天服务
002206 5.47 308117.38 海利得
002246 9.02 509778.0 北化股份
002269 2.05 1511718.12 美邦服饰
002272 4.68 55950.01 川润股份
002306 3.01 199222.0 中科云网
002314 5.04 1181309.62 南山控股
002329 4.67 116063.0 皇氏集团
002335 23.18 224521.56 科华数据
002349 16.34 976243.19 精华制药
002455 9.76 150442.86 百川股份
002459 94.35 169051.77 晶澳科技
002460 120.53 318521.12 赣锋锂业
002466 91.5 723933.5 天齐锂业
002481 8.52 546771.38 双塔食品
002483 5.64 262895.16 润邦股份
002528 3.49 808953.44 英飞拓
002533 6.47 121671.0 金杯电工
002571 5.46 103855.86 德力股份
002600 5.03 1956947.62 领益智造
002610 3.42 1900221.25 爱康科技
002617 9.13 423002.12 露笑科技
002621 4.23 473295.84 美吉姆
002638 1.85 198220.0 勤上股份
002641 4.58 145187.8 公元股份
002660 6.66 58948.72 茂硕电源
002719 8.2 31532.4 麦趣尔
002767 9.99 23182.0 先锋电子
002786 5.77 71302.47 银宝山新
002795 10.78 33447.59 永和智控
002806 10.69 54073.19 华锋股份
002853 11.06 16100.0 皮阿诺
002858 10.38 50249.13 力盛体育
002886 16.63 30546.19 沃特股份
002902 9.99 53510.0 铭普光磁
300010 2.84 479947.19 豆神教育
300019 17.16 100180.42 硅宝科技
300041 12.79 77143.24 回天新材
300054 19.27 112190.19 鼎龙股份
300078 5.0 152042.55 思创医惠
300135 2.53 106877.0 宝利国际
300185 2.65 939043.19 通裕重工
300199 15.47 542142.56 翰宇药业
300265 8.06 43289.75 通光线缆
300294 31.26 104750.97 博雅生物
300295 9.67 224990.0 三六五网
300300 3.92 334448.0 海峡创新
300317 5.53 212313.38 珈伟新能
300373 78.72 125848.46 扬杰科技
300393 16.79 844656.0 中来股份
300405 6.98 27623.0 科隆股份
300406 16.75 70004.78 九强生物
300407 7.24 63625.39 凯发电气
300421 9.09 164670.56 力星股份
300435 14.51 70214.0 中泰股份
300438 44.69 173756.36 鹏辉能源
300449 4.84 75455.03 汉邦高科
300471 15.32 132403.95 厚普股份
300472 9.49 126158.0 新元科技
300478 11.2 42453.4 杭州高新
300480 21.52 24522.01 光力科技
300491 12.97 22399.0 通合科技
300497 16.2 261148.59 富祥药业
300516 24.53 24508.08 久之洋
300538 12.21 41920.39 同益股份
300545 15.97 15857.41 联得装备
300553 30.92 7524.0 集智股份
300575 18.75 86053.62 中旗股份
300648 30.11 29770.68 星云股份
300649 28.78 93653.01 杭州园林
300660 19.36 49613.01 江苏雷利
300668 18.03 8634.0 杰恩设计
300670 6.94 33199.0 大烨智能
300675 17.15 98734.89 建科院
300679 32.75 35947.5 电连技术
300700 20.73 71169.52 岱勒新材
300701 13.37 25588.8 森霸传感
300724 69.31 132799.2 捷佳伟创
300736 9.38 10633.0 百邦科技
300795 20.97 17689.35 米奥会展
300801 21.85 45289.46 泰和科技
300830 7.29 45149.0 金现代
300862 26.33 14451.81 蓝盾光电
300916 42.1 15593.75 朗特智能
300917 39.39 146042.34 特发服务
300961 13.35 53327.93 深水海纳
300985 28.52 30252.09 致远新能
301028 10.35 30156.81 东亚机械
301029 73.72 5533.28 怡合达
301030 24.39 9930.29 仕净科技
301041 19.12 9575.77 金百泽
301063 27.05 36310.02 海锅股份
301077 59.8 27976.47 星华新材
301150 107.0 9307.81 中一科技
301155 63.55 79867.14 海力风电
301237 35.68 12578.21 和顺科技
600083 9.99 34927.92 博信股份
600099 7.92 148246.53 林海股份
600150 16.93 471693.5 中国船舶
600186 2.43 220909.92 莲花健康
600198 7.02 232959.05 大唐电信
600206 16.44 271410.66 有研新材
600207 5.64 124939.61 安彩高科
600220 3.03 970285.69 江苏阳光
600255 2.31 382630.03 鑫科材料
600280 2.64 311060.0 中央商场
600281 4.89 110757.47 华阳新材
600322 2.34 686267.19 天房发展
600330 9.33 214841.48 天通股份
600370 3.39 735888.5 三房巷
600393 1.5 351242.94 粤泰股份
600405 5.1 113016.76 动力源
600448 4.13 1394101.38 华纺股份
600458 9.2 91356.33 时代新材
600469 4.1 76475.03 风神股份
600476 13.71 165272.48 湘邮科技
600483 12.71 208140.16 福能股份
600517 4.99 192481.62 国网英大
600520 8.43 35643.0 文一科技
600540 5.09 300608.0 新赛股份
600560 8.56 39536.01 金自天正
600586 6.16 220087.25 金晶科技
600619 6.16 80758.01 海立股份
600675 3.65 914774.0 中华企业
600676 4.28 167195.52 交运股份
600686 6.02 380832.31 金龙汽车
600692 6.25 141191.73 亚通股份
600750 14.03 235539.28 江中药业
600769 8.02 148360.02 祥龙电业
600791 4.84 601573.0 京能置业
600847 14.93 17618.0 万里股份
600905 6.14 3120874.5 三峡能源
600929 7.81 267760.38 雪天盐业
600956 12.08 81888.26 新天绿能
600968 2.56 538906.94 海油发展
