000009 11.3 610297.19 中国宝安
000010 3.16 58368.37 美丽生态
000020 8.55 41502.0 深华发A
000025 17.05 102436.99 特力A
000035 4.79 314739.97 中国天楹
000045 7.68 86421.0 深纺织A
000049 41.64 84226.58 德赛电池
000065 8.99 156859.14 北方国际
000070 5.95 98879.93 特发信息
000158 5.73 160177.77 常山北明
000400 17.67 196862.92 许继电气
000409 6.08 101274.02 云鼎科技
000530 5.07 348129.41 冰山冷热
000533 3.83 121402.38 顺钠股份
000534 13.93 60249.44 万泽股份
000536 1.93 285681.59 华映科技
000548 4.21 53885.16 湖南投资
000550 14.63 60754.14 江铃汽车
000551 8.99 63963.57 创元科技
000561 7.41 97143.62 烽火电子
000570 4.4 76573.8 苏常柴A
000573 3.68 582879.81 粤宏远A
000576 10.62 60117.04 甘化科工
000586 7.92 34172.8 汇源通信
000591 7.04 343614.69 太阳能
000609 5.57 134531.98 中迪投资
000629 4.95 3129854.0 钒钛股份
000630 2.7 1540984.62 铜陵有色
000635 8.59 38867.27 英力特
000665 5.65 184700.8 湖北广电
000676 5.35 161700.02 智度股份
000678 5.69 223431.0 襄阳轴承
000680 4.2 146885.39 山推股份
000681 9.92 97918.85 视觉中国
000700 4.7 100910.57 模塑科技
000701 5.25 42877.87 厦门信达
000728 6.73 606918.31 国元证券
000737 5.22 177708.28 北方铜业
000758 4.5 218261.66 中色股份
000776 14.99 596227.75 广发证券
000803 12.74 69834.0 山高环能
000807 9.54 571122.38 云铝股份
000810 16.29 165034.17 创维数字
000811 10.87 111000.59 冰轮环境
000816 3.59 359662.0 智慧农业
000819 17.94 59998.21 岳阳兴长
000820 4.49 95239.0 神雾节能
000823 8.94 63994.08 超声电子
000833 6.71 80652.92 粤桂股份
000836 2.8 353198.72 富通信息
000837 8.51 231011.12 秦川机床
000860 20.06 85833.78 顺鑫农业
000868 6.19 704258.0 安凯客车
000875 6.12 265673.0 吉电股份
000887 14.82 217771.08 中鼎股份
000909 8.05 279787.78 数源科技
000911 7.69 36698.7 南宁糖业
000922 8.67 128865.66 佳电股份
000957 13.76 597432.5 中通客车
000962 9.07 51523.0 东方钽业
000966 4.61 175807.36 长源电力
000969 7.82 111798.79 安泰科技
000970 14.5 385448.97 中科三环
000977 20.0 189244.08 浪潮信息
000997 12.55 105150.26 新大陆
002002 3.48 565071.38 鸿达兴业
002008 25.93 169791.41 大族激光
002009 17.59 55327.82 天奇股份
002011 15.08 244841.95 盾安环境
002012 4.92 92554.0 凯恩股份
002017 11.97 95675.13 东信和平
002026 10.77 72018.4 山东威达
002031 2.88 1720581.75 巨轮智能
002039 14.08 81731.88 黔源电力
002045 11.06 264235.75 国光电器
002057 10.18 252835.08 中钢天源
002061 5.54 226969.59 浙江交科
002063 5.88 182910.92 远光软件
002068 13.87 249180.41 黑猫股份
002072 6.75 41678.0 凯瑞德
002073 6.35 192555.78 软控股份
002077 12.42 618447.12 大港股份
002079 11.6 297504.91 苏州固锝
002085 5.66 240218.19 万丰奥威
002090 11.63 178516.0 金智科技
002096 11.44 43257.02 南岭民爆
002103 4.58 163350.0 广博股份
002104 7.74 810136.06 恒宝股份
002112 6.91 130021.98 三变科技
002115 4.45 442590.31 三维通信
002119 10.8 114226.73 康强电子
002123 10.07 78951.0 梦网科技
002125 16.52 204150.16 湘潭电化
002130 6.1 163673.98 沃尔核材
002132 5.18 297866.0 恒星科技
002134 8.23 40897.38 天津普林
002135 6.72 175072.8 东南网架
002136 13.21 31672.57 安纳达
002137 5.11 168856.44 实益达
002139 10.41 346182.59 拓邦股份
002140 9.43 112184.72 东华科技
002145 7.03 240183.92 中核钛白
002148 5.32 361358.69 北纬科技
002149 15.89 108377.59 西部材料
002150 7.8 66232.0 通润装备
002160 4.51 131390.0 常铝股份
002161 4.76 152680.06 远望谷
002164 5.68 83640.0 宁波东力
002167 6.11 120411.0 东方锆业
002169 8.85 408820.03 智光电气
002170 5.66 85718.18 芭田股份
002172 3.42 81876.23 澳洋健康
002178 3.98 81497.47 延华智能
002181 3.88 223414.59 粤传媒
002184 10.25 47936.24 海得控制
002199 6.5 49710.0 东晶电子
002201 13.39 80377.74 正威新材
002202 11.88 400972.72 金风科技
002206 5.75 118119.6 海利得
002209 7.5 43651.0 达意隆
002214 12.45 52530.76 大立科技
002218 5.19 266791.59 拓日新能
002222 14.11 56062.01 福晶科技
002227 12.71 31073.65 奥特迅
002231 8.56 583755.5 奥维通信
002232 11.95 90391.84 启明信息
002235 4.16 89836.55 安妮股份
002244 11.19 470068.97 滨江集团
002245 14.14 190197.69 蔚蓝锂芯
002249 5.47 208354.09 大洋电机
002254 16.3 48319.54 泰和新材
002255 5.02 122075.0 海陆重工
002256 2.56 255243.0 兆新股份
002262 16.26 155171.81 恩华药业
002268 29.91 249021.66 电科网安
002270 7.64 119890.0 华明装备
002273 10.99 284205.19 水晶光电
002276 8.95 228136.62 万马股份
002284 7.37 120871.04 亚太股份
002288 4.91 93954.57 超华科技
002292 4.42 246657.95 奥飞娱乐
002296 6.86 57531.6 辉煌科技
002297 7.35 126871.49 博云新材
002298 6.13 111220.34 中电兴发
002300 7.42 99807.68 太阳电缆
002301 6.01 84825.47 齐心集团
002308 3.99 288807.69 威创股份
002324 15.67 236239.52 普利特
002326 24.0 205830.92 永太科技
002328 5.4 95985.77 新朋股份
002329 6.95 641757.94 皇氏集团
002334 8.4 557435.38 英威腾
002337 5.19 137191.5 赛象科技
002338 21.42 42107.04 奥普光电
002339 7.28 322762.47 积成电子
002340 7.48 580820.5 格林美
002341 4.14 141586.67 新纶新材
002347 4.27 75610.0 泰尔股份
002348 2.04 153542.98 高乐股份
002350 7.48 146585.64 北京科锐
002354 3.38 154055.8 天娱数科
002355 4.58 112638.66 兴民智通
002360 6.86 35601.79 同德化工
002362 12.67 25248.0 汉王科技
002363 6.14 60770.87 隆基机械
002364 6.98 73536.0 中恒电气
002369 4.39 134215.64 卓翼科技
002374 4.5 235277.84 中锐股份
002378 7.1 107214.72 章源钨业
002383 6.45 216686.92 合众思壮
002394 7.15 160348.88 联发股份
002397 4.86 130300.0 梦洁股份
002400 4.1 174598.92 省广集团
002404 6.0 83828.0 嘉欣丝绸
002405 11.82 255578.5 四维图新
002425 4.57 112493.93 凯撒文化
002426 2.54 750183.44 胜利精密
002431 2.88 208891.95 棕榈股份
002439 21.47 145859.52 启明星辰
002441 8.66 55632.0 众业达
002442 6.46 690171.06 龙星化工
002445 2.25 263211.69 中南文化
002446 8.4 465430.31 盛路通信
002448 6.01 50524.0 中原内配
002452 7.28 97013.0 长高电新
002455 10.27 117673.91 百川股份
002467 3.91 156197.55 二六三
002471 2.48 282871.53 中超控股
002486 3.49 653130.31 嘉麟杰
002489 4.08 1095004.12 浙江永强
002491 5.0 164740.77 通鼎互联
002492 5.3 88464.0 恒基达鑫
002506 3.31 684152.06 协鑫集成
002510 3.96 196718.66 天汽模
002512 3.49 272717.03 达华智能
002519 4.61 197640.41 银河电子
002523 2.92 194483.64 天桥起重
002526 2.24 228024.28 山东矿机
002527 6.33 82611.59 新时达
002529 15.78 69210.0 海源复材
002533 6.51 95342.0 金杯电工
002536 7.52 100160.0 飞龙股份
002537 8.11 865133.25 海联金汇
002539 12.38 126294.88 云图控股
002540 5.18 89967.6 亚太科技
002543 12.93 409469.0 万和电气
002545 8.53 209924.69 东方铁塔
002546 3.72 106674.4 新联电子
002547 4.92 456648.47 春兴精工
002549 19.07 127983.12 凯美特气
002553 12.03 187673.77 南方精工
002556 9.83 104081.18 辉隆股份
002562 5.41 202431.41 兄弟科技
002564 4.56 146653.0 天沃科技
002567 8.9 785432.62 唐人神
002571 6.43 48183.8 德力股份
002579 8.02 248020.48 中京电子
002580 10.2 509259.0 圣阳股份
002585 14.97 318884.22 双星新材
002587 5.04 241759.45 奥拓电子
002588 5.92 80042.39 史丹利
002591 5.98 132510.27 恒大高新
002593 3.53 91481.06 日上集团
002594 262.34 144871.44 比亚迪
002606 8.82 112498.04 大连电瓷
002610 3.1 805333.5 爱康科技
002611 4.31 125967.11 东方精工
002613 4.44 99253.0 北玻股份
002616 4.68 102713.0 长青集团
002623 30.82 58885.0 亚玛顿
002631 5.65 119802.98 德尔未来
002633 8.74 18669.0 申科股份
002635 13.01 113124.68 安洁科技
002645 17.76 48056.19 华宏科技
002649 9.91 68941.0 博彦科技
002655 10.3 56034.56 共达电声
002658 8.15 141674.0 雪迪龙
002665 4.01 1391003.0 首航高科
002666 5.1 96646.0 德联集团
002669 11.8 45370.63 康达新材
002670 7.82 189025.64 国盛金控
002676 3.87 92313.0 顺威股份
002679 10.48 53715.0 福建金森
002689 3.97 319641.81 远大智能
002691 4.9 55365.17 冀凯股份
002696 6.31 65520.57 百洋股份
002703 9.3 606947.06 浙江世宝
002709 47.94 531802.94 天赐材料
002715 23.3 33756.5 登云股份
002722 12.61 17967.1 物产金轮
002725 8.78 65311.23 跃岭股份
002734 9.18 34511.99 利民股份
002737 17.89 81301.64 葵花药业
002745 8.35 154981.84 木林森
002748 11.88 48435.0 世龙实业
002752 5.1 245707.44 N兴股份
002753 8.6 56051.91 永东股份
002757 10.02 29116.54 南兴股份
002760 21.45 33554.0 凤形股份
002766 4.92 90305.0 索菱股份
002768 26.84 88103.02 国恩股份
002771 9.06 34838.43 真视通
002782 15.53 66491.59 可立克
002786 5.59 66681.0 银宝山新
002792 10.77 93691.85 通宇通讯
002796 8.35 43488.5 世嘉科技
002802 14.74 14474.3 洪汇新材
002806 10.85 31844.62 华锋股份
002807 4.43 388424.28 江阴银行
002808 6.36 39612.2 恒久科技
002813 25.94 13009.2 路畅科技
002815 10.18 59529.49 崇达技术
002822 4.35 67083.45 中装建设
002824 34.92 37573.64 和胜股份
002825 13.37 38450.36 纳尔股份
002836 8.36 19901.39 新宏泽
002845 11.85 39864.0 同兴达
002846 6.76 48410.28 英联股份
002855 7.87 31443.0 捷荣技术
002860 13.15 88387.26 星帅尔
002863 5.33 121477.19 今飞凯达
002865 204.88 45878.42 钧达股份
002866 41.57 329317.88 传艺科技
002877 6.69 85301.0 智能自控
002878 14.72 39257.0 元隆雅图
002892 12.91 37595.72 科力尔
002896 25.6 109469.53 中大力德
002902 13.74 90031.32 铭普光磁
002908 15.97 135291.56 德生科技
002909 8.68 153896.12 集泰股份
002915 17.43 54642.0 中欣氟材
002927 10.4 24001.39 泰永长征
002932 59.43 33189.51 明德生物
002953 10.76 37926.16 日丰股份
002957 15.26 47352.95 科瑞技术
002962 11.03 71747.68 五方光电
002975 33.84 4547.34 博杰股份
002976 21.85 26924.0 瑞玛精密
002977 35.81 7003.33 天箭科技
002978 33.67 12704.93 安宁股份
002985 46.99 28587.25 北摩高科
002990 21.88 10270.38 盛视科技
002995 14.32 19189.69 天地在线
002996 14.19 43539.0 顺博合金
300001 14.93 115551.39 特锐德
300007 16.91 85176.87 汉威科技
300010 3.02 254186.88 豆神教育
300017 4.86 261927.0 网宿科技
300020 6.27 95045.0 银江技术
300021 4.73 124658.03 大禹节水
300022 4.31 54914.0 吉峰科技
300025 4.59 51527.87 华星创业
300031 13.49 60564.47 宝通科技
300032 5.82 94776.99 金龙机电
300035 21.51 107314.84 中科电气
300037 45.48 132207.05 新宙邦
300040 6.28 69036.41 九洲集团
300045 6.7 44107.01 华力创通
300046 14.65 44021.97 台基股份
300047 5.84 115343.27 天源迪科
300048 5.17 113346.0 合康新能
300050 3.39 55342.0 世纪鼎利
300053 7.79 109474.58 欧比特
300057 9.95 282412.72 万顺新材
300058 4.56 338641.12 蓝色光标
300059 17.92 1716494.38 东方财富
300061 6.98 146164.53 旗天科技
300062 6.19 132864.59 中能电气
300073 68.13 98323.09 当升科技
300074 3.3 86557.0 华平股份
300075 15.53 243892.64 数字政通
300077 13.2 93418.58 国民技术
300079 4.55 179797.48 数码视讯
300081 6.08 210726.5 恒信东方
300087 13.84 85615.69 荃银高科
300088 6.23 351564.75 长信科技
300091 3.71 141804.56 金通灵
300093 54.1 63582.4 金刚光伏
300094 4.93 408292.03 国联水产
300097 5.75 38163.8 智云股份
300098 3.23 216817.59 高新兴
300099 6.07 57584.29 精准信息
300105 6.14 145769.0 龙源技术
300106 7.87 26009.07 西部牧业
300110 3.86 200080.14 华仁药业
300112 8.97 46589.4 万讯自控
300113 10.08 55731.25 顺网科技
300115 10.63 182818.8 长盈精密
300117 3.56 176803.2 嘉寓股份
300118 26.79 318436.25 东方日升
300121 11.0 56691.74 阳谷华泰
300124 61.6 276367.97 汇川技术
300128 3.27 118787.29 锦富技术
300130 11.72 137710.19 新国都
300131 4.91 252261.59 英唐智控
300136 14.58 96573.65 信维通信
300138 15.66 65707.49 晨光生物
300139 7.8 34567.14 晓程科技
300141 7.8 22009.59 和顺电气
300145 2.52 278409.19 中金环境
300153 6.82 45426.0 科泰电源
300163 3.19 62363.0 先锋新材
300165 4.29 87852.0 天瑞仪器
300166 7.49 165048.38 东方国信
300170 7.33 122855.73 汉得信息
300173 4.14 73532.0 福能东方
300176 6.24 70096.0 派生科技
300177 6.72 77932.39 中海达
300182 4.58 345599.72 捷成股份
300184 4.23 152568.19 力源信息
300185 2.56 404907.91 通裕重工
300189 4.07 208889.84 神农科技
300195 5.34 45403.53 长荣股份
300203 33.33 98609.82 聚光科技
300205 9.76 62771.46 天喻信息
300207 24.65 226934.59 欣旺达
300212 12.94 98745.29 易华录
300217 6.96 743137.81 东方电热
300218 10.39 51068.75 安利股份
300219 7.13 85508.09 鸿利智汇
300221 4.66 50362.13 银禧科技
300222 6.6 80393.0 科大智能
300224 12.8 113728.53 正海磁材
300231 6.71 44167.36 银信科技
300237 2.15 243974.59 美晨生态
300241 4.66 58952.06 瑞丰光电
300248 7.64 85250.91 新开普
300252 7.35 53182.75 金信诺
300258 11.97 67176.0 精锻科技
300261 10.79 312788.16 雅本化学
300263 7.52 333822.16 隆华科技
300264 5.08 75451.6 佳创视讯
300268 24.4 33748.94 佳沃食品
300269 4.01 123051.4 联建光电
300271 6.01 101497.09 华宇软件
300283 5.02 39565.0 温州宏丰
300286 23.76 20903.89 安科瑞
300287 3.38 191978.3 飞利信
300288 8.92 32642.5 朗玛信息
300292 3.07 158467.0 吴通控股
300296 5.65 209929.31 利亚德
300299 5.05 112547.33 富春股份
300306 9.13 32781.0 远方信息
300307 4.74 93103.0 慈星股份
300308 27.22 131483.25 中际旭创
300310 3.71 147013.34 宜通世纪
300311 5.68 113669.6 任子行
300317 5.33 107774.96 珈伟新能
300320 10.24 131896.38 海达股份
300322 8.42 52170.0 硕贝德
300327 33.95 134540.16 中颖电子
300328 7.4 98441.24 宜安科技
300337 9.76 256896.0 银邦股份
300350 4.79 56373.8 华鹏飞
300353 7.98 81478.32 东土科技
300355 3.33 139586.38 蒙草生态
300366 6.94 77762.37 创意信息
300369 8.33 76587.64 绿盟科技
300373 49.41 103864.8 扬杰科技
300375 3.7 55351.17 鹏翎股份
300376 6.93 242730.19 易事特
300377 7.23 67767.77 赢时胜
300380 13.42 17169.0 安硕信息
300386 9.65 30780.0 飞天诚信
300387 6.17 44382.0 富邦股份
300390 68.22 187762.23 天华超净
300393 16.21 412906.31 中来股份
300394 27.4 37412.61 天孚通信
300398 17.0 74259.79 飞凯材料
300400 16.66 30862.21 劲拓股份
300402 19.32 36408.54 宝色股份
300403 6.95 177670.48 汉宇集团
300405 5.12 22306.2 科隆股份
300409 16.96 123312.93 道氏技术
300419 5.15 44603.87 浩丰科技
300423 9.17 34662.75 N辉科技
300432 14.3 243210.31 富临精工
300437 16.96 41161.21 清水源
300444 4.62 71354.42 双杰电气
300447 15.26 46282.74 全信股份
300456 13.64 71967.85 赛微电子
300459 3.07 365892.81 汤姆猫
300460 9.35 40169.51 惠伦晶体
300465 7.4 68690.44 高伟达
300468 9.49 178222.48 四方精创
300469 13.1 23251.54 信息发展
300471 13.2 47263.29 厚普股份
300472 14.0 241091.58 新元科技
300473 15.85 20361.47 德尔股份
300474 47.15 53643.99 景嘉微
300477 5.31 189063.22 合纵科技
300484 10.86 31627.95 蓝海华腾
300490 10.43 56931.96 华自科技
300491 11.98 20418.27 通合科技
300494 13.85 30890.0 盛天网络
300499 9.78 99094.23 高澜股份
300502 21.37 91080.2 新易盛
300504 15.58 28303.86 天邑股份
300505 22.48 65390.56 川金诺
300506 6.49 83182.52 名家汇
300507 5.99 101553.75 苏奥传感
300510 4.31 104700.34 金冠股份
300513 10.23 46876.68 恒实科技
300514 9.06 22646.0 友讯达
300521 10.03 21343.0 爱司凯
300532 13.16 54775.72 今天国际
300533 26.74 32438.41 冰川网络
300540 16.49 17470.0 蜀道装备
300542 10.72 54032.85 新晨科技
300543 8.76 21990.72 朗科智能
300546 19.0 42093.67 雄帝科技
300554 20.04 36690.26 三超新材
300556 16.59 13840.5 丝路视觉
300559 8.16 47847.0 佳发教育
300561 8.7 19803.27 汇金科技
300571 28.93 15051.0 平治信息
300578 13.78 20522.52 会畅通讯
300582 11.69 32859.25 英飞特
300585 12.85 18287.0 奥联电子
300588 9.06 22826.0 熙菱信息
300590 10.78 64931.2 移为通信
300592 13.8 36987.26 华凯易佰
300597 7.45 23977.62 吉大通信
300603 9.17 77428.96 立昂技术
300605 11.25 15079.62 恒锋信息
300607 12.0 41550.28 拓斯达
300608 7.41 57922.65 思特奇
300609 12.68 24543.87 汇纳科技
300610 14.83 37982.5 晨化股份
300611 8.4 34203.96 美力科技
300624 26.03 13895.8 万兴科技
300647 8.35 81490.41 超频三
300660 25.14 46768.48 江苏雷利
300663 13.23 104052.68 科蓝软件
300665 7.66 19323.23 飞鹿股份
300681 48.3 24508.15 英搏尔
300684 14.68 197059.7 中石科技
300689 15.82 19038.41 澄天伟业
300692 6.56 41859.07 中环环保
300698 23.78 21269.0 万马科技
300706 20.54 24423.24 阿石创
300707 16.98 26528.76 威唐工业
300708 9.48 63017.99 聚灿光电
300712 46.14 37105.5 永福股份
300713 12.85 10374.0 英可瑞
300727 27.94 21550.0 润禾材料
300730 8.89 60875.5 科创信息
300738 8.3 68455.23 奥飞数据
300752 18.66 54153.28 隆利科技
300762 10.79 83640.24 上海瀚讯
300766 9.76 43056.69 每日互动
300769 286.0 33539.77 德方纳米
300771 13.9 32611.34 智莱科技
300774 11.91 36103.7 倍杰特
300775 36.8 55222.43 三角防务
300780 13.82 15620.48 德恩精工
300803 44.02 49327.0 指南针
300807 19.85 8485.0 天迈科技
300809 19.1 31657.36 华辰装备
300816 22.14 7036.0 艾可蓝
300817 13.52 6298.71 双飞股份
300821 13.48 78067.89 东岳硅材
300823 16.54 4115.04 建科机械
300827 50.4 95346.49 上能电气
300828 14.94 27876.13 锐新科技
300835 28.76 26850.02 龙磁科技
300836 21.2 5745.3 佰奥智能
300837 42.34 7128.06 浙矿股份
300843 16.79 11179.03 胜蓝股份
300844 23.34 2453.66 山水比德
300848 22.86 19945.14 美瑞新材
300854 16.95 7671.08 中兰环保
300858 23.77 7747.97 科拓生物
300864 17.2 6409.13 南大环境
300867 17.64 15547.14 圣元环保
300880 13.88 9887.53 迦南智能
300881 29.74 29157.06 盛德鑫泰
300885 9.24 14916.16 海昌新材
300895 23.16 23685.6 铜牛信息
300907 18.42 7170.17 康平科技
300912 12.97 6966.73 凯龙高科
300921 16.89 20212.8 南凌科技
300922 14.36 16383.58 天秦装备
300925 9.72 38316.41 法本信息
300926 26.11 24358.62 博俊科技
300927 14.72 8675.91 江天化学
300928 44.0 14098.0 华安鑫创
300931 6.77 13087.0 通用电梯
300933 7.76 26186.97 中辰股份
300936 23.28 5972.06 中英科技
300939 30.02 10052.5 秋田微
300940 18.6 21187.26 南极光
300941 18.09 26412.28 创识科技
300943 13.15 29652.61 春晖智控
300945 12.64 18723.02 曼卡龙
300946 29.89 9265.78 恒而达
300949 30.67 3360.61 奥雅股份
300953 92.18 12857.66 震裕科技
300959 26.94 5836.39 线上线下
300960 16.99 5479.74 通业科技
300969 71.7 11246.51 恒帅股份
300975 6.41 39951.54 商络电子
300978 12.55 29764.26 东箭科技
300984 24.72 12748.94 金沃股份
300985 22.38 10935.41 致远新能
300988 20.59 23432.39 津荣天宇
300998 23.15 6717.02 宁波方正
301001 20.41 7642.0 凯淳股份
301003 23.44 5913.7 江苏博云
301007 11.48 18466.69 德迈仕
301010 18.88 17112.54 晶雪节能
301018 44.99 74203.25 申菱环境
301021 32.93 52911.67 英诺激光
301023 40.5 6747.2 江南奕帆
301025 9.34 25389.71 读客文化
301026 25.44 9737.87 浩通科技
301028 9.17 12238.58 东亚机械
301040 21.18 16710.65 中环海陆
301041 15.34 12350.57 金百泽
301046 28.89 19212.83 能辉科技
301048 8.22 27331.07 金鹰重工
301049 21.28 5772.68 超越科技
301050 73.54 26495.48 雷电微力
301056 7.59 8451.61 森赫股份
301065 33.08 3652.27 本立科技
301068 23.32 4993.72 大地海洋
301069 30.04 55146.89 凯盛新材
301072 23.57 9720.71 中捷精工
301082 16.73 20821.0 久盛电气
301083 11.31 11111.0 百胜智能
301085 26.22 8368.0 亚康股份
301090 10.1 47015.19 华润材料
301092 24.98 10549.87 争光股份
301095 95.07 42940.65 广立微
301099 61.2 6182.93 雅创电子
301106 27.64 4424.0 骏成科技
301107 28.21 4659.0 瑜欣电子
301112 30.8 12237.16 信邦智能
301118 34.04 7915.53 恒光股份
301119 27.0 12592.42 正强股份
301120 20.7 46504.13 新特电气
301123 21.8 17060.77 奕东电子
301126 14.29 15590.51 达嘉维康
301129 53.89 4029.0 瑞纳智能
301131 36.36 4219.0 聚赛龙
301132 25.28 26205.25 满坤科技
301133 21.87 7307.65 金钟股份
301138 26.3 7378.26 华研精机
301139 25.77 7920.18 元道通信
301149 12.29 17010.29 隆华新材
301150 69.91 8338.37 中一科技
301151 17.83 5976.45 冠龙节能
301159 23.76 4870.93 三维天地
301160 37.86 9067.35 翔楼新材
301163 28.95 13773.98 宏德股份
301169 28.1 11461.34 零点有数
301171 16.19 47335.77 易点天下
301175 6.02 94150.75 中科环保
301178 25.89 4725.29 天亿马
301179 38.82 13107.7 泽宇智能
301180 17.51 12629.7 万祥科技
301183 23.25 15342.46 东田微
301186 27.18 5222.89 超达装备
301188 14.63 5611.71 力诺特玻
301190 20.03 12155.82 善水科技
301192 20.47 15525.0 泰祥股份
301197 22.69 9031.61 工大科雅
301198 17.4 10147.36 喜悦智行
301200 42.05 7096.33 大族数控
301205 40.68 25309.66 联特科技
301206 33.8 9755.37 三元生物
301215 5.08 87234.3 中汽股份
301216 29.17 34227.12 万凯新材
301217 12.6 36571.36 铜冠铜箔
301218 19.61 11571.77 华是科技
301219 82.59 15568.7 腾远钴业
301221 43.0 10885.53 光庭信息
301222 25.44 9671.82 浙江恒威
301229 30.36 8735.86 纽泰格
301236 27.04 27748.26 软通动力
301238 26.78 81249.2 瑞泰新材
301248 25.43 8804.68 杰创智能
301256 8.0 30774.01 华融化学
301259 21.61 7844.0 艾布鲁
301269 96.94 98256.45 华大九天
301270 28.6 15401.11 汉仪股份
301276 24.46 12877.66 嘉曼服饰
301282 26.43 33458.73 金禄电子
301285 15.2 128602.96 鸿日达
301288 16.98 7498.64 清研环境
301289 43.67 3832.0 国缆检测
301302 53.11 8836.76 华如科技
301306 39.46 10733.13 西测测试
301309 27.28 18104.53 万得凯
301318 43.3 7529.07 维海德
301326 38.13 21691.78 捷邦科技
301328 60.95 18977.49 维峰电子
301330 31.73 22511.9 熵基科技
301338 49.25 12108.47 凯格精机
301339 14.59 62691.42 通行宝
301349 132.2 8029.25 信德新材
301366 48.7 22582.79 一博科技
600032 11.69 54323.02 浙江新能
600063 7.13 444329.59 皖维高新
600089 22.36 523686.72 特变电工
600105 3.39 168688.86 永鼎股份
600110 8.78 199790.73 诺德股份
600128 7.54 36890.05 弘业股份
600137 14.62 67310.02 浪莎股份
600157 1.68 4493573.0 永泰能源
600171 17.32 128415.59 上海贝岭
600202 4.69 67308.0 哈空调
600206 13.08 220329.31 有研新材
600207 6.22 109359.01 安彩高科
600212 7.57 117880.01 绿能慧充
600213 8.78 106663.08 亚星客车
600218 8.67 47307.96 全柴动力
600220 2.77 284315.19 江苏阳光
600235 5.15 42381.0 民丰特纸
600237 6.03 111994.03 铜峰电子
600243 3.87 51074.0 青海华鼎
600255 2.55 204796.0 鑫科材料
600259 39.05 52540.76 广晟有色
600268 7.84 90179.96 国电南自
600277 4.59 435515.41 亿利洁能
600283 12.22 43974.07 钱江水利
600312 7.17 159800.22 平高电气
600313 9.8 482160.5 农发种业
600318 6.2 103063.02 新力金融
600328 15.39 188378.86 中盐化工
600330 10.95 173922.0 天通股份
600335 7.59 119936.82 国机汽车
600345 14.84 20237.57 长江通信
600355 3.15 129168.52 精伦电子
600360 6.69 105565.87 华微电子
600362 15.84 231081.16 江西铜业
600366 10.92 121276.26 宁波韵升
600367 18.34 74113.46 红星发展
600371 11.88 72254.93 万向德农
600379 9.97 54135.0 宝光股份
600392 15.3 260557.03 盛和资源
600405 5.5 162438.64 动力源
600410 4.85 113272.51 华胜天成
600416 21.13 110798.99 湘电股份
600446 10.54 266348.56 金证股份
600458 8.61 88520.0 时代新材
600460 31.55 229046.77 士兰微
600467 2.48 190989.12 好当家
600470 6.45 89439.01 六国化工
600476 12.39 21214.97 湘邮科技
600477 4.23 595228.5 杭萧钢构
600487 20.04 632955.38 亨通光电
600501 10.62 66699.2 航天晨光
600502 5.1 329337.12 安徽建工
600520 10.64 119897.0 文一科技
600537 6.5 1356008.75 亿晶光电
600549 23.8 190061.84 厦门钨业
600558 3.22 153395.45 大西洋
600560 9.43 28154.0 金自天正
600562 13.52 72865.4 国睿科技
600571 7.33 59683.12 信雅达
600577 4.45 269156.75 精达股份
600580 12.18 151569.94 卧龙电驱
600584 21.32 191232.45 长电科技
600596 16.11 205825.17 新安股份
600619 5.96 128569.0 海立股份
600686 5.84 150873.44 金龙汽车
600703 17.59 584202.56 三安光电
600710 5.85 345259.72 苏美达
600722 5.21 144342.28 金牛化工
600731 7.24 64666.4 湖南海利
600768 8.94 13987.0 宁波富邦
600771 26.36 52825.51 广誉远
600773 18.28 130419.72 西藏城投
600775 10.53 84640.74 南京熊猫
600811 2.63 523086.72 东方集团
600821 6.36 218439.23 金开新能
600860 13.82 75420.45 京城股份
600880 4.57 140688.69 博瑞传播
600888 8.09 262569.47 新疆众和
600909 4.96 1100642.25 华安证券
600927 16.61 28281.59 永安期货
600929 8.39 147413.98 雪天盐业
600962 10.45 58915.31 国投中鲁
600975 8.12 225307.53 新五丰
600988 21.0 335920.5 赤峰黄金
