000008 2.46 275315.75 神州高铁
000010 3.68 156634.06 美丽生态
000049 55.19 161625.81 德赛电池
000096 9.2 59167.01 广聚能源
000159 9.38 186182.23 国际实业
000415 2.32 435271.41 渤海租赁
000420 4.58 360740.97 吉林化纤
000506 3.32 239726.36 中润资源
000507 5.93 232880.28 珠海港
000554 6.03 228915.05 泰山石油
000565 7.33 75659.0 渝三峡A
000572 5.38 296595.03 海马汽车
000582 7.89 193541.58 北部湾港
000605 7.02 142689.98 渤海股份
000608 2.94 110572.01 阳光股份
000633 8.9 103669.88 合金投资
000657 13.02 160830.23 中钨高新
000677 3.2 146323.81 恒天海龙
000679 5.12 75854.65 大连友谊
000680 4.72 232512.59 山推股份
000692 4.58 203799.81 惠天热电
000698 4.57 125372.55 沈阳化工
000722 14.69 210212.45 湖南发展
000726 8.17 120000.56 鲁泰A
000731 9.93 327791.75 四川美丰
000737 5.77 81741.01 北方铜业
000753 4.04 127845.12 漳州发展
000755 5.56 231971.0 山西路桥
000791 5.75 221593.69 甘肃电投
000811 13.09 375179.03 冰轮环境
000826 3.81 327807.12 启迪环境
000852 7.4 236669.41 石化机械
000886 4.77 319026.0 海南高速
000897 2.48 359108.0 津滨发展
000905 8.39 119393.14 厦门港务
000909 11.78 989314.75 数源科技
000919 7.62 57353.0 金陵药业
000935 22.16 96225.74 四川双马
000948 13.77 332235.34 南天信息
000993 12.33 98909.46 闽东电力
002017 13.59 200009.2 东信和平
002039 14.85 95686.42 黔源电力
002051 8.36 113811.17 中工国际
002053 12.48 92337.16 云南能投
002077 15.75 1059891.88 大港股份
002112 12.74 706666.5 三变科技
002116 10.02 224278.69 中国海诚
002130 7.4 399910.88 沃尔核材
002133 3.46 127482.71 广宇集团
002158 24.8 68201.87 汉钟精机
002205 13.26 550925.62 国统股份
002209 8.97 152248.98 达意隆
002215 6.27 193695.28 诺普信
002223 28.68 157807.66 鱼跃医疗
002255 6.06 436269.0 海陆重工
002256 2.86 367431.62 兆新股份
002278 5.74 150418.14 神开股份
002285 3.1 506368.09 世联行
002295 7.78 68784.84 精艺股份
002299 22.69 157844.75 圣农发展
002306 4.32 551480.06 中科云网
002323 4.28 570703.38 雅博股份
002342 4.43 496316.12 巨力索具
002357 6.34 217423.59 富临运业
002377 3.1 210892.0 国创高新
002392 4.17 127884.0 北京利尔
002395 10.74 118210.15 双象股份
002409 66.2 74663.97 雅克科技
002442 5.67 71977.0 龙星化工
002444 23.75 236134.48 巨星科技
002448 7.06 117759.48 中原内配
002474 6.22 116206.82 榕基软件
002480 5.56 150783.98 新筑股份
002488 8.01 468496.88 金固股份
002492 6.2 117685.97 恒基达鑫
002526 2.53 393126.03 山东矿机
002551 4.33 114724.75 尚荣医疗
002554 4.57 1911582.38 惠博普
002562 6.33 217098.59 兄弟科技
002609 7.32 68124.85 捷顺科技
002610 3.66 924987.81 爱康科技
002652 3.05 146546.28 扬子新材
002658 8.38 207430.27 雪迪龙
002671 4.78 88348.0 龙泉股份
002691 6.07 340903.16 冀凯股份
002718 15.4 19809.0 友邦吊顶
002758 12.95 99865.27 浙农股份
002778 13.4 59866.22 中晟高科
002807 4.54 256153.8 江阴银行
002808 8.0 62630.52 恒久科技
002823 11.62 222130.56 凯中精密
002837 31.58 116250.86 英维克
002849 12.55 70253.2 威星智能
002889 24.02 14123.8 东方嘉盛
002893 10.08 89000.0 华通热力
002900 12.95 41012.0 哈三联
002941 14.93 322200.16 新疆交建
002971 22.0 41815.88 和远气体
002999 7.35 154537.8 天禾股份
300030 7.09 32766.5 阳普医疗
300035 26.77 179739.42 中科电气
300084 5.36 218584.0 海默科技
300105 6.89 152976.91 龙源技术
300152 3.88 272383.47 新动力
300164 4.97 432045.72 通源石油
300172 5.36 130373.26 中电环保
300179 14.98 121315.04 四方达
300208 10.51 151060.77 青岛中程
300262 3.15 80271.54 巴安水务
300284 6.93 227765.05 苏交科
300286 28.45 17382.68 安科瑞
300311 6.68 384748.09 任子行
300395 59.0 50056.06 菲利华
300471 15.65 110563.42 厚普股份
300481 38.24 170452.69 濮阳惠成
300507 7.41 144648.44 苏奥传感
300553 39.22 10192.2 集智股份
300554 24.94 75586.94 三超新材
300596 56.59 50226.25 利安隆
300618 50.6 40809.23 寒锐钴业
300619 74.55 13092.62 金银河
300645 21.64 23470.3 正元智慧
300653 50.7 33583.52 正海生物
300655 18.26 151618.36 晶瑞电材
300668 20.65 10246.5 杰恩设计
300699 79.8 90059.41 光威复材
300709 32.8 62510.52 精研科技
300710 35.55 31757.48 万隆光电
300732 10.45 81897.91 设研院
300779 16.0 26336.0 惠城环保
300789 22.85 15809.32 唐源电气
300796 17.98 19615.0 贝斯美
300833 116.38 9463.2 浩洋股份
300838 15.69 12362.06 浙江力诺
300839 14.37 32372.53 博汇股份
300842 64.01 38791.07 帝科股份
300905 18.94 11921.78 宝丽迪
300926 25.56 48043.15 博俊科技
300936 27.79 22563.22 中英科技
300952 17.58 14777.99 恒辉安防
300983 33.72 10705.84 尤安设计
300990 92.6 24257.86 同飞股份
300992 23.92 20921.17 泰福泵业
300994 25.08 25169.9 久祺股份
301018 41.78 75204.46 申菱环境
301021 36.45 118888.3 英诺激光
301027 17.36 73888.53 华蓝集团
301038 16.8 24636.04 深水规院
301040 24.43 21531.79 中环海陆
301069 37.35 25292.05 凯盛新材
301090 11.6 87788.03 华润材料
301113 40.9 20186.95 雅艺科技
301127 12.46 182288.28 天源环保
301149 14.7 30334.78 隆华新材
301158 21.26 62131.93 德石股份
301187 20.45 35319.07 欧圣电气
301234 33.27 22494.85 五洲医疗
600021 9.94 462719.44 上海电力
600027 5.86 904635.88 华电国际
600082 3.46 170653.0 海泰发展
600098 6.0 321494.31 广州发展
600108 3.65 497659.34 亚盛集团
600113 7.57 217965.39 浙江东日
600125 5.46 329280.69 铁龙物流
600149 5.81 76876.02 廊坊发展
600156 5.18 88554.01 华升股份
600157 1.79 6466475.0 永泰能源
600160 16.18 284323.94 巨化股份
600216 14.74 234645.03 浙江医药
600249 5.2 76989.0 两面针
600278 7.56 80879.42 东方创业
600279 4.55 100936.5 重庆港
600319 6.46 45276.0 亚星化学
600321 2.01 393357.0 正源股份
600322 2.11 328956.16 天房发展
600339 3.08 846670.56 中油工程
600353 12.98 109337.0 旭光电子
600368 3.99 216411.02 五洲交通
600370 3.24 258800.5 三房巷
600387 7.71 147454.53 海越能源
600396 3.02 173925.0 金山股份
600397 3.47 354199.0 安源煤业
600478 8.62 280135.66 科力远
600505 8.96 86817.0 西昌电力
600506 12.0 39934.0 香梨股份
600533 3.58 426855.03 栖霞建设
600558 3.67 171707.59 大西洋
600581 4.49 306169.75 八一钢铁
600665 3.45 149366.03 天地源
600668 12.52 88587.51 尖峰集团
600681 5.01 137845.34 百川能源
600685 22.71 117581.27 中船防务
600689 9.25 99944.0 上海三毛
600698 4.98 162673.05 湖南天雁
600716 5.19 161920.27 凤凰股份
600744 4.76 101543.15 华银电力
600784 8.08 129698.82 鲁银投资
600794 3.91 186220.05 保税科技
600798 4.25 355859.66 宁波海运
600821 7.55 558074.88 金开新能
600844 3.43 94770.08 丹化科技
600883 8.19 36905.22 博闻科技
600889 5.4 51039.0 南京化纤
600903 8.7 222065.8 贵州燃气
600916 14.15 282567.16 中国黄金
600968 2.88 1652469.62 海油发展
600969 9.0 64238.43 郴电国际
600979 3.62 403005.88 广安爱众
600982 5.13 243471.0 宁波能源
