000638 5.88 58948.08 万方发展
000815 16.0 2051828.38 美利云
002015 17.57 315767.19 协鑫能科
002332 11.2 318821.31 仙琚制药
002354 5.24 1396263.62 天娱数科
002603 26.29 788872.56 以岭药业
002741 20.84 119571.6 光华科技
300071 2.66 142918.84 福石控股
300122 128.35 114421.12 智飞生物
300172 5.6 749664.25 中电环保
300329 10.98 276411.19 海伦钢琴
300402 27.5 122999.63 宝色股份
300518 52.34 26597.74 盛讯达
300957 169.4 23393.03 贝泰妮
300972 15.62 99660.12 万辰生物
301009 19.62 83536.5 可靠股份
301093 48.4 29063.67 华兰股份
301101 48.21 23894.25 明月镜片
301179 50.24 34867.17 泽宇智能
600083 10.94 69716.36 博信股份
600200 7.24 250727.84 江苏吴中
600358 6.72 716191.44 国旅联合
600510 12.38 1731028.88 黑牡丹
600818 12.88 93173.95 中路股份
