000023 14.98 69320.19 深天地A
000070 7.14 338998.31 特发信息
000501 10.51 206518.62 武商集团
000568 195.39 205415.52 泸州老窖
000607 5.16 448866.28 华媒控股
000638 7.86 433973.84 万方发展
000715 5.6 146101.81 中兴商业
000802 4.56 209376.95 北京文化
000933 17.19 572168.06 神火股份
000977 22.91 265879.81 浪潮信息
002009 16.12 117823.95 天奇股份
002186 10.32 140503.0 全聚德
002212 11.51 239143.0 天融信
002254 20.82 91257.68 泰和新材
002268 37.1 304543.28 电科网安
002290 10.09 86465.0 禾盛新材
002291 15.12 284719.16 遥望科技
002385 9.58 965450.75 大北农
002402 15.8 107858.38 和而泰
002438 11.99 88187.12 江苏神通
002468 10.55 415027.03 申通快递
002531 14.73 429068.09 天顺风能
002560 7.43 196664.08 通达股份
002621 4.21 535507.88 美吉姆
002634 11.7 174681.28 棒杰股份
002719 8.11 97911.14 麦趣尔
002747 23.11 237754.88 埃斯顿
002782 18.55 131188.55 可立克
002800 21.76 168384.2 天顺股份
002812 130.17 174907.64 恩捷股份
002868 45.8 44184.78 绿康生化
002891 22.98 90219.81 中宠股份
002906 36.1 127499.32 华阳集团
002920 113.6 87737.18 德赛西威
002979 24.36 91737.46 雷赛智能
300005 8.42 138288.31 探路者
300132 7.68 185183.44 青松股份
300203 33.4 80612.98 聚光科技
300251 8.63 376814.62 光线传媒
300354 37.85 10771.02 东华测试
300407 8.12 30729.0 凯发电气
300409 16.71 253643.02 道氏技术
300443 40.07 48214.09 金雷股份
300451 8.46 427767.0 创业慧康
300525 20.25 89014.08 博思软件
300586 21.11 271491.81 美联新材
300597 8.36 38736.0 吉大通信
300636 15.89 76563.59 同和药业
300669 8.74 32473.41 沪宁股份
300686 17.88 201015.7 智动力
300687 32.57 113380.17 赛意信息
300693 56.53 98891.76 盛弘股份
300699 72.7 67200.69 光威复材
300769 235.13 33649.75 德方纳米
300793 18.04 129605.8 佳禾智能
300797 16.52 32130.0 钢研纳克
300806 26.86 40464.04 斯迪克
300808 14.86 16296.0 久量股份
300831 15.99 54792.0 派瑞股份
300855 46.9 20570.56 图南股份
300896 497.25 28786.03 爱美客
300953 86.97 10394.79 震裕科技
300970 18.07 27150.1 华绿生物
301155 97.22 27145.4 海力风电
301206 38.78 18415.56 三元生物
301308 71.57 48306.46 江波龙
600038 49.22 125813.96 中直股份
600058 9.5 193955.45 五矿发展
600105 3.7 383998.34 永鼎股份
600109 9.36 907642.06 国金证券
600131 17.22 107312.39 国网信通
600189 6.44 121744.1 泉阳泉
600202 5.49 89234.0 哈空调
600266 5.17 2671279.75 城建发展
600298 45.39 121541.3 安琪酵母
600399 15.4 262647.06 抚顺特钢
600523 19.75 45247.73 贵航股份
600537 6.42 561584.81 亿晶光电
600573 10.24 115948.81 惠泉啤酒
600588 23.38 471257.41 用友网络
600600 104.6 90436.7 青岛啤酒
600602 7.11 373516.06 云赛智联
600610 16.42 68651.13 中毅达
600662 5.52 117482.0 外服控股
600745 56.75 326121.31 闻泰科技
600872 38.23 205132.94 中炬高新
