000058 5.7 172985.77 深赛格
000423 34.78 139461.47 东阿阿胶
000516 9.53 349394.56 国际医学
000558 2.89 319232.03 莱茵体育
000607 5.07 479153.72 华媒控股
000661 191.68 113867.26 长春高新
000676 5.67 379946.62 智度股份
000711 2.81 201576.84 京蓝科技
000863 3.21 429790.56 三湘印象
000965 5.91 1115052.62 天保基建
002044 5.31 721402.94 美年健康
002047 3.1 228585.48 宝鹰股份
002067 3.79 263411.62 景兴纸业
002093 5.77 217346.44 国脉科技
002119 10.77 137977.48 康强电子
002123 10.43 118705.85 梦网科技
002159 10.34 29874.0 三特索道
002168 3.28 92706.74 惠程科技
002174 9.48 253365.16 游族网络
002234 17.28 249642.55 民和股份
002235 4.91 454637.44 安妮股份
002279 4.48 148409.59 久其软件
002301 6.11 118082.3 齐心集团
002308 3.8 173240.08 威创股份
002315 14.54 47821.8 焦点科技
002348 2.07 478114.03 高乐股份
002389 18.18 219470.16 航天彩虹
002424 7.42 534180.62 贵州百灵
002443 9.52 664044.44 金洲管道
002445 2.45 1012678.88 中南文化
002483 6.05 152090.31 润邦股份
002491 4.89 242081.09 通鼎互联
002518 27.24 237435.48 科士达
002555 22.86 607439.19 三七互娱
002582 7.6 215100.69 好想你
002603 22.87 793104.19 以岭药业
002605 16.54 95105.01 姚记科技
002627 5.64 141120.34 三峡旅游
002635 14.47 196266.48 安洁科技
002712 4.29 94151.5 思美传媒
002737 15.23 122390.72 葵花药业
002762 7.87 99995.14 金发拉比
002773 14.68 69615.01 康弘药业
002786 6.42 340553.75 银宝山新
002796 7.47 27880.74 世嘉科技
002806 13.8 345442.84 华锋股份
002887 9.0 81154.7 绿茵生态
002937 16.77 50359.81 兴瑞科技
002940 39.82 25198.0 昂利康
002955 20.6 39361.28 鸿合科技
002975 35.42 13060.0 博杰股份
002990 24.92 26297.78 盛视科技
300007 16.91 206203.42 汉威科技
300017 5.33 541325.81 网宿科技
300025 4.38 147254.11 华星创业
300031 15.68 263209.56 宝通科技
300043 2.99 360380.62 星辉娱乐
300046 18.46 140921.81 台基股份
300049 13.02 174284.08 福瑞股份
300071 3.18 368910.25 福石控股
300074 3.67 177847.0 华平股份
300076 4.55 57559.04 GQY视讯
300113 10.89 150046.05 顺网科技
300115 9.74 416351.19 长盈精密
300118 29.22 817576.62 东方日升
300120 6.75 56016.48 经纬辉开
300132 6.31 147769.0 青松股份
300133 4.57 452876.72 华策影视
300134 7.67 86125.75 大富科技
300147 5.69 219268.94 香雪制药
300183 13.34 63187.91 东软载波
300248 10.22 346726.41 新开普
300249 10.02 554264.0 依米康
300262 2.94 102397.0 巴安水务
300288 10.22 77304.0 朗玛信息
300292 3.44 373183.62 吴通控股
300294 32.92 80136.77 博雅生物
300295 9.56 174511.41 三六五网
300300 4.07 170802.56 海峡创新
300303 4.52 444934.19 聚飞光电
300306 10.86 127810.02 远方信息
300311 6.61 370931.38 任子行
300319 8.93 282734.47 麦捷科技
300326 7.86 166238.09 凯利泰
300331 16.99 64685.01 苏大维格
300344 4.27 112732.4 立方数科
300346 32.19 296368.03 南大光电
300414 8.28 38363.4 中光防雷
300419 5.25 65782.0 浩丰科技
300449 4.97 70774.4 汉邦高科
300454 104.5 39220.18 深信服
300458 21.93 369973.81 全志科技
300464 6.24 122917.5 星徽股份
300467 12.06 77711.0 迅游科技
300487 58.31 38264.59 蓝晓科技
300494 14.27 129513.45 盛天网络
300508 21.87 15388.91 维宏股份
300520 16.07 64826.16 科大国创
300545 17.19 61481.0 联得装备
300562 9.5 32905.2 乐心医疗
300571 40.63 45027.99 平治信息
300584 31.27 73654.29 海辰药业
300590 17.69 69092.41 移为通信
300597 8.2 85279.0 吉大通信
300613 67.3 87129.92 富瀚微
300624 31.88 68879.51 万兴科技
300630 28.42 72070.52 普利制药
300640 5.67 81343.6 德艺文创
300659 20.52 28155.82 中孚信息
300688 20.68 266776.66 创业黑马
300702 35.75 34026.44 天宇股份
300706 21.1 32235.03 阿石创
300708 12.41 426081.41 聚灿光电
300726 56.64 28280.11 宏达电子
300766 11.93 107956.0 每日互动
300770 37.73 47976.51 新媒股份
300785 28.05 31955.53 值得买
300788 21.11 42027.61 中信出版
300805 8.11 53533.0 电声股份
300813 41.1 18475.93 泰林生物
300824 10.57 26293.0 北鼎股份
300843 23.53 40956.72 胜蓝股份
300845 13.38 17490.8 捷安高科
300879 26.85 81810.59 大叶股份
300892 27.01 15948.29 品渥食品
300908 35.71 12268.73 仲景食品
300911 60.96 16840.95 亿田智能
300915 40.56 5811.96 海融科技
300921 19.39 42848.51 南凌科技
300929 13.22 40313.66 华骐环保
300945 16.33 152523.56 曼卡龙
300947 31.39 21212.26 德必集团
300949 37.92 15660.44 奥雅股份
300964 29.99 6140.8 本川智能
300990 52.0 15962.06 同飞股份
300996 25.17 29340.5 普联软件
301009 13.0 35110.95 可靠股份
301025 13.65 66182.92 读客文化
301041 19.29 17826.05 金百泽
301085 32.4 31915.28 亚康股份
301096 73.2 12281.96 百诚医药
301110 43.94 19530.3 青木股份
301187 23.6 75753.55 欧圣电气
301193 26.9 21840.18 家联科技
301200 56.79 44873.91 大族数控
301257 50.48 24469.31 普蕊斯
301263 24.55 73632.23 泰恩康
600085 51.3 156026.94 同仁堂
600116 10.95 435215.94 三峡水利
600211 39.65 52970.99 西藏药业
600235 5.55 156281.8 民丰特纸
600360 7.27 270508.91 华微电子
600363 21.74 136798.28 联创光电
600455 20.06 36198.05 博通股份
600576 5.32 64732.5 祥源文旅
600613 5.82 104487.07 神奇制药
600615 7.77 19200.37 丰华股份
600633 7.25 361764.16 浙数文化
600636 8.21 222554.39 国新文化
600645 19.36 64118.29 中源协和
600703 22.15 1333879.88 三安光电
600730 6.17 238755.53 中国高科
600745 68.8 258011.44 闻泰科技
600771 30.68 184469.47 广誉远
600797 5.8 269772.66 浙大网新
600814 6.71 133180.44 杭州解百
600916 11.21 532279.12 中国黄金
600965 7.13 237139.48 福成股份
