000516 12.05 914787.44 国际医学 6.64
000607 5.13 1079748.5 华媒控股 3.22
000788 9.43 780912.06 北大医药 3.63
002104 9.05 1008442.88 恒宝股份 2.61
002238 7.08 402591.75 天威视讯 3.36
002289 8.95 126654.15 宇顺电子 5.79
002330 6.84 347505.31 得利斯 1.79
002396 22.24 439236.38 星网锐捷 2.77
002517 7.25 1799674.25 恺英网络 3.57
002583 5.87 486108.81 海能达 3.71
002762 7.74 197462.64 金发拉比 3.48
002878 19.27 177373.45 元隆雅图 2.5
002940 33.69 60082.23 昂利康 0.72
300094 5.81 806124.0 国联水产 0.34
300205 13.06 324442.91 天喻信息 0.46
300247 4.03 899615.19 融捷健康 1.26
300417 11.42 42429.96 南华仪器 0.97
300550 15.56 69713.91 和仁科技 4.36
300570 17.23 76077.36 太辰光 0.76
300654 10.31 41083.74 世纪天鸿 2.28
300683 42.41 19680.0 海特生物 2.59
300687 29.58 181160.69 赛意信息 1.37
300908 37.75 28935.82 仲景食品 3.88
300915 38.88 9477.76 海融科技 1.28
301062 9.57 62289.35 上海艾录 4.02
600774 12.79 136713.38 汉商集团 3.15
