000153 9.48 311263.88 丰原药业 3.04
000566 4.77 336194.31 海南海药 1.49
000650 6.64 1196285.0 仁和药业 2.0
000668 13.68 48757.0 荣丰控股 2.01
002336 7.59 152404.56 人人乐 2.43
002446 10.98 672021.12 盛路通信 5.37
002717 2.99 547826.94 岭南股份 4.18
300022 5.19 356632.84 吉峰科技 2.17
300039 6.5 913847.38 上海凯宝 4.0
300055 9.55 124199.26 万邦达 0.74
300149 11.28 255364.12 睿智医药 3.68
300254 7.7 255094.27 仟源医药 3.77
300267 3.38 374626.28 尔康制药 0.59
300434 9.18 124878.0 金石亚药 1.89
300485 12.91 177575.98 赛升药业 3.28
300876 30.75 38412.07 蒙泰高新 0.36
301005 23.28 25756.84 超捷股份 6.01
301030 39.95 101079.46 仕净科技 3.98
301129 76.57 11034.32 瑞纳智能 1.5
600351 6.56 498554.94 亚宝药业 2.34
600576 6.43 218978.45 祥源文旅 3.71
600782 3.92 524896.19 新钢股份 1.29
