000046 1.91 1592982.12 泛海控股
000069 6.63 1005056.56 华侨城A
000402 5.8 370341.44 金融街
000635 9.3 105441.57 英力特
000637 5.28 285062.44 茂化实华
000656 4.7 2529888.5 金科股份
000818 38.0 150601.91 航锦科技
000820 3.51 68636.0 神雾节能
000922 9.01 77820.2 佳电股份
000962 10.08 58064.16 东方钽业
000999 37.74 180916.88 华润三九
002138 26.66 84123.21 顺络电子
002141 5.28 161029.56 贤丰控股
002396 23.03 196999.52 星网锐捷
002491 4.87 136434.23 通鼎互联
002517 5.12 426840.84 恺英网络
002537 12.39 3672428.5 海联金汇
002560 5.86 122827.0 通达股份
002602 6.33 678995.19 世纪华通
002605 20.42 84387.2 姚记科技
002629 4.47 1035396.0 仁智股份
002630 2.41 538543.0 华西能源
002662 3.72 339061.91 京威股份
002801 22.19 33796.85 微光股份
002806 11.8 34202.6 华锋股份
002870 36.33 19534.0 香山股份
002937 17.15 63919.69 兴瑞科技
300007 20.24 114888.9 汉威科技
300043 3.31 426691.69 星辉娱乐
300322 10.95 79089.74 硕贝德
300506 6.54 167045.42 名家汇
300542 16.26 351244.88 新晨科技
300555 8.63 65898.0 路通视信
300570 15.26 37841.84 太辰光
300650 26.85 36654.13 太龙股份
300651 35.96 70286.31 金陵体育
300696 51.74 40265.28 爱乐达
300739 14.93 38392.56 明阳电路
300787 28.6 31431.0 海能实业
300911 53.96 17185.36 亿田智能
600053 18.36 67526.41 九鼎投资
600082 3.57 336984.72 海泰发展
600084 4.57 123381.01 中葡股份
600116 11.5 270101.78 三峡水利
600372 19.6 275063.0 中航电子
600483 11.39 207928.55 福能股份
600605 9.09 20813.79 汇通能源
600684 4.62 1676538.0 珠江股份
600766 5.9 88225.47 园城黄金
600841 11.03 64464.05 动力新科
