000422 21.47 1136558.38 湖北宜化
000510 6.96 514573.19 新金路
000576 11.7 71195.01 甘化科工
000626 21.02 91092.36 远大控股
000707 10.0 143560.31 双环科技
000795 8.79 1510250.88 英洛华
000821 12.18 178631.84 京山轻机
000828 11.99 228875.92 东莞控股
000830 16.66 563087.75 鲁西化工
002049 209.51 90034.83 紫光国微
002109 5.94 180381.52 兴化股份
002170 6.54 562223.25 芭田股份
002312 12.87 465727.25 川发龙蟒
002386 12.44 539766.5 天原股份
002407 46.0 454316.44 多氟多
002408 9.73 290269.25 齐翔腾达
002459 86.52 144033.08 晶澳科技
002759 28.7 187505.52 天际股份
002865 71.49 45486.64 钧达股份
002895 25.75 123995.76 川恒股份
002997 19.4 173809.98 瑞鹄模具
300011 7.56 225898.56 鼎汉技术
300184 6.57 451442.19 力源信息
300214 8.51 100687.0 日科化学
300331 27.78 35566.61 苏大维格
300428 24.04 151844.09 立中集团
300437 28.38 489033.31 清水源
300438 45.6 261558.09 鹏辉能源
300457 27.2 117435.33 赢合科技
300484 14.42 54115.0 蓝海华腾
300503 12.83 80043.5 昊志机电
300505 33.0 148971.12 川金诺
300594 20.8 58917.0 朗进科技
300618 78.15 64125.76 寒锐钴业
300651 32.3 25318.5 金陵体育
300661 340.82 22253.72 圣邦股份
300699 73.29 61127.29 光威复材
300709 48.58 26061.98 精研科技
300751 510.0 15894.64 迈为股份
300772 38.56 73230.11 运达股份
300777 51.36 70474.15 中简科技
300787 29.72 33924.7 海能实业
300825 26.87 53186.11 阿尔特
300835 63.1 30617.0 龙磁科技
301029 83.36 6186.53 怡合达
301035 71.23 18150.26 润丰股份
301206 113.02 46656.6 三元生物
600199 23.68 1369341.25 金种子酒
600316 32.58 140502.3 洪都航空
600328 17.99 430888.16 中盐化工
600460 55.5 489230.69 士兰微
600470 7.34 348691.0 六国化工
600549 21.93 244732.34 厦门钨业
600610 13.96 93408.0 中毅达
