000040 3.06 218221.41 东旭蓝天 3.03
000720 5.72 261757.91 新能泰山 5.15
000767 3.21 664502.94 晋控电力 1.91
002188 5.92 70655.65 中天服务 4.96
002438 13.9 63532.0 江苏神通 3.04
002455 10.1 179871.92 百川股份 3.48
002506 3.39 1298147.12 协鑫集成 2.42
002576 10.63 70480.87 通达动力 2.9
002606 8.29 292415.19 大连电瓷 4.01
002660 7.01 115671.0 茂硕电源 5.25
002806 11.07 69366.55 华锋股份 3.56
002881 39.2 58908.2 美格智能 6.29
002909 6.33 25147.68 集泰股份 3.26
300421 9.77 329377.47 力星股份 7.48
300489 15.59 37692.5 光智科技 4.56
300490 11.99 182890.81 华自科技 2.57
300529 44.19 55501.18 健帆生物 3.1
300530 32.39 9406.0 达志科技 6.72
300648 31.45 51772.38 星云股份 4.45
300795 21.51 20706.0 米奥会展 2.58
300801 22.86 67321.2 泰和科技 4.62
300920 22.15 4523.0 润阳科技 0.73
301057 23.99 30105.23 汇隆新材 4.53
301237 36.29 16878.08 和顺科技 1.71
600083 10.43 40653.0 博信股份 4.4
600186 2.48 291180.94 莲花健康 2.06
600213 7.91 203012.58 亚星客车 4.91
600268 7.88 182294.62 国电南自 3.55
600280 2.68 335621.69 中央商场 1.51
600330 9.88 341829.28 天通股份 5.89
600405 5.24 122157.48 动力源 2.75
600483 12.85 223943.33 福能股份 1.1
600586 6.37 276843.41 金晶科技 3.41
600686 6.14 431415.12 金龙汽车 1.99
600968 2.61 545091.56 海油发展 1.95
