000023 14.25 72060.74 深天地A 4.01
000524 10.24 275765.03 岭南控股 7.11
000548 4.93 290085.19 湖南投资 2.07
000610 11.29 622899.81 西安旅游 5.51
000679 5.2 99582.67 大连友谊 4.0
000716 4.94 1268365.25 黑芝麻 3.35
000759 5.43 469410.09 中百集团 3.23
000802 4.4 160554.05 北京文化 3.53
002251 6.21 807092.88 步步高 4.37
002269 1.85 731693.81 美邦服饰 1.65
002343 5.66 218860.41 慈文传媒 3.29
002419 5.7 202558.06 天虹股份 2.89
002682 4.57 237921.95 龙洲股份 0.44
002739 13.19 633158.56 万达电影 7.24
002761 24.9 623218.19 浙江建投 3.62
002928 12.59 121078.71 华夏航空 5.36
300144 14.12 690546.0 宋城演艺 7.05
300251 8.12 280948.53 光线传媒 6.7
301102 31.0 18782.8 兆讯传媒 3.61
301211 26.82 161019.98 亨迪药业 5.01
301231 23.29 25046.09 荣信文化 1.26
600004 14.5 481545.66 白云机场 4.47
600009 55.53 309950.47 上海机场 3.99
600185 6.83 945569.5 格力地产 3.8
600258 23.48 215450.91 首旅酒店 4.87
600298 43.08 97685.54 安琪酵母 2.91
600318 7.54 424330.91 新力金融 1.48
600693 4.15 166708.39 东百集团 2.72
600754 55.06 162611.11 锦江酒店 5.38
600977 13.2 514946.16 中国电影 7.75
