000411 10.91 101567.58 英特集团
000425 5.55 1147627.5 徐工机械
000428 4.45 724048.62 华天酒店
000518 3.34 258478.8 四环生物
000548 4.61 232166.66 湖南投资
000566 4.67 232192.59 海南海药
000663 7.17 61105.27 永安林业
000705 8.34 118902.62 浙江震元
000715 5.38 131564.59 中兴商业
000766 5.4 191544.09 通化金马
000788 8.15 465042.31 北大医药
000965 5.38 565138.38 天保基建
000966 6.49 575234.88 长源电力
002035 6.37 503069.69 华帝股份
002051 8.75 165889.05 中工国际
002063 6.75 571878.12 远光软件
002077 7.88 773616.5 大港股份
002131 2.08 2394135.0 利欧股份
002166 13.59 526608.75 莱茵生物
002184 13.54 267526.69 海得控制
002188 6.35 143296.12 中天服务
002205 12.11 144251.55 国统股份
002242 19.1 111564.4 九阳股份
002325 2.54 1542769.25 洪涛股份
002330 8.18 244566.2 得利斯
002392 4.03 503599.03 北京利尔
002403 8.06 124785.03 爱仕达
002412 6.13 142294.14 汉森制药
002451 6.67 292306.62 摩恩电气
002462 13.65 62827.0 嘉事堂
002501 2.8 2031698.12 利源精制
002530 7.28 923903.81 金财互联
002532 6.68 644222.94 天山铝业
002542 3.02 616847.75 中化岩土
002714 65.14 717248.06 牧原股份
002723 11.98 96096.84 小崧股份
002728 14.39 77107.0 特一药业
002737 16.03 137627.69 葵花药业
002750 11.99 219432.08 龙津药业
002761 29.4 342791.91 浙江建投
002788 8.36 126524.61 鹭燕医药
002789 15.2 98314.2 建艺集团
002826 11.07 91437.61 易明医药
002856 10.53 46211.2 美芝股份
002873 17.46 84659.37 新天药业
002941 15.09 129386.35 新疆交建
002966 6.2 395488.72 苏州银行
002967 21.12 306332.81 广电计量
002993 40.28 66894.72 奥海科技
300026 7.26 1157053.5 红日药业
300049 12.68 153653.83 福瑞股份
300097 7.0 206154.59 智云股份
300158 6.55 296983.31 振东制药
300204 13.31 173698.95 舒泰神
300222 8.62 416468.81 科大智能
300254 7.74 98932.72 仟源医药
300261 14.77 855132.06 雅本化学
300267 3.56 394859.0 尔康制药
300314 10.91 68211.91 戴维医疗
300342 9.26 92866.12 天银机电
300436 34.79 37874.16 广生堂
300485 12.46 145025.0 赛升药业
300497 14.11 187093.36 富祥药业
300498 25.81 767536.56 温氏股份
300518 64.44 18733.19 盛讯达
300534 10.53 272110.09 陇神戎发
300547 17.86 65951.88 川环科技
300583 23.15 12292.0 赛托生物
300584 32.17 80374.24 海辰药业
300622 25.0 24611.44 博士眼镜
300689 17.55 16814.4 澄天伟业
300718 19.13 79643.09 长盛轴承
300880 17.75 108389.06 迦南智能
300937 32.97 58664.69 药易购
300939 34.54 54863.45 秋田微
301010 25.43 61374.06 晶雪节能
301017 17.3 26565.68 漱玉平民
301038 21.17 85270.92 深水规院
301073 65.03 26332.18 君亭酒店
301089 140.49 80259.85 拓新药业
301099 81.11 21520.41 雅创电子
301111 27.2 67125.63 粤万年青
301129 59.02 6477.97 瑞纳智能
301130 39.74 19704.29 西点药业
301163 36.55 32744.81 宏德股份
600027 4.89 1018762.0 华电国际
600032 15.32 378032.31 浙江新能
600071 20.12 177528.98 凤凰光学
600106 4.4 233147.81 重庆路桥
600267 12.91 200323.73 海正药业
600353 9.46 221118.69 旭光电子
600505 9.31 162090.0 西昌电力
600530 4.01 195044.88 交大昂立
600593 13.95 18016.0 大连圣亚
600602 7.07 201033.22 云赛智联
600713 5.12 494862.12 南京医药
600777 2.71 4492979.5 新潮能源
600795 4.3 2742974.25 国电电力
600839 3.09 1548410.5 四川长虹
