000020 9.55 31545.0 深华发A 0.95
000021 12.85 615121.44 深科技 5.41
000626 11.74 146504.09 远大控股 6.53
000695 9.58 46746.96 滨海能源 1.59
000915 43.32 41819.45 华特达因 2.58
002137 5.98 242630.88 实益达 3.28
002192 138.36 114959.73 融捷股份 3.87
002232 14.69 245422.31 启明信息 4.11
002449 8.85 277368.41 国星光电 3.51
002644 8.52 72963.45 佛慈制药 3.9
002738 90.42 274718.28 中矿资源 3.15
002817 8.16 97501.76 黄山胶囊 3.42
002830 11.86 49657.99 名雕股份 3.31
002901 36.58 9871.6 大博医疗 4.19
002971 24.8 84684.31 和远气体 2.56
002995 17.75 64592.12 天地在线 4.04
300053 9.27 716338.25 欧比特 7.79
300131 6.21 1059388.0 英唐智控 4.37
300139 9.65 284393.44 晓程科技 3.88
300183 15.58 135834.77 东软载波 3.04
300200 8.86 170762.95 高盟新材 1.03
300211 9.01 40214.0 亿通科技 2.85
300223 100.03 170046.69 北京君正 5.23
300245 8.42 142444.97 天玑科技 3.95
300287 4.37 775544.0 飞利信 2.1
300327 49.55 228667.23 中颖电子 6.56
300333 6.98 192931.81 兆日科技 3.1
300353 10.15 407680.44 东土科技 5.62
300380 14.8 19092.0 安硕信息 2.99
300419 5.82 92881.0 浩丰科技 1.39
300429 10.68 267180.66 强力新材 3.99
300493 7.32 173511.41 润欣科技 2.67
300505 29.67 114619.07 川金诺 1.57
300538 13.81 55653.9 同益股份 3.06
300623 25.09 390947.44 捷捷微电 4.8
300637 8.46 62012.5 扬帆新材 1.56
300674 16.12 238828.05 宇信科技 7.18
300689 18.76 20685.65 澄天伟业 2.29
300739 17.72 147200.05 明阳电路 2.9
300831 15.81 364336.75 派瑞股份 3.88
300857 20.88 33654.68 协创数据 2.5
301067 41.55 4384.44 显盈科技 2.34
600097 9.34 21321.75 开创国际 0.32
600171 24.16 796287.81 上海贝岭 4.09
600198 6.87 211360.91 大唐电信 4.41
600338 28.88 320787.38 西藏珠峰 2.63
600895 12.85 309224.69 张江高科 5.16
