000555 11.15 111057.85 神州信息 1.46
000607 5.17 498515.62 华媒控股 0.19
000715 5.67 146659.0 中兴商业 1.25
000802 4.68 273463.09 北京文化 2.63
000977 22.95 307480.75 浪潮信息 0.17
002093 7.59 890436.88 国脉科技 1.88
002186 10.89 147205.23 全聚德 5.52
002290 10.16 89920.49 禾盛新材 0.69
002291 15.6 297618.16 遥望科技 3.17
002560 7.56 212012.77 通达股份 1.75
002634 12.18 194881.88 棒杰股份 4.1
002719 8.21 102347.55 麦趣尔 1.23
002747 24.04 341341.28 埃斯顿 4.02
002772 8.62 179930.98 众兴菌业 3.73
002782 19.19 141985.64 可立克 3.45
002850 106.82 68455.41 科达利 4.06
300542 14.72 340644.62 新晨科技 3.66
300565 30.9 408545.12 科信技术 2.69
300586 21.85 274590.38 美联新材 3.5
300597 8.46 42093.0 吉大通信 1.2
300693 58.92 121298.26 盛弘股份 4.23
300757 52.5 36585.79 罗博特科 4.83
300797 17.04 40957.0 钢研纳克 3.15
300895 28.84 101787.24 铜牛信息 5.1
300970 19.04 55755.87 华绿生物 5.37
301169 35.91 54656.83 零点有数 5.93
600114 9.77 202380.55 东睦股份 5.05
600478 11.35 1211613.75 科力远 3.18
600537 6.48 646601.25 亿晶光电 0.94
600573 10.8 133418.06 惠泉啤酒 5.47
600602 7.54 874572.5 云赛智联 6.05
600718 11.25 151332.92 东软集团 1.44
600880 5.41 1051159.62 博瑞传播 3.44
