000010 4.5 500598.72 美丽生态
000421 4.88 68130.98 南京公用
000422 21.47 629302.81 湖北宜化
000509 4.36 181777.66 华塑控股
000513 36.36 151543.16 丽珠集团
000531 7.64 180226.36 穗恒运A
000546 16.89 378253.69 金圆股份
000584 6.57 692425.44 哈工智能
000628 18.16 168212.88 高新发展
000630 3.36 2142257.5 铜陵有色
000636 19.05 289504.44 风华高科
000661 226.69 93778.5 长春高新
000725 3.99 5761323.0 京东方A
000755 3.97 65405.57 山西路桥
000782 4.79 167643.98 美达股份
000790 4.83 150133.38 华神科技
000800 10.15 647917.94 一汽解放
000811 11.02 204618.44 冰轮环境
000833 9.36 467328.84 粤桂股份
000862 7.35 265375.69 银星能源
000878 11.73 173018.69 云南铜业
000922 8.93 104625.6 佳电股份
000960 17.76 653501.56 锡业股份
000965 5.67 635940.75 天保基建
000969 9.2 349426.12 安泰科技
002023 10.36 166841.5 海特高新
002106 8.51 271158.56 莱宝高科
002128 14.5 433608.91 电投能源
002138 27.68 198804.48 顺络电子
002149 13.5 196094.81 西部材料
002158 24.39 200048.69 汉钟精机
002167 7.67 308186.03 东方锆业
002169 7.84 148430.2 智光电气
002171 9.86 273931.69 楚江新材
002172 3.55 170559.19 澳洋健康
002173 6.09 132848.02 创新医疗
002193 6.05 50729.0 如意集团
002199 6.83 29168.42 东晶电子
002221 9.38 339293.19 东华能源
002230 43.14 312952.25 科大讯飞
002231 5.51 75841.23 奥维通信
002232 14.75 205775.7 启明信息
002265 16.64 214025.14 西仪股份
002266 4.99 571718.62 浙富控股
002268 43.65 317214.47 电科网安
002286 11.2 144695.7 保龄宝
002300 7.95 395293.03 太阳电缆
002301 6.53 79483.81 齐心集团
002322 9.0 37978.27 理工能科
002338 18.28 49545.51 奥普光电
002348 2.25 1163181.5 高乐股份
002351 8.8 122316.1 漫步者
002360 7.6 126241.23 同德化工
002365 12.65 199713.0 永安药业
002370 5.53 498487.12 亚太药业
002371 279.66 115351.58 北方华创
002375 5.08 183212.23 亚厦股份
002405 15.0 1046118.56 四维图新
002406 5.6 257952.05 远东传动
002421 3.18 502728.12 达实智能
002426 2.3 739272.5 胜利精密
002446 7.13 544156.19 盛路通信
002478 4.75 526300.56 常宝股份
002488 6.97 252880.92 金固股份
002512 3.21 369367.84 达华智能
002520 6.41 460238.28 日发精机
002532 6.78 467773.59 天山铝业
002538 10.69 517150.25 司尔特
002552 14.8 26322.0 宝鼎科技
002559 8.0 571963.69 亚威股份
002561 11.28 330165.75 徐家汇
002565 5.21 1243641.25 顺灏股份
002570 5.01 258717.31 贝因美
002574 4.8 77384.21 明牌珠宝
002579 8.14 184101.0 中京电子
002602 4.91 780141.81 世纪华通
002616 4.93 137004.66 长青集团
002637 15.48 44701.1 赞宇科技
002639 11.48 1131426.12 雪人股份
002645 22.66 68413.0 华宏科技
002669 14.65 182619.64 康达新材
002686 5.81 245257.28 亿利达
002691 5.77 66554.2 冀凯股份
002705 22.52 99783.16 新宝股份
002725 11.19 291914.81 跃岭股份
002733 16.35 170578.84 雄韬股份
002745 9.87 164827.7 木林森
002749 10.48 56157.34 国光股份
002767 10.87 23306.0 先锋电子
002792 11.59 51176.5 通宇通讯
002808 7.69 68977.32 恒久科技
002826 9.86 35338.95 易明医药
002828 7.19 55647.66 贝肯能源
002839 5.27 564586.75 张家港行
002858 11.68 79681.99 力盛体育
002871 10.2 32900.55 伟隆股份
002913 32.05 30696.0 奥士康
002928 11.89 145197.97 华夏航空
002931 11.47 69807.1 锋龙股份
002943 56.16 169237.12 宇晶股份
002963 12.34 11081.0 豪尔赛
002981 23.15 11437.2 朝阳科技
300004 6.48 98042.78 南风股份
300024 10.68 946677.19 机器人
300047 7.19 748497.38 天源迪科
300048 7.19 388027.53 合康新能
300050 3.97 137809.0 世纪鼎利
300054 20.72 142412.12 鼎龙股份
300056 6.77 167136.94 中创环保
300071 3.26 241154.05 福石控股
300074 3.82 189043.0 华平股份
300076 4.76 87625.0 GQY视讯
300088 7.71 1738354.38 长信科技
300092 10.47 75655.84 科新机电
300105 6.07 106118.0 龙源技术
300111 2.97 174587.31 向日葵
300112 10.53 220868.38 万讯自控
300114 12.02 195878.95 中航电测
300123 6.37 166428.34 亚光科技
300126 6.34 100911.84 锐奇股份
300135 2.59 183291.02 宝利国际
300136 16.85 292763.19 信维通信
300145 2.79 453712.16 中金环境
300154 6.05 48798.0 瑞凌股份
300163 3.48 205911.69 先锋新材
300164 4.93 377686.12 通源石油
300173 5.36 120674.39 福能东方
300175 4.0 118276.0 朗源股份
300209 7.43 189206.0 有棵树
300213 5.69 125413.0 佳讯飞鸿
300220 13.89 49929.96 金运激光
300228 6.89 221718.84 富瑞特装
300241 5.76 154341.0 瑞丰光电
300242 3.28 137946.0 佳云科技
300245 8.44 208843.09 天玑科技
300250 14.74 185425.81 初灵信息
300266 3.77 341319.72 兴源环境
300276 4.35 530837.88 三丰智能
300279 5.95 137095.41 和晶科技
300281 5.77 71369.26 金明精机
300288 10.57 63672.0 朗玛信息
300292 3.6 550238.0 吴通控股
300293 10.78 193677.95 蓝英装备
300296 6.8 610527.69 利亚德
300306 11.33 141196.41 远方信息
300327 51.7 138245.55 中颖电子
300334 7.7 73872.0 津膜科技
300339 18.28 571180.06 润和软件
300354 32.31 8628.99 东华测试
300366 8.7 202012.92 创意信息
300378 16.95 54607.63 鼎捷软件
300380 14.93 21177.0 安硕信息
300385 6.69 28591.26 雪浪环境
300389 10.77 49119.8 艾比森
300412 6.97 393290.81 迦南科技
300420 2.99 430417.19 五洋停车
300422 6.0 57912.5 博世科
300429 9.63 68331.32 强力新材
300448 5.24 76715.61 浩云科技
300449 5.07 80015.0 汉邦高科
300456 17.81 204339.0 赛微电子
300460 12.86 180411.06 惠伦晶体
300461 16.28 34306.82 田中精机
300466 5.72 258326.94 赛摩智能
300469 14.2 26634.38 信息发展
300472 11.3 185575.84 新元科技
300479 22.66 317136.19 神思电子
300488 26.29 47956.46 恒锋工具
300493 6.94 66211.53 润欣科技
300501 15.64 54062.0 海顺新材
300502 26.13 123350.92 新易盛
300509 6.2 34405.5 新美星
300514 10.68 31893.0 友讯达
300516 28.52 19633.04 久之洋
300537 12.2 44786.84 广信材料
300540 23.3 32386.0 蜀道装备
300555 7.81 53340.0 路通视信
300560 14.64 82993.81 中富通
300576 28.08 92856.57 容大感光
300581 25.11 224108.27 晨曦航空
300598 41.84 86750.42 诚迈科技
300604 45.97 101184.92 长川科技
300612 18.0 107849.28 宣亚国际
300618 60.38 106285.95 寒锐钴业
300632 11.08 49157.65 光莆股份
300641 5.81 73574.61 正丹股份
300650 11.97 65024.7 太龙股份
300656 34.21 12020.59 民德电子
300658 9.13 36129.74 延江股份
300668 18.68 13496.0 杰恩设计
300669 9.64 28911.09 沪宁股份
300675 16.29 55329.0 建科院
300691 15.39 102687.63 联合光电
300708 13.26 303873.53 聚灿光电
300713 15.46 30440.26 英可瑞
300718 15.66 54330.91 长盛轴承
300720 13.17 45429.8 海川智能
300738 11.54 289845.47 奥飞数据
300743 11.8 35846.18 天地数码
300748 37.75 186986.05 金力永磁
300756 16.14 37016.76 金马游乐
300780 16.15 65353.28 德恩精工
300782 210.88 57525.72 卓胜微
300790 19.83 51217.7 宇瞳光学
300791 28.8 24683.25 仙乐健康
300798 7.72 46610.82 锦鸡股份
300812 17.22 24797.0 易天股份
300814 19.33 51569.86 中富电路
300819 15.0 27794.09 聚杰微纤
300822 17.86 22337.29 贝仕达克
300831 13.92 164032.0 派瑞股份
300836 25.9 41040.0 佰奥智能
300838 15.58 14671.0 浙江力诺
300840 9.25 32176.0 酷特智能
300865 21.89 10977.07 大宏立
300867 21.16 52055.6 圣元环保
300876 23.16 6561.43 蒙泰高新
300882 14.88 21208.1 万胜智能
300884 10.64 35203.49 狄耐克
300899 22.59 7192.0 上海凯鑫
300905 18.75 10939.0 宝丽迪
300956 18.61 16948.08 英力股份
300965 48.51 4336.84 恒宇信通
300968 9.17 45469.83 格林精密
300977 23.37 9125.46 深圳瑞捷
300984 30.7 17440.95 金沃股份
300988 23.82 110564.18 津荣天宇
300995 22.18 15310.2 奇德新材
301005 24.35 25323.6 超捷股份
301007 16.45 76812.12 德迈仕
301016 18.86 11080.43 雷尔伟
301036 23.01 20486.11 双乐股份
301051 77.96 13919.7 信濠光电
301056 8.91 36302.72 森赫股份
301083 14.7 78447.5 百胜智能
301120 19.76 247212.31 新特电气
301133 31.25 49169.97 金钟股份
301136 20.3 66816.46 招标股份
301138 32.4 39871.25 华研精机
301200 56.2 44490.07 大族数控
301279 26.39 30877.1 金道科技
301298 27.87 160509.23 东利机械
600026 11.05 899986.88 中远海能
600032 13.81 225758.95 浙江新能
600062 23.2 567983.38 华润双鹤
600076 3.29 161256.3 康欣新材
600096 31.83 1457945.88 云天化
600160 13.36 321271.75 巨化股份
600232 6.03 155025.45 金鹰股份
600250 5.38 83248.49 南纺股份
600355 3.16 324100.44 精伦电子
600360 7.81 510944.56 华微电子
600362 18.52 269720.84 江西铜业
600366 13.24 616975.44 宁波韵升
600386 4.37 275115.47 北巴传媒
600403 5.45 508016.06 大有能源
600455 19.7 15288.96 博通股份
600456 57.7 98262.44 宝钛股份
600468 4.74 139323.73 百利电气
600481 16.58 370638.09 双良节能
600516 7.83 1614118.0 方大炭素
600561 5.45 52639.03 江西长运
600580 15.42 500481.22 卧龙电驱
600590 6.77 200346.11 泰豪科技
600710 6.02 145935.27 苏美达
600731 7.33 110262.27 湖南海利
600733 10.27 2851193.5 北汽蓝谷
600735 6.53 101420.01 新华锦
600742 10.04 307004.03 一汽富维
600768 9.64 32972.09 宁波富邦
600770 8.11 280819.31 综艺股份
600780 5.42 276578.91 通宝能源
600805 5.15 251503.95 悦达投资
600817 10.14 154480.53 宇通重工
600847 17.58 28931.5 万里股份
600883 7.79 45827.52 博闻科技
600888 9.68 330743.38 新疆众和
600938 18.17 856828.62 中国海油
600960 4.34 882938.75 渤海汽车
600967 9.2 261197.95 内蒙一机
600969 10.29 510115.72 郴电国际
600997 7.75 303082.59 开滦股份
