000019 8.32 602263.5 深粮控股
000048 22.84 55336.66 京基智农
000635 10.65 305072.84 英力特
000756 10.04 460775.69 新华制药
000761 4.16 463004.25 本钢板材
000813 3.83 547990.62 德展健康
000915 35.7 39001.39 华特达因
002057 8.77 376387.84 中钢天源
002082 11.43 270096.0 万邦德
002124 8.07 1335684.38 天邦食品
002175 2.86 416791.31 东方智造
002215 6.68 295590.91 诺普信
002265 17.13 294656.91 西仪股份
002374 5.51 1847493.75 中锐股份
002404 6.01 139758.0 嘉欣丝绸
002457 10.24 387090.31 青龙管业
002481 9.03 959489.75 双塔食品
002496 2.71 121890.65 辉丰股份
002549 17.22 303916.31 凯美特气
002567 10.53 420252.09 唐人神
002591 6.45 224284.3 恒大高新
002793 9.07 102096.32 罗欣药业
002802 25.55 12335.0 洪汇新材
002810 46.0 38640.4 山东赫达
002999 8.31 279321.75 天禾股份
300107 5.43 96243.94 建新股份
300194 4.92 1512690.75 福安药业
300266 4.52 888714.25 兴源环境
300324 3.67 973142.25 旋极信息
300622 17.22 22039.0 博士眼镜
300742 31.91 32368.0 越博动力
300967 20.38 73618.49 晓鸣股份
301069 37.77 106956.53 凯盛新材
301116 24.77 140577.06 益客食品
600057 8.74 330161.25 厦门象屿
600141 35.14 505570.81 兴发集团
600211 42.78 74815.23 西藏药业
600232 6.17 156105.0 金鹰股份
600250 5.99 250213.0 南纺股份
600319 7.79 118861.92 亚星化学
600354 6.19 517065.41 敦煌种业
600358 7.77 429682.0 国旅联合
600368 4.1 607557.19 五洲交通
600448 3.74 942096.25 华纺股份
600479 12.34 252372.41 千金药业
600540 5.93 360032.53 新赛股份
600598 15.5 1148652.0 北大荒
600650 10.43 72670.0 锦江在线
600841 11.3 53673.0 动力新科
