000400 21.64 465761.12 许继电气 6.18
000755 5.22 317024.72 山西路桥 1.95
000816 4.03 804554.19 智慧农业 3.6
000899 9.19 420151.03 赣能股份 3.38
000965 4.39 644200.94 天保基建 1.15
000968 9.23 177497.22 蓝焰控股 2.21
002115 4.99 981938.19 三维通信 2.04
002138 23.11 93760.32 顺络电子 1.54
002205 10.16 145846.7 国统股份 3.57
002218 5.54 466300.44 拓日新能 3.17
002305 2.15 499306.47 南国置业 0.47
002350 7.93 246237.77 北京科锐 2.59
002434 8.38 200495.08 万里扬 2.95
002549 19.95 140420.05 凯美特气 2.89
002627 5.01 199788.3 三峡旅游 1.42
002639 9.37 492314.0 雪人股份 1.52
002648 13.56 271042.56 卫星化学 0.67
002756 148.1 96352.16 永兴材料 6.93
002801 29.75 17102.95 微光股份 0.71
002860 14.9 215319.95 星帅尔 5.45
002895 24.19 123245.18 川恒股份 5.73
002909 9.35 277387.28 集泰股份 2.97
002916 78.36 33150.27 深南电路 0.89
002935 25.17 114616.3 天奥电子 1.7
002967 18.68 90031.92 广电计量 0.92
300056 9.03 131458.02 中创环保 3.56
300131 5.6 492225.47 英唐智控 3.13
300218 10.99 55465.33 安利股份 3.39
300257 18.84 74792.39 开山股份 3.35
300373 55.9 168865.27 扬杰科技 2.38
300432 16.52 553172.69 富临精工 1.85
300443 49.4 69418.16 金雷股份 3.13
300619 72.66 24460.77 金银河 4.46
300661 163.41 54093.94 圣邦股份 2.68
300706 26.88 132387.31 阿石创 1.9
300727 29.04 34374.05 润禾材料 2.11
300796 20.51 64480.89 贝斯美 4.11
300837 52.86 29499.29 浙矿股份 2.05
300861 60.66 82439.11 美畅股份 6.87
300870 52.6 23018.17 欧陆通 4.26
301092 32.48 103779.63 争光股份 6.84
301131 38.41 9791.0 聚赛龙 2.29
301282 31.16 67949.78 金禄电子 4.14
301319 52.35 31618.03 唯特偶 3.66
600348 18.81 659489.88 华阳股份 5.73
600444 14.24 101279.09 国机通用 4.86
600562 16.12 273014.06 国睿科技 5.43
600586 8.9 766531.06 金晶科技 4.95
600609 4.54 98273.3 金杯汽车 1.11
600703 19.47 911942.31 三安光电 1.94
600871 1.94 498058.72 石化油服 1.04
600876 22.18 165563.05 洛阳玻璃 2.45
600996 10.56 423219.94 贵广网络 1.15
