000069 7.99 1232505.25 华侨城A
000090 6.36 350025.12 天健集团
000504 19.5 42767.8 南华生物
000887 21.66 293277.5 中鼎股份
000909 8.06 97963.88 数源科技
000918 2.98 1685648.0 嘉凯城
002058 12.37 23557.74 威尔泰
002244 5.16 473884.25 滨江集团
002408 11.12 511811.19 齐翔腾达
002476 5.09 213679.8 宝莫股份
002609 10.6 212114.08 捷顺科技
002715 13.68 18393.69 登云股份
002876 61.9 37295.51 三利谱
002943 50.44 83064.86 宇晶股份
002968 37.05 16917.35 新大正
300308 43.34 90244.49 中际旭创
300471 26.7 210609.42 厚普股份
300851 30.56 6042.6 交大思诺
301047 368.78 5529.26 义翘神州
600053 17.72 130938.37 九鼎投资
600123 9.84 338820.22 兰花科创
600506 11.38 19868.53 香梨股份
600521 23.43 296722.47 华海药业
600764 36.71 80367.81 中国海防
600887 41.03 595370.25 伊利股份
