000017 3.52 155783.64 深中华A
000034 15.47 120774.49 神州数码
000063 24.72 509018.97 中兴通讯
000066 10.53 551234.06 中国长城
000408 31.58 199749.84 藏格矿业
000513 34.56 200685.08 丽珠集团
000545 3.98 339710.72 金浦钛业
000591 7.89 1009401.81 太阳能
000629 3.45 1027262.81 钒钛股份
000636 17.61 228760.5 风华高科
000650 6.05 217937.42 仁和药业
000686 6.82 434285.44 东北证券
000729 7.87 378686.0 燕京啤酒
000768 28.05 367555.72 中航西飞
000776 17.5 857716.0 广发证券
000795 7.2 753898.5 英洛华
000807 11.68 794359.62 云铝股份
000815 10.83 414970.47 美利云
000878 11.46 209521.44 云南铜业
000880 10.37 298135.88 潍柴重机
000936 5.56 441726.44 华西股份
000949 3.74 241831.8 新乡化纤
000976 4.55 411704.97 华铁股份
000977 25.4 365922.81 浪潮信息
000981 1.52 1077208.0 山子股份
000982 1.97 1530552.62 中银绒业
000988 20.95 157733.33 华工科技
002002 3.74 711689.25 鸿达兴业
002006 26.1 84898.54 精功科技
002008 31.35 299806.5 大族激光
002019 13.31 141200.75 亿帆医药
002025 71.74 75459.1 航天电器
002036 14.23 549257.19 联创电子
002049 193.92 106628.46 紫光国微
002056 23.65 1566437.88 横店东磁
002068 12.63 355398.72 黑猫股份
002080 23.49 323641.81 中材科技
002105 7.98 63467.0 信隆健康
002123 10.31 134009.12 梦网科技
002129 45.49 626876.19 TCL中环
002132 5.31 378621.03 恒星科技
002138 28.28 81974.42 顺络电子
002156 14.64 252356.31 通富微电
002158 18.6 115906.46 汉钟精机
002159 10.66 42466.0 三特索道
002165 4.29 219852.02 红宝丽
002167 7.07 200866.52 东方锆业
002171 8.53 136769.53 楚江新材
002178 4.74 384540.16 延华智能
002182 19.49 303946.53 云海金属
002185 9.02 469306.38 华天科技
002193 6.12 48959.0 如意集团
002204 3.88 298376.53 大连重工
002212 10.16 232971.23 天融信
002222 15.49 220457.95 福晶科技
002236 16.47 522688.56 大华股份
002254 15.16 61121.91 泰和新材
002273 11.59 842647.25 水晶光电
002286 10.9 167355.06 保龄宝
002312 11.61 402605.81 川发龙蟒
002383 5.85 316575.25 合众思壮
002389 17.8 244070.44 航天彩虹
002407 41.68 578135.81 多氟多
002434 8.15 389502.97 万里扬
002439 19.53 186018.05 启明星辰
002444 17.86 181959.23 巨星科技
002449 8.2 137103.88 国星光电
002478 4.39 67671.0 常宝股份
002487 33.87 446061.75 大金重工
002506 3.4 904088.06 协鑫集成
002511 11.38 257319.58 中顺洁柔
002518 22.7 198788.36 科士达
002530 6.81 364698.41 金财互联
002532 7.28 506165.09 天山铝业
002533 7.02 113691.99 金杯电工
002537 7.91 643446.38 海联金汇
002545 11.8 203302.52 东方铁塔
002550 5.55 428437.47 千红制药
002557 56.87 57424.86 洽洽食品
002576 12.31 133094.19 通达动力
002594 318.23 294757.28 比亚迪
002601 19.73 182098.27 龙佰集团
002602 4.84 1049744.12 世纪华通
002609 7.8 62210.6 捷顺科技
002610 3.56 2217443.75 爱康科技
002641 4.97 171194.27 公元股份
002642 5.55 232158.0 荣联科技
002655 12.87 200330.0 共达电声
002683 24.05 99799.11 广东宏大
002705 19.25 171001.8 新宝股份
002721 3.55 574866.38 金一文化
002745 9.41 213877.28 木林森
002795 8.55 70596.4 永和智控
002797 5.83 1379404.62 第一创业
002801 26.86 39555.58 微光股份
002805 35.98 105594.45 丰元股份
002833 22.06 28762.17 弘亚数控
002835 9.57 26752.59 同为股份
002850 150.0 36221.53 科达利
002851 21.58 42095.75 麦格米特
002858 11.23 41477.0 力盛体育
002865 86.7 20437.18 钧达股份
002895 36.03 235201.7 川恒股份
002922 16.74 211738.91 伊戈尔
002961 17.03 20273.66 瑞达期货
002981 21.75 14111.0 朝阳科技
002985 64.71 57286.49 北摩高科
002987 20.14 107056.2 京北方
300001 17.32 339771.62 特锐德
300007 16.58 112369.92 汉威科技
300009 9.14 170196.12 安科生物
300019 18.45 63028.29 硅宝科技
300020 7.3 186408.77 银江技术
300025 4.28 114394.37 华星创业
300033 88.11 75441.63 同花顺
300034 39.88 72623.56 钢研高纳
300036 18.8 164352.5 超图软件
300055 8.92 82015.48 万邦达
300056 5.56 72839.19 中创环保
300059 23.95 3972070.5 东方财富
300062 10.98 154841.0 中能电气
300065 13.06 339152.0 海兰信
300083 10.82 470325.84 创世纪
300085 9.73 72593.41 银之杰
300092 9.92 37590.0 科新机电
300097 5.49 33355.83 智云股份
300115 10.29 756487.38 长盈精密
300118 28.17 725145.62 东方日升
300125 15.77 42545.93 聆达股份
300128 3.25 200136.77 锦富技术
300130 13.95 202352.92 新国都
300151 18.0 98141.23 昌红科技
300155 5.37 36728.0 安居宝
300168 9.23 140063.3 万达信息
300172 4.78 115200.35 中电环保
300177 7.74 174431.88 中海达
300180 3.84 176575.28 华峰超纤
300208 10.36 192612.64 青岛中程
300219 8.31 146113.0 鸿利智汇
300220 13.51 66367.41 金运激光
300221 5.3 69915.02 银禧科技
300223 95.96 109059.96 北京君正
300233 32.7 186065.3 金城医药
300246 15.07 13118.21 宝莱特
300248 9.72 188281.48 新开普
300255 6.31 69614.88 常山药业
300283 5.93 55554.06 温州宏丰
300287 4.01 381809.69 飞利信
300288 10.2 69213.0 朗玛信息
300311 6.42 330781.25 任子行
300317 5.98 140957.52 珈伟新能
300324 3.04 317161.59 旋极信息
300348 9.45 117166.08 长亮科技
300376 7.57 395754.38 易事特
300377 8.67 221855.23 赢时胜
300378 16.55 72743.31 鼎捷软件
300386 10.91 52597.01 飞天诚信
300391 11.38 51890.0 康跃科技
300393 16.55 685704.06 中来股份
300421 11.13 316457.06 力星股份
300429 9.25 45485.51 强力新材
300430 9.8 35564.0 诚益通
300432 16.87 526940.0 富临精工
300447 19.12 86340.95 全信股份
300454 103.0 41726.92 深信服
300458 21.38 289737.69 全志科技
300471 15.8 97442.18 厚普股份
300477 7.14 372244.41 合纵科技
300480 18.44 46415.95 光力科技
300484 12.36 62072.0 蓝海华腾
300494 14.57 48335.0 盛天网络
300496 120.88 56394.66 中科创达
300497 13.51 188687.56 富祥药业
300500 18.96 60781.2 启迪设计
300508 21.39 13149.88 维宏股份
300525 20.07 33330.26 博思软件
300531 14.48 75761.01 优博讯
300537 11.48 59565.37 广信材料
300541 12.3 138201.12 先进数通
300549 13.42 16299.0 优德精密
300554 14.67 23587.2 三超新材
300559 9.93 45808.0 佳发教育
300572 14.62 51485.46 安车检测
300576 27.78 52237.23 容大感光
300588 11.47 61887.88 熙菱信息
300596 47.47 20785.01 利安隆
300605 13.04 58526.07 恒锋信息
300611 9.78 21062.99 美力科技
300613 65.6 71481.59 富瀚微
300619 81.33 35209.91 金银河
300630 28.09 47796.17 普利制药
300638 24.91 57366.47 广和通
300647 10.05 125600.5 超频三
300656 33.88 11560.17 民德电子
300657 9.87 74521.22 弘信电子
300665 8.22 66148.87 飞鹿股份
300667 16.4 38050.64 必创科技
300676 67.24 45617.97 华大基因
300677 28.38 166647.97 英科医疗
300681 89.77 25023.11 英搏尔
300683 34.67 15308.99 海特生物
300687 25.64 50107.92 赛意信息
300689 17.48 16336.7 澄天伟业
300693 26.0 207856.72 盛弘股份
300696 42.55 25189.07 爱乐达
300698 15.83 41447.55 万马科技
300705 18.31 51580.12 九典制药
300709 40.71 27691.64 精研科技
300713 13.98 20325.2 英可瑞
300726 60.18 33249.68 宏达电子
300727 23.9 21783.39 润禾材料
300730 15.75 55905.48 科创信息
300762 18.57 89591.24 上海瀚讯
300763 167.6 31847.67 锦浪科技
300768 15.83 45359.2 迪普科技
300769 323.1 28316.79 德方纳米
300776 240.58 17206.18 帝尔激光
300783 22.76 41589.3 三只松鼠
300789 20.55 5739.0 唐源电气
300793 16.31 61076.01 佳禾智能
300818 36.23 20242.0 耐普矿机
300819 22.22 15685.0 聚杰微纤
300820 62.17 29170.75 英杰电气
300827 39.33 127690.15 上能电气
300829 29.61 18193.92 金丹科技
300833 89.0 7110.0 浩洋股份
300846 12.99 236359.28 首都在线
300856 53.31 12766.0 科思股份
300858 25.56 26205.7 科拓生物
300864 37.36 8466.96 南大环境
300866 66.0 27219.1 安克创新
300869 27.24 38099.35 康泰医学
300871 23.29 23454.84 回盛生物
300876 23.79 7450.0 蒙泰高新
300880 18.15 35536.2 迦南智能
300888 62.0 18274.36 稳健医疗
300891 11.38 39569.46 惠云钛业
300894 33.51 44476.97 火星人
300897 29.5 7400.0 山科智能
300902 42.18 53236.77 国安达
300903 14.0 75425.08 科翔股份
300905 18.33 10372.54 宝丽迪
300907 21.21 32784.17 康平科技
300908 35.51 9405.0 仲景食品
300929 13.37 35311.18 华骐环保
300932 25.5 15339.22 三友联众
300933 8.08 118097.98 中辰股份
300942 22.88 29666.61 易瑞生物
300946 35.28 11918.6 恒而达
300948 16.34 16551.4 冠中生态
300956 17.83 20576.3 英力股份
300958 21.91 24238.96 建工修复
300970 19.83 22589.21 华绿生物
300973 89.0 17899.17 立高食品
300975 8.76 53535.54 商络电子
300976 48.67 7592.6 达瑞电子
300977 23.86 10403.61 深圳瑞捷
300985 29.87 30011.67 致远新能
300992 21.48 33461.18 泰福泵业
300995 20.39 11001.5 奇德新材
300996 24.3 30850.71 普联软件
301012 45.77 28190.63 扬电科技
301015 21.28 18970.31 百洋医药
301035 75.15 12541.27 润丰股份
301036 22.22 7308.29 双乐股份
301040 30.0 39524.35 中环海陆
301049 23.19 13345.01 超越科技
301056 8.83 33062.08 森赫股份
301065 40.8 7236.0 本立科技
301066 18.74 19885.66 万事利
301068 24.65 13648.34 大地海洋
301071 147.38 18536.83 力量钻石
301080 150.5 6755.69 百普赛斯
301081 15.71 18673.27 严牌股份
301085 33.1 19471.25 亚康股份
301096 64.69 12342.36 百诚医药
301106 33.22 14081.25 骏成科技
301108 39.43 14014.54 洁雅股份
301118 42.6 18880.35 恒光股份
301127 11.56 31548.89 天源环保
301131 42.47 12752.0 聚赛龙
301138 30.95 16205.64 华研精机
301149 13.72 59003.22 隆华新材
301151 23.33 32191.08 冠龙节能
301168 36.08 32466.65 通灵股份
301180 19.68 21737.76 万祥科技
301185 21.21 78243.23 鸥玛软件
301190 23.72 24615.27 善水科技
301201 70.41 26275.81 诚达药业
301218 40.68 23756.86 华是科技
301237 37.06 17337.59 和顺科技
301257 55.81 37126.23 普蕊斯
301279 26.14 37319.26 金道科技
600010 2.13 8758973.0 包钢股份
600031 17.38 1158658.25 三一重工
600070 5.44 115618.81 浙江富润
600089 23.24 947496.44 特变电工
600111 37.86 1485704.12 北方稀土
600143 9.17 392445.56 金发科技
600155 7.96 325790.38 华创阳安
600160 12.37 339172.31 巨化股份
600206 17.9 291761.84 有研新材
600212 5.75 400824.31 绿能慧充
600216 13.25 130906.54 浙江医药
600219 3.69 1391583.75 南山铝业
600237 6.96 145806.16 铜峰电子
600255 2.35 302682.53 鑫科材料
600298 43.17 140061.48 安琪酵母
600328 21.71 212811.34 中盐化工
600338 24.15 528790.19 西藏珠峰
600355 3.07 197899.0 精伦电子
600367 20.02 314321.88 红星发展
600399 16.68 278489.84 抚顺特钢
600409 7.96 757488.62 三友化工
600438 49.16 848918.38 通威股份
600459 18.66 90950.72 贵研铂业
600460 48.47 372520.34 士兰微
600497 5.05 1226741.12 驰宏锌锗
600570 42.2 268419.34 恒生电子
600584 25.27 450367.75 长电科技
600586 6.88 280508.34 金晶科技
600588 20.04 375462.62 用友网络
600602 7.28 443653.31 云赛智联
600660 42.99 234846.39 福耀玻璃
600707 4.53 312373.5 彩虹股份
600711 7.93 900539.19 盛屯矿业
600768 9.42 22540.23 宁波富邦
600818 18.0 40021.15 中路股份
600827 12.81 392198.78 百联股份
600829 6.18 118493.0 人民同泰
600847 16.91 36313.79 万里股份
600850 26.5 69645.59 电科数字
600875 15.15 824103.25 东方电气
600882 37.84 85936.36 妙可蓝多
600885 54.29 76556.99 宏发股份
600888 8.79 552867.56 新疆众和
600906 8.33 682386.12 财达证券
600909 4.39 532160.81 华安证券
600956 12.46 54411.98 新天绿能
600958 9.56 1363711.25 东方证券
600970 8.48 228222.16 中材国际
