000011 12.96 384439.47 深物业A
000029 8.98 235687.31 深深房A
000040 3.52 385157.03 东旭蓝天
000078 3.85 1307341.5 海王生物
000153 9.55 193830.44 丰原药业
000159 6.01 119576.35 国际实业
000404 4.96 322516.69 长虹华意
000417 4.54 169575.0 合肥百货
000419 5.25 155521.0 通程控股
000521 3.71 337763.0 长虹美菱
000524 11.4 383803.38 岭南控股
000534 13.35 91253.45 万泽股份
000548 4.73 226858.41 湖南投资
000555 12.54 173894.92 神州信息
000560 3.79 1787608.5 我爱我家
000619 6.05 260359.64 海螺新材
000628 12.09 122582.9 高新发展
000636 20.7 219276.56 风华高科
000656 4.91 2367018.0 金科股份
000665 9.48 2648536.5 湖北广电
000668 15.3 110832.07 荣丰控股
000672 21.85 256726.52 上峰水泥
000718 4.46 1307174.75 苏宁环球
000753 3.88 712690.19 漳州发展
000761 4.31 448581.28 本钢板材
000788 12.33 1349992.0 北大医药
000789 12.98 280703.44 万年青
000800 8.64 192019.52 一汽解放
000815 15.2 1158851.25 美利云
000826 3.56 399510.19 启迪环境
000886 4.21 524278.56 海南高速
000948 14.24 137013.33 南天信息
002037 12.97 527515.25 保利联合
002039 17.66 35748.19 黔源电力
002053 14.15 499234.38 云南能投
002061 6.87 898579.94 浙江交科
002084 5.23 185914.91 海鸥住工
002134 9.88 35169.0 天津普林
002152 10.63 462516.47 广电运通
002163 9.84 163442.41 海南发展
002197 11.28 585665.94 证通电子
002233 11.0 411863.0 塔牌集团
002234 16.65 201190.36 民和股份
002300 7.39 214170.14 太阳电缆
002301 7.1 183701.88 齐心集团
002307 5.68 1739032.75 北新路桥
002363 6.02 97974.71 隆基机械
002376 8.38 90275.06 新北洋
002377 3.52 538808.0 国创高新
002401 9.16 48341.4 中远海科
002467 4.71 315775.84 二六三
002474 7.32 267573.91 榕基软件
002524 7.95 155273.0 光正眼科
002537 12.53 2651473.5 海联金汇
002591 6.21 107250.5 恒大高新
002620 6.53 215867.02 瑞和股份
002628 4.05 478578.28 成都路桥
002647 8.16 323307.19 仁东控股
002686 6.04 123780.08 亿利达
002717 3.46 928133.12 岭南股份
002746 9.55 194531.88 仙坛股份
002760 20.9 23489.17 凤形股份
002773 16.14 168888.84 康弘药业
002775 4.54 352060.25 文科园林
002786 6.72 82397.0 银宝山新
002793 8.87 53216.21 罗欣药业
002809 12.03 87805.75 红墙股份
002820 10.47 63314.4 桂发祥
002826 11.78 38185.75 易明医药
002827 10.51 78010.68 高争民爆
002830 12.74 65999.05 名雕股份
002839 6.24 424391.03 张家港行
002855 8.93 45859.34 捷荣技术
002861 12.77 32645.56 瀛通通讯
002871 10.96 46245.94 伟隆股份
002883 11.39 23927.54 中设股份
002888 12.05 19468.92 惠威科技
002897 37.9 30314.0 意华股份
002899 14.22 58900.6 英派斯
002900 17.36 121557.37 哈三联
002908 18.18 167162.8 德生科技
002943 36.5 83831.5 宇晶股份
002966 7.4 507474.56 苏州银行
002972 17.22 7281.45 科安达
002983 18.97 13791.38 芯瑞达
002997 19.15 140361.0 瑞鹄模具
300011 7.44 183304.77 鼎汉技术
300047 8.35 519366.91 天源迪科
300048 6.43 161334.48 合康新能
300056 5.97 46300.63 中创环保
300065 14.56 329205.38 海兰信
300085 12.73 136503.98 银之杰
300102 8.99 381072.0 乾照光电
300137 6.4 84098.2 先河环保
300155 6.26 56480.64 安居宝
300163 4.15 602198.94 先锋新材
300166 11.32 919184.56 东方国信
300175 5.46 330368.0 朗源股份
300235 12.12 58699.89 方直科技
300248 15.02 702600.31 新开普
300249 15.96 930364.94 依米康
300250 15.57 148172.95 初灵信息
300277 8.04 68607.04 海联讯
300306 16.32 492405.03 远方信息
300348 13.58 190029.23 长亮科技
300374 13.24 92179.5 中铁装配
300377 12.24 340185.44 赢时胜
300378 18.1 77531.02 鼎捷软件
300380 17.42 27887.0 安硕信息
300386 14.93 223299.92 飞天诚信
300389 10.53 68393.0 艾比森
300449 6.18 72369.8 汉邦高科
300452 20.4 203920.8 山河药辅
300462 11.56 60688.41 华铭智能
300465 13.82 393279.16 高伟达
300467 17.07 181045.44 迅游科技
300468 24.85 345156.31 四方精创
300531 17.93 101498.96 优博讯
300541 17.61 358520.09 先进数通
300542 14.1 141093.36 新晨科技
300560 19.4 266588.97 中富通
300561 12.22 111785.73 汇金科技
300588 14.62 95355.0 熙菱信息
300605 14.94 71433.74 恒锋信息
300621 11.62 268003.38 维业股份
300663 20.89 467653.38 科蓝软件
300670 8.69 71706.4 大烨智能
300674 18.37 145296.81 宇信科技
300688 34.29 148507.59 创业黑马
300730 17.65 85227.77 科创信息
300733 21.58 14099.0 西菱动力
300773 23.67 166766.42 拉卡拉
300778 19.14 28300.44 新城市
300785 54.8 17555.39 值得买
300789 23.03 5433.0 唐源电气
300793 18.18 173510.44 佳禾智能
300800 19.74 28405.0 力合科技
300807 26.5 36144.0 天迈科技
300828 21.5 20847.0 锐新科技
300834 39.71 35009.16 星辉环材
300844 61.0 5910.03 山水比德
300846 19.36 325052.53 首都在线
300863 69.35 18599.01 卡倍亿
300872 33.26 68111.51 天阳科技
300876 25.68 7116.37 蒙泰高新
300877 20.89 17800.84 金春股份
300882 15.84 32226.65 万胜智能
300884 15.81 21679.13 狄耐克
300897 31.79 5712.0 山科智能
300902 38.62 24065.66 国安达
300907 23.22 12520.0 康平科技
300916 50.8 9641.2 朗特智能
300925 24.62 68910.94 法本信息
300931 10.08 117880.93 通用电梯
300933 9.26 103976.68 中辰股份
300937 36.45 34327.33 药易购
300951 66.5 3942.41 博硕科技
300964 36.15 6545.0 本川智能
300965 58.85 4034.0 恒宇信通
300980 35.0 4960.0 祥源新材
300984 53.12 4131.74 金沃股份
300989 40.9 12474.4 蕾奥规划
300992 26.82 60940.1 泰福泵业
301000 56.38 7506.0 肇民科技
301002 42.68 31290.44 崧盛股份
301010 26.4 125631.97 晶雪节能
301022 40.22 11829.22 海泰科
301023 65.62 3474.0 江南奕帆
301024 49.35 22096.99 霍普股份
301036 25.78 9396.73 双乐股份
301041 23.55 13849.2 金百泽
301049 30.24 20878.71 超越科技
301061 56.28 21828.92 匠心家居
301077 52.7 7774.28 星华新材
301079 28.81 15075.96 邵阳液压
301086 65.9 7614.66 鸿富瀚
301090 11.03 88808.51 华润材料
301108 49.99 20958.18 洁雅股份
301122 67.63 17684.59 采纳股份
301167 36.5 59378.0 建研设计
301179 46.21 34827.73 泽宇智能
301213 56.28 26645.78 观想科技
600017 2.88 379131.31 日照港
600062 17.0 1177485.88 华润双鹤
600077 5.22 2000311.88 宋都股份
600099 9.49 146531.2 林海股份
600107 7.0 269000.97 美尔雅
600133 6.35 810877.12 东湖高新
600168 7.58 184626.08 武汉控股
600185 6.59 1062368.62 格力地产
600199 24.59 888398.0 金种子酒
600211 44.09 120755.4 西藏药业
600319 7.44 102016.84 亚星化学
600355 3.77 744312.0 精伦电子
600370 2.96 173209.02 三房巷
600397 3.71 525434.0 安源煤业
600421 10.18 22993.21 华嵘控股
600425 4.39 1118943.75 青松建化
600439 2.97 142951.48 瑞贝卡
600466 2.29 3261479.0 蓝光发展
600476 13.3 43169.89 湘邮科技
600495 3.89 174882.16 晋西车轴
600507 8.62 820335.25 方大特钢
600550 6.14 1591192.38 保变电气
600573 10.16 127974.62 惠泉啤酒
600581 5.85 552362.31 八一钢铁
600602 8.54 630745.25 云赛智联
600603 3.92 335694.22 广汇物流
600629 8.21 234876.3 华建集团
600638 6.36 196257.62 新黄浦
600645 24.52 160249.67 中源协和
600649 4.74 966165.5 城投控股
600658 5.06 329970.44 电子城
600664 3.53 874284.44 哈药股份
600690 23.1 628159.19 海尔智家
600692 7.98 460228.5 亚通股份
600720 10.72 213383.77 祁连山
600763 143.08 147491.42 通策医疗
600791 5.23 704856.81 京能置业
600800 5.09 412733.53 渤海化学
600802 7.98 521339.56 福建水泥
600853 3.9 1074748.88 龙建股份
600883 8.42 56398.57 博闻科技
600908 5.82 325699.44 无锡银行
600909 4.95 896729.56 华安证券
600919 7.05 1516197.0 江苏银行
600969 8.21 196202.27 郴电国际
600986 6.44 1028178.25 浙文互联
