000012 7.1 888456.19 南玻A
000021 13.63 827750.62 深科技
000520 3.24 145038.7 长航凤凰
000539 4.17 352745.91 粤电力A
000552 3.91 576253.62 靖远煤电
000554 5.73 198773.3 泰山石油
000593 6.31 124748.01 德龙汇能
000659 3.86 290503.31 珠海中富
000663 9.37 114850.67 永安林业
000736 12.5 284272.19 中交地产
000812 6.37 614221.81 陕西金叶
000833 8.0 276911.88 粤桂股份
000918 2.48 1211561.25 嘉凯城
000933 16.89 928577.5 神火股份
000948 13.2 136298.72 南天信息
000968 10.25 287379.19 蓝焰控股
000980 4.48 444566.56 众泰汽车
000983 12.19 981518.25 山西焦煤
000997 15.04 280024.88 新大陆
002001 21.16 418942.47 新和成
002053 12.74 95676.0 云南能投
002094 3.88 209017.91 青岛金王
002116 8.78 102411.93 中国海诚
002117 7.98 176359.23 东港股份
002128 13.59 285069.53 电投能源
002141 5.88 415595.16 贤丰控股
002173 6.62 161789.0 创新医疗
002191 9.75 689729.5 劲嘉股份
002206 6.99 449456.72 海利得
002225 5.29 342124.25 濮耐股份
002247 2.79 212829.0 聚力文化
002251 6.14 302664.38 步步高
002262 14.96 160588.44 恩华药业
002267 8.33 170244.38 陕天然气
002288 6.43 682586.94 超华科技
002295 7.64 209999.59 精艺股份
002308 4.64 401680.62 威创股份
002342 4.55 471230.0 巨力索具
002390 5.59 381333.41 信邦制药
002425 5.52 481496.97 凯撒文化
002431 3.11 638988.19 棕榈股份
002435 5.07 340848.81 长江健康
002437 2.72 682319.81 誉衡药业
002454 9.95 704519.12 松芝股份
002469 6.51 512231.12 三维化学
002502 4.13 804981.38 鼎龙文化
002511 11.38 134181.88 中顺洁柔
002538 9.91 243840.56 司尔特
002541 27.15 48984.59 鸿路钢构
002554 3.74 767358.94 惠博普
002562 6.55 407998.19 兄弟科技
002571 8.21 372859.91 德力股份
002624 15.94 1058723.75 完美世界
002642 6.28 357744.19 荣联科技
002689 4.25 1141531.75 远大智能
002696 6.6 68133.6 百洋股份
002723 14.46 87317.21 小崧股份
002762 8.0 108345.75 金发拉比
002775 4.0 89253.03 文科园林
002777 14.7 80310.88 久远银海
002791 79.7 53785.82 坚朗五金
002800 17.17 52313.0 天顺股份
002810 37.51 153120.34 山东赫达
002842 9.94 330806.81 翔鹭钨业
002877 7.34 174771.56 智能自控
300027 2.72 507122.69 华谊兄弟
300031 19.57 227453.69 宝通科技
300039 5.94 241935.84 上海凯宝
300133 4.68 346196.59 华策影视
300164 4.85 503616.97 通源石油
300187 6.88 313938.03 永清环保
300206 9.95 50014.08 理邦仪器
300240 8.53 231375.56 飞力达
300262 3.26 223822.95 巴安水务
300318 7.52 299764.75 博晖创新
300328 10.05 741578.25 宜安科技
300360 12.98 213759.92 炬华科技
300418 15.17 298985.84 昆仑万维
300452 14.82 115896.59 山河药辅
300465 9.03 376476.47 高伟达
300468 11.42 514592.72 四方精创
300479 22.83 284326.91 神思电子
300483 16.29 120210.38 首华燃气
300533 28.84 72527.91 冰川网络
300541 12.76 152668.56 先进数通
300564 13.46 22386.98 筑博设计
300601 36.22 116311.79 康泰生物
300658 11.7 101098.21 延江股份
300663 16.7 400458.81 科蓝软件
300674 16.66 237637.64 宇信科技
300682 31.92 142798.02 朗新科技
300715 15.14 82119.64 凯伦股份
300773 18.24 202773.09 拉卡拉
300806 30.43 81631.62 斯迪克
300852 44.81 47605.6 四会富仕
301082 23.05 91003.37 久盛电气
301167 29.28 16823.45 建研设计
600009 58.0 135765.95 上海机场
600011 6.87 1500872.88 华能国际
600058 9.65 252566.66 五矿发展
600123 14.9 384145.81 兰花科创
600189 6.93 179333.31 泉阳泉
600190 3.11 213570.02 锦州港
600196 43.91 331800.94 复星医药
600199 26.66 290701.34 金种子酒
600216 14.15 206331.94 浙江医药
600256 10.86 1790025.75 广汇能源
600277 5.2 2960056.25 亿利洁能
600293 3.83 821298.25 三峡新材
600320 3.75 457154.62 振华重工
600333 5.5 138443.94 长春燃气
600369 3.97 594512.62 西南证券
600389 57.79 40443.0 江山股份
600395 8.39 239651.19 盘江股份
600486 116.82 37701.5 扬农化工
600497 5.68 1183374.5 驰宏锌锗
600508 17.34 267384.91 上海能源
600702 168.44 81076.77 舍得酒业
600706 9.43 61319.2 曲江文旅
600740 6.43 684294.19 山西焦化
600750 16.18 145522.73 江中药业
600769 8.86 83931.0 祥龙电业
600777 2.56 2448724.25 新潮能源
600779 72.28 67726.35 水井坊
600795 3.93 1888270.75 国电电力
600810 9.53 334729.41 神马股份
600938 15.06 1058150.75 中国海油
600941 63.17 150211.33 中国移动
600963 5.5 193715.17 岳阳林纸
600982 5.08 195168.5 宁波能源
