000021 11.49 244554.45 深科技
000040 3.26 446287.28 东旭蓝天
000066 10.72 455498.12 中国长城
000301 18.58 575751.75 东方盛虹
000521 3.82 662385.44 长虹美菱
000524 11.25 243300.91 岭南控股
000557 4.84 251976.92 西部创业
000651 33.9 2233273.0 格力电器
000657 16.01 241082.44 中钨高新
000697 7.42 108197.42 炼石航空
000721 4.52 307098.19 西安饮食
000727 2.29 675437.5 冠捷科技
000738 28.6 244979.88 航发控制
000751 3.47 448285.81 锌业股份
000768 30.0 397455.84 中航西飞
000793 2.54 698418.38 华闻集团
000795 7.7 777885.06 英洛华
000837 8.0 192009.41 秦川机床
000856 7.66 88087.01 冀东装备
000875 7.2 824760.19 吉电股份
000909 10.18 511428.28 数源科技
000920 8.75 82924.0 沃顿科技
000921 12.78 367564.0 海信家电
000977 26.11 731342.31 浪潮信息
000982 2.3 1263594.75 中银绒业
000988 23.2 364787.97 华工科技
002008 32.32 319624.47 大族激光
002015 16.26 231881.42 协鑫能科
002017 12.47 135751.38 东信和平
002019 14.01 113180.21 亿帆医药
002035 5.8 314650.88 华帝股份
002036 14.84 589871.0 联创电子
002043 10.47 131390.31 兔宝宝
002054 8.31 126271.9 德美化工
002057 9.81 237056.78 中钢天源
002064 7.9 223169.59 华峰化学
002073 6.89 981690.0 软控股份
002082 9.57 161715.09 万邦德
002083 4.58 209974.22 孚日股份
002091 11.61 481374.03 江苏国泰
002111 9.44 119078.0 威海广泰
002120 15.84 298574.41 韵达股份
002139 11.84 386726.16 拓邦股份
002140 10.36 152763.56 东华科技
002151 31.85 97912.35 北斗星通
002163 13.73 282493.0 海南发展
002167 7.23 256762.16 东方锆业
002171 9.39 255178.48 楚江新材
002179 64.0 214457.28 中航光电
002185 9.34 661561.25 华天科技
002186 8.33 58780.95 全聚德
002190 28.71 72291.2 成飞集成
002202 14.24 963834.75 金风科技
002229 6.62 166702.62 鸿博股份
002236 16.28 444985.09 大华股份
002238 5.98 143451.27 天威视讯
002239 3.4 2770371.75 奥特佳
002254 16.4 100840.2 泰和新材
002263 3.44 1472373.75 大东南
002264 4.74 65213.12 新华都
002270 9.06 455607.72 华明装备
002280 3.56 624574.31 联络互动
002290 7.24 66547.0 禾盛新材
002297 8.21 262443.03 博云新材
002300 7.47 144379.5 太阳电缆
002326 32.41 671300.06 永太科技
002329 6.01 236805.59 皇氏集团
002330 7.7 193949.0 得利斯
002333 5.11 89575.0 罗普斯金
002335 31.0 389487.47 科华数据
002340 9.41 3559304.75 格林美
002341 4.76 336567.56 新纶新材
002345 4.51 178488.69 潮宏基
002357 5.68 273824.62 富临运业
002389 18.66 251952.44 航天彩虹
002396 22.59 206798.8 星网锐捷
002402 19.3 405203.44 和而泰
002407 42.92 630194.75 多氟多
002414 12.96 493930.44 高德红外
002416 9.16 205754.88 爱施德
002436 10.93 527417.06 兴森科技
002452 7.29 413677.44 长高电新
002458 9.85 159922.84 益生股份
002468 11.49 179752.52 申通快递
002494 4.24 82253.36 华斯股份
002495 2.48 194210.41 佳隆股份
002511 12.26 325098.62 中顺洁柔
002522 5.79 206354.88 浙江众成
002530 6.89 316985.19 金财互联
002531 17.69 679726.38 天顺风能
002537 8.56 1243817.88 海联金汇
002539 16.09 363054.44 云图控股
002540 7.03 725142.56 亚太科技
002547 3.68 293451.0 春兴精工
002554 3.38 331687.0 惠博普
002558 9.03 331006.41 巨人网络
002564 4.59 305539.47 天沃科技
002615 5.96 86395.56 哈尔斯
002625 17.19 653444.94 光启技术
002627 5.99 234985.2 三峡旅游
002636 8.97 104456.25 金安国纪
002646 18.84 203114.59 天佑德酒
002652 2.78 436449.59 扬子新材
002655 13.0 195041.31 共达电声
002660 8.03 303573.47 茂硕电源
002669 13.8 185738.5 康达新材
002676 4.18 225249.2 顺威股份
002687 4.52 120687.25 乔治白
002689 3.43 401681.47 远大智能
002702 6.12 277034.59 海欣食品
002707 6.28 504392.62 众信旅游
002730 8.77 108561.07 电光科技
002739 12.74 303356.31 万达电影
002780 12.79 92216.5 三夫户外
002782 20.4 258022.56 可立克
002783 8.63 74516.3 凯龙股份
002790 7.32 66432.52 瑞尔特
002795 7.99 112231.18 永和智控
002796 7.75 42349.65 世嘉科技
002801 30.05 54366.58 微光股份
002825 11.16 73046.0 纳尔股份
002845 19.54 71418.43 同兴达
002870 33.64 24155.7 香山股份
002873 16.87 116258.66 新天药业
002877 6.35 58092.82 智能自控
002881 36.81 32465.7 美格智能
002890 15.94 18332.8 弘宇股份
002903 14.9 62344.3 宇环数控
002913 31.08 27788.5 奥士康
002918 16.62 112334.22 蒙娜丽莎
002919 18.13 18655.22 名臣健康
002921 14.79 39279.9 联诚精密
002928 10.99 127619.07 华夏航空
002952 11.97 25565.17 亚世光电
002956 14.65 27787.8 西麦食品
002959 61.59 24857.52 小熊电器
002977 40.28 19366.22 天箭科技
002987 20.24 106140.04 京北方
002991 61.7 36252.38 甘源食品
300005 8.14 109034.1 探路者
300009 10.16 203592.73 安科生物
300035 29.7 509586.31 中科电气
300044 3.39 327852.38 赛为智能
300054 19.92 106351.05 鼎龙股份
300055 9.64 97067.75 万邦达
300066 5.35 233119.59 三川智慧
300097 5.85 100267.85 智云股份
300114 11.47 200283.09 中航电测
300118 30.7 688454.75 东方日升
300127 18.58 120952.33 银河磁体
300129 8.9 380583.03 泰胜风能
300133 4.7 382781.03 华策影视
300143 9.95 75909.0 盈康生命
300144 13.8 553659.25 宋城演艺
300151 16.95 135235.33 昌红科技
300160 8.45 266720.47 秀强股份
300169 5.6 217596.0 天晟新材
300185 2.96 1176444.62 通裕重工
300200 9.03 237576.77 高盟新材
300203 26.43 75425.31 聚光科技
300211 8.64 32666.47 亿通科技
300214 7.75 79168.54 日科化学
300218 14.38 50326.69 安利股份
300220 13.6 49208.0 金运激光
300223 96.51 125362.5 北京君正
300224 15.01 436295.28 正海磁材
300226 22.91 37524.41 上海钢联
300229 11.33 360581.16 拓尔思
300234 6.47 99336.49 开尔新材
300272 6.05 91054.22 开能健康
300275 13.05 39801.0 梅安森
300302 8.06 52869.74 同有科技
300322 8.76 82506.59 硕贝德
300340 15.57 123106.62 科恒股份
300341 9.29 69032.0 麦克奥迪
300353 9.42 187585.72 东土科技
300354 30.86 8682.99 东华测试
300382 16.67 176474.45 斯莱克
300384 18.64 56097.43 三联虹普
300393 17.0 835527.06 中来股份
300398 22.74 196254.5 飞凯材料
300404 8.32 119979.48 博济医药
300409 26.96 260033.95 道氏技术
300421 13.69 181648.52 力星股份
300424 11.66 48567.8 航新科技
300447 21.36 66092.57 全信股份
300451 7.52 409451.0 创业慧康
300463 20.22 93389.87 迈克生物
300468 11.32 327243.56 四方精创
300473 19.46 50426.16 德尔股份
300476 18.52 645356.56 胜宏科技
300480 19.25 88980.43 光力科技
300481 23.47 36634.99 濮阳惠成
300484 14.2 130600.73 蓝海华腾
300494 14.16 82273.57 盛天网络
300500 18.29 54171.96 启迪设计
300522 11.96 22708.3 世名科技
300553 31.72 8294.3 集智股份
300558 61.65 59166.07 贝达药业
300570 15.39 75145.51 太辰光
300572 15.18 89218.14 安车检测
300579 25.48 99897.81 数字认证
300583 22.63 10645.6 赛托生物
300591 5.81 47442.3 万里马
300611 11.51 119828.2 美力科技
300613 73.3 89037.78 富瀚微
300615 10.86 30834.1 欣天科技
300619 80.9 34744.81 金银河
300638 27.72 75787.71 广和通
300647 11.24 193292.8 超频三
300651 26.3 42348.35 金陵体育
300655 17.77 212131.77 晶瑞电材
300661 172.88 39097.81 圣邦股份
300666 60.97 59483.13 江丰电子
300667 16.61 36744.0 必创科技
300670 7.62 44646.2 大烨智能
300673 18.01 25155.0 佩蒂股份
300684 14.7 97709.2 中石科技
300686 11.68 30263.53 智动力
300688 21.44 278044.16 创业黑马
300690 19.53 93685.3 双一科技
300699 57.45 75520.57 光威复材
300703 9.37 47257.25 创源股份
300707 16.67 146643.78 威唐工业
300710 41.65 11177.0 万隆光电
300719 10.24 80122.58 安达维尔
300721 36.9 11456.0 怡达股份
300722 32.2 91042.87 新余国科
300726 63.49 45136.5 宏达电子
300727 30.12 86161.57 润禾材料
300738 10.91 177594.38 奥飞数据
300748 35.72 139012.77 金力永磁
300756 15.12 25688.28 金马游乐
300771 13.56 109356.36 智莱科技
300772 25.08 327851.19 运达股份
300777 48.78 112478.88 中简科技
300783 22.88 60355.98 三只松鼠
300790 19.02 48882.2 宇瞳光学
300791 27.1 18433.5 仙乐健康
300797 13.98 24708.0 钢研纳克
300800 16.55 23233.5 力合科技
300816 31.95 27916.72 艾可蓝
300819 14.67 17121.09 聚杰微纤
300821 18.58 357465.53 东岳硅材
300824 11.25 38597.5 北鼎股份
300828 17.38 72298.85 锐新科技
300834 30.4 21605.62 星辉环材
300864 21.37 6754.85 南大环境
300866 66.28 37747.65 安克创新
300876 22.25 4233.0 蒙泰高新
300885 11.84 79989.97 海昌新材
300890 61.0 94109.68 翔丰华
300892 27.22 14754.37 品渥食品
300898 20.68 27159.92 熊猫乳品
300900 26.88 69970.93 广联航空
300902 37.7 39258.72 国安达
300905 18.14 7793.56 宝丽迪
300906 25.57 8535.0 日月明
300907 21.35 23622.84 康平科技
300908 36.47 13088.79 仲景食品
300911 71.74 23230.48 亿田智能
300918 8.61 35309.03 南山智尚
300919 129.48 43763.9 中伟股份
300922 18.07 56417.29 天秦装备
300930 27.05 6832.0 屹通新材
300938 26.9 18812.3 信测标准
300939 31.68 51312.22 秋田微
300940 24.53 118990.41 南极光
300946 36.61 17635.6 恒而达
300947 32.3 19508.52 德必集团
300960 18.84 8832.67 通业科技
300963 19.4 20665.52 中洲特材
300978 13.8 45171.96 东箭科技
300982 50.3 15894.53 苏文电能
300990 58.53 20641.83 同飞股份
300993 12.8 57715.95 玉马遮阳
300994 33.86 49436.52 久祺股份
300995 21.13 14310.44 奇德新材
300997 12.76 57248.87 欢乐家
300999 49.21 221738.12 金龙鱼
301000 31.53 16766.4 肇民科技
301003 30.52 77279.54 江苏博云
301011 30.18 9221.69 华立科技
301012 43.41 44345.62 扬电科技
301019 23.73 18074.32 宁波色母
301021 26.81 17776.17 英诺激光
301026 38.88 22218.25 浩通科技
301030 24.17 19158.19 仕净科技
301036 21.7 9875.16 双乐股份
301037 21.74 11370.69 保立佳
301040 31.38 33313.49 中环海陆
301046 35.09 31121.41 能辉科技
301058 17.15 52824.68 中粮科工
301061 32.61 15243.71 匠心家居
301062 11.69 18803.92 上海艾录
301063 29.15 27071.1 海锅股份
301078 14.33 118875.97 孩子王
301081 14.87 11149.4 严牌股份
301082 18.84 16641.13 久盛电气
301086 59.18 4681.88 鸿富瀚
301096 74.1 10568.49 百诚医药
301101 45.18 23242.71 明月镜片
301118 44.36 27592.8 恒光股份
301153 55.09 49968.23 中科江南
301163 38.15 38151.79 宏德股份
301168 40.11 61803.21 通灵股份
301182 23.99 21850.76 凯旺科技
301188 17.87 49966.25 力诺特玻
301191 83.93 26318.47 菲菱科思
301201 70.46 29445.11 诚达药业
301206 44.19 30969.42 三元生物
301217 15.51 203748.44 铜冠铜箔
301226 36.6 43090.85 祥明智能
301256 10.16 125873.32 华融化学
600004 12.3 250143.48 白云机场
600038 46.91 330252.59 中直股份
600081 13.31 242227.19 东风科技
600089 26.71 1384817.62 特变电工
600107 6.24 74064.88 美尔雅
600110 11.6 1244989.0 诺德股份
600114 8.29 94843.98 东睦股份
600128 8.22 117513.48 弘业股份
600138 11.97 487985.31 中青旅
600143 9.58 635625.75 金发科技
600158 8.32 247610.91 中体产业
600165 9.51 104469.0 新日恒力
600171 22.39 768163.75 上海贝岭
600191 5.33 83380.21 华资实业
600199 29.12 530785.25 金种子酒
600250 5.2 53552.0 南纺股份
600288 14.26 59716.53 大恒科技
600293 3.65 744413.62 三峡新材
600305 12.26 204066.33 恒顺醋业
600316 30.11 290159.81 洪都航空
600328 20.86 231383.03 中盐化工
600336 6.87 282791.06 澳柯玛
600338 29.88 483725.12 西藏珠峰
600343 10.85 135129.0 航天动力
600353 7.77 152315.0 旭光电子
600360 7.38 383218.19 华微电子
600363 22.28 88255.8 联创光电
600366 12.37 557414.69 宁波韵升
600379 11.15 89516.88 宝光股份
600438 57.96 922543.81 通威股份
600456 53.8 119213.24 宝钛股份
600459 18.32 163896.48 贵研铂业
600468 4.55 133492.06 百利电气
600487 15.04 636345.0 亨通光电
600501 11.68 80174.39 航天晨光
600563 187.05 32935.66 法拉电子
600566 29.44 105076.32 济川药业
600573 9.91 103458.9 惠泉啤酒
600577 6.05 1773907.62 精达股份
600597 12.34 209793.0 光明乳业
600600 95.59 74703.83 青岛啤酒
600619 7.01 327808.09 海立股份
600624 7.06 164780.98 复旦复华
600662 6.48 131606.27 外服控股
600702 194.09 71628.02 舍得酒业
600703 23.99 1149518.38 三安光电
600718 11.56 243648.0 东软集团
600733 10.0 2931625.75 北汽蓝谷
600746 11.99 139161.55 江苏索普
600764 26.11 66385.92 中国海防
600783 14.35 155119.31 鲁信创投
600818 16.17 26877.0 中路股份
600831 6.1 227014.41 广电网络
600839 2.96 855043.44 四川长虹
600854 6.13 375489.0 春兰股份
600859 24.17 286757.12 王府井
600872 31.33 162875.48 中炬高新
600873 10.9 608352.88 梅花生物
600877 11.37 89917.36 声光电科
600882 42.92 79274.73 妙可蓝多
600884 28.32 684766.25 杉杉股份
600888 9.35 369844.0 新疆众和
600893 45.11 975262.38 航发动力
600956 12.58 72666.76 新天绿能
600958 10.49 2127333.5 东方证券
600980 15.88 34714.05 北矿科技
600987 5.52 292640.19 航民股份
600990 42.98 28741.21 四创电子
