000009 13.93 1015914.38 中国宝安
000037 8.39 290978.38 深南电A
000065 8.62 206189.3 北方国际
000155 23.19 553718.19 川能动力
000157 6.46 1665329.62 中联重科
000425 5.54 1156625.12 徐工机械
000534 13.85 133064.77 万泽股份
000632 4.89 1000148.94 三木集团
000639 4.57 452893.38 西王食品
000731 9.3 245473.31 四川美丰
000767 3.85 725040.5 晋控电力
000792 30.8 1365056.75 盐湖股份
000803 16.28 66107.43 山高环能
000816 4.63 1100922.88 智慧农业
000877 12.56 197140.28 天山股份
000893 35.41 113903.59 亚钾国际
000966 6.17 403827.0 长源电力
000993 13.64 257395.94 闽东电力
002006 31.4 183902.09 精功科技
002035 5.94 239788.44 华帝股份
002037 9.75 325717.97 保利联合
002054 8.26 111690.35 德美化工
002097 7.07 237285.98 山河智能
002100 9.97 487831.97 天康生物
002124 6.88 1124648.0 天邦食品
002136 15.66 94299.51 安纳达
002154 4.45 293562.53 报喜鸟
002161 5.15 870933.75 远望谷
002165 4.83 955873.44 红宝丽
002192 162.62 90671.56 融捷股份
002234 16.58 186586.77 民和股份
002242 19.14 105250.0 九阳股份
002258 24.19 164829.81 利尔化学
002386 11.3 256691.05 天原股份
002460 156.97 407118.0 赣锋锂业
002497 33.93 1121761.0 雅化集团
002516 5.33 330705.72 旷达科技
002538 11.57 712169.12 司尔特
002539 16.78 437131.28 云图控股
002545 11.62 158479.59 东方铁塔
002562 6.72 440947.38 兄弟科技
002563 6.12 298587.84 森马服饰
002567 8.93 895556.19 唐人神
002568 31.5 253280.41 百润股份
002573 5.99 169896.72 清新环境
002580 8.68 343129.97 圣阳股份
002584 8.41 509355.72 西陇科学
002588 7.07 1042589.81 史丹利
002597 44.29 93995.01 金禾实业
002625 17.63 336301.91 光启技术
002636 9.28 163087.7 金安国纪
002683 28.61 96304.24 广东宏大
002689 5.19 2472769.5 远大智能
002713 6.73 91671.51 东易日盛
002731 23.0 155716.12 萃华珠宝
002738 97.6 259155.38 中矿资源
002759 28.04 212392.59 天际股份
002827 10.12 85861.0 高争民爆
002840 18.37 108688.41 华统股份
002886 23.18 149829.98 沃特股份
002908 11.92 170162.42 德生科技
002943 52.93 78195.4 宇晶股份
002960 28.56 77367.56 青鸟消防
002969 4.17 103575.99 嘉美包装
002978 40.65 46432.77 安宁股份
002982 42.44 21253.09 湘佳股份
002993 42.5 78097.98 奥海科技
300068 15.89 284818.0 南都电源
300082 12.12 130956.53 奥克股份
300122 113.96 130128.03 智飞生物
300138 16.06 53969.73 晨光生物
300196 19.31 58936.2 长海股份
300234 6.54 203310.41 开尔新材
300239 8.13 333750.78 东宝生物
300262 3.2 405610.88 巴安水务
300276 4.33 517231.69 三丰智能
300299 6.53 547997.69 富春股份
300303 4.9 637174.56 聚飞光电
300306 11.93 297487.0 远方信息
300332 11.82 196439.44 天壕环境
300343 15.77 1020238.5 联创股份
300354 33.67 11176.03 东华测试
300387 7.05 126999.57 富邦股份
300389 10.69 97071.36 艾比森
300456 18.88 241816.0 赛微电子
300546 26.42 96792.41 雄帝科技
300560 15.65 199930.48 中富通
300586 18.17 230949.77 美联新材
300587 21.27 323124.53 天铁股份
300596 46.41 30787.57 利安隆
300631 30.62 66751.0 久吾高科
300660 37.95 322384.31 江苏雷利
300671 75.3 127198.15 富满微
300672 85.8 86994.24 国科微
300683 42.03 38976.0 海特生物
300731 25.0 133073.02 科创新源
300782 140.76 97689.41 卓胜微
300791 32.98 48666.44 仙乐健康
300819 15.52 39473.5 聚杰微纤
300831 14.47 246948.41 派瑞股份
300833 90.26 5432.09 浩洋股份
300887 43.94 22296.3 谱尼测试
300927 18.0 45588.89 江天化学
300929 14.08 45439.55 华骐环保
300961 14.11 93573.16 深水海纳
300972 13.44 97749.63 万辰生物
301066 14.87 73918.56 万事利
301109 17.9 78056.4 军信股份
301125 31.96 33112.21 腾亚精工
301148 27.32 41013.86 嘉戎技术
301151 23.85 42218.36 冠龙节能
301238 39.0 309762.44 瑞泰新材
301288 24.96 65761.07 清研环境
600031 19.84 2157110.5 三一重工
600096 32.9 1179460.0 云天化
600130 3.91 307290.66 波导股份
600141 46.14 340420.78 兴发集团
600163 8.63 510676.47 中闽能源
600168 6.66 184979.23 武汉控股
600180 8.14 255682.0 瑞茂通
600196 46.0 763591.44 复星医药
600216 14.4 263930.56 浙江医药
600273 11.09 274025.94 嘉化能源
600276 38.94 1000345.62 恒瑞医药
600285 12.85 100194.67 羚锐制药
600292 6.31 92319.96 远达环保
600355 3.19 221923.3 精伦电子
600367 23.05 284756.31 红星发展
600389 63.27 78445.97 江山股份
600396 3.28 985916.0 金山股份
600415 5.79 1498713.38 小商品城
600433 3.93 286584.88 冠豪高新
600444 13.64 41506.0 国机通用
600509 5.36 399102.94 天富能源
600517 5.42 399917.69 国网英大
600527 2.29 498191.5 江南高纤
600536 41.82 288764.66 中国软件
600549 22.43 252088.03 厦门钨业
600550 5.61 520410.69 保变电气
600615 7.87 20278.71 丰华股份
600618 12.95 228668.67 氯碱化工
600620 11.52 421365.88 天宸股份
600644 6.35 180045.73 乐山电力
600647 18.45 45345.6 同达创业
600710 6.08 237626.72 苏美达
600744 5.13 450332.09 华银电力
600751 2.78 529717.75 海航科技
600753 14.05 129870.88 东方银星
600761 12.57 241759.02 安徽合力
600773 20.78 338062.62 西藏城投
600847 18.55 35602.72 万里股份
600866 6.27 468596.09 星湖科技
600869 5.28 415563.56 远东股份
600874 6.97 251308.94 创业环保
600888 9.68 478002.22 新疆众和
600965 7.45 156917.42 福成股份
600975 8.87 568827.38 新五丰
600995 15.65 212262.31 南网储能
