000008 2.56 788212.19 神州高铁
000010 3.6 171340.92 美丽生态
000028 37.3 98508.38 国药一致
000045 12.26 685525.25 深纺织A
000046 1.43 737084.88 泛海控股
000099 7.84 254638.81 中信海直
000159 9.78 135560.0 国际实业
000411 13.83 360030.69 英特集团
000416 4.43 263477.0 民生控股
000498 7.68 315548.91 山东路桥
000503 12.01 423264.41 国新健康
000532 11.87 119529.52 华金资本
000566 4.81 180026.64 海南海药
000589 5.13 340876.59 贵州轮胎
000623 16.16 147827.05 吉林敖东
000635 10.2 218989.59 英力特
000637 4.85 124170.0 茂化实华
000650 7.16 1211547.75 仁和药业
000698 4.66 126095.56 沈阳化工
000705 9.11 220417.48 浙江震元
000729 10.46 403555.09 燕京啤酒
000731 8.67 166618.3 四川美丰
000788 8.59 295072.69 北大医药
000795 6.97 196003.95 英洛华
000798 12.28 221903.41 中水渔业
000856 9.53 157924.19 冀东装备
000885 10.63 69477.58 城发环境
000912 5.06 172396.55 泸天化
002042 3.44 324190.41 华孚时尚
002043 10.33 564957.62 兔宝宝
002051 9.12 284308.19 中工国际
002061 5.88 527266.0 浙江交科
002066 13.65 202007.08 瑞泰科技
002092 6.74 428252.53 中泰化学
002111 9.59 67364.6 威海广泰
002125 15.5 234726.22 湘潭电化
002140 10.42 144796.31 东华科技
002172 4.02 414318.0 澳洋健康
002175 4.21 846774.56 东方智造
002182 23.62 219918.59 云海金属
002205 12.77 363770.38 国统股份
002216 17.57 254610.84 三全食品
002222 15.94 194807.48 福晶科技
002236 12.36 299960.47 大华股份
002302 7.97 309450.62 西部建设
002324 17.56 293239.59 普利特
002345 4.61 189242.41 潮宏基
002392 3.83 101005.83 北京利尔
002393 24.2 42714.82 力生制药
002401 12.43 144626.28 中远海科
002468 10.98 272442.91 申通快递
002542 3.28 1073186.5 中化岩土
002554 4.14 522258.47 惠博普
002557 50.8 93790.35 洽洽食品
002565 4.72 478270.59 顺灏股份
002572 17.7 175865.77 索菲亚
002574 5.41 89965.77 明牌珠宝
002578 4.88 210170.64 闽发铝业
002583 5.75 205726.08 海能达
002589 4.65 1146146.5 瑞康医药
002628 3.96 271605.66 成都路桥
002647 8.16 982639.62 仁东控股
002649 11.25 173870.12 博彦科技
002654 4.82 304813.38 万润科技
002775 4.2 119008.72 文科园林
002778 15.93 19640.04 中晟高科
002785 34.12 86583.11 万里石
002786 7.83 283979.0 银宝山新
002788 10.21 476586.25 鹭燕医药
002793 9.04 93177.08 罗欣药业
002798 8.2 38186.78 帝欧家居
002817 10.59 300304.59 黄山胶囊
002832 25.1 51958.34 比音勒芬
002881 30.49 32365.78 美格智能
002883 13.48 295042.62 中设股份
002956 15.35 55995.2 西麦食品
002963 14.57 22577.37 豪尔赛
002991 80.75 14867.38 甘源食品
002996 14.17 43195.0 顺博合金
300006 4.23 173609.44 莱美药业
300021 5.0 402199.56 大禹节水
300056 8.34 194690.92 中创环保
300058 5.55 758101.06 蓝色光标
300127 16.67 34521.91 银河磁体
300135 2.79 149091.0 宝利国际
300148 3.53 326547.16 天舟文化
300152 3.62 284428.44 新动力
300179 12.8 119131.95 四方达
300197 2.45 610293.44 节能铁汉
300234 5.71 91158.06 开尔新材
300267 3.61 610228.38 尔康制药
300272 5.74 56060.57 开能健康
300284 6.13 238444.2 苏交科
300399 11.04 25721.0 天利科技
300425 4.8 235719.0 中建环能
300540 18.97 21042.2 蜀道装备
300573 123.44 35986.53 兴齐眼药
300577 16.97 30652.47 开润股份
300621 8.95 65940.56 维业股份
300674 16.32 235282.08 宇信科技
300688 17.06 119657.2 创业黑马
300732 9.88 63564.4 设研院
300740 13.16 106020.43 水羊股份
300960 19.17 9328.0 通业科技
300973 96.3 14392.45 立高食品
300999 43.89 138282.7 金龙鱼
301052 26.55 69580.26 果麦文化
301058 18.71 133344.02 中粮科工
301075 24.64 6971.01 多瑞医药
301087 49.3 127050.91 可孚医疗
301100 23.25 30075.71 风光股份
301103 31.04 43398.42 何氏眼科
301108 37.25 20045.71 洁雅股份
301136 15.17 44645.9 招标股份
301167 27.36 21376.14 建研设计
301212 37.03 20054.57 联盛化学
301227 33.12 24527.9 森鹰窗业
301331 46.53 50556.19 恩威医药
600053 16.26 53086.01 九鼎投资
600080 8.93 319372.31 金花股份
600088 10.1 160740.34 中视传媒
600099 10.34 126484.34 林海股份
600103 2.42 275163.47 青山纸业
600125 5.98 485336.59 铁龙物流
600148 14.35 29963.68 长春一东
600169 2.58 428058.53 太原重工
600176 14.95 539980.44 中国巨石
600200 7.33 336529.0 江苏吴中
600206 14.08 189076.89 有研新材
600222 8.46 1044025.44 太龙药业
600246 11.15 378062.81 万通发展
600248 4.78 432182.38 陕西建工
600268 8.79 290156.69 国电南自
600271 11.46 210738.61 航天信息
600278 7.35 88523.19 东方创业
600283 13.51 90497.0 钱江水利
600328 17.0 423522.41 中盐化工
600353 15.58 112567.68 旭光电子
600354 7.49 1101307.0 敦煌种业
600368 3.79 127430.39 五洲交通
600371 13.4 317798.66 万向德农
600379 12.53 158727.42 宝光股份
600398 5.21 646079.19 海澜之家
600435 10.28 262406.09 北方导航
600444 14.31 53953.24 国机通用
600463 8.34 96214.0 空港股份
600495 4.02 310411.72 晋西车轴
600496 4.35 499752.81 精工钢构
600513 10.37 114839.18 联环药业
600558 3.53 119816.87 大西洋
600559 25.27 360822.5 老白干酒
600579 7.5 153145.0 克劳斯
600594 6.4 289263.75 益佰制药
600605 11.51 136586.39 汇通能源
600612 43.08 33192.11 老凤祥
600629 5.05 145911.66 华建集团
600650 10.56 47536.62 锦江在线
600668 12.82 112256.96 尖峰集团
600678 5.89 69204.06 四川金顶
600750 15.86 151299.41 江中药业
600774 12.53 43723.9 汉商集团
600776 10.26 137263.33 东方通信
600801 15.75 169197.27 华新水泥
600812 6.52 282272.62 华北制药
600825 4.02 118330.67 新华传媒
600829 7.58 287286.28 人民同泰
600834 8.65 49118.11 申通地铁
600836 7.16 273285.0 上海易连
600855 12.51 198837.45 航天长峰
600859 26.5 296398.19 王府井
600866 6.74 168054.05 星湖科技
600872 40.21 280568.34 中炬高新
600901 5.86 369036.59 江苏金租
600970 9.84 381085.47 中材国际
600977 14.7 564918.94 中国电影
