000028 30.63 41613.73 国药一致 3.06
000078 3.36 216836.12 海王生物 1.82
000153 8.21 51734.0 丰原药业 2.5
000404 5.22 254263.81 长虹华意 1.95
000423 34.08 82121.62 东阿阿胶 2.34
000509 3.71 107934.0 华塑控股 1.09
000566 4.33 201543.36 海南海药 4.34
000590 8.37 23354.0 启迪药业 2.45
000650 5.83 272219.03 仁和药业 3.37
000710 12.38 87261.97 贝瑞基因 4.83
000766 4.91 105158.6 通化金马 4.03
000790 4.69 168850.92 华神科技 3.3
000813 3.25 183760.95 德展健康 4.5
000952 7.77 98493.4 广济药业 2.51
000955 4.73 113506.01 欣龙控股 1.07
002007 19.57 244449.88 华兰生物 5.96
002019 11.16 116607.63 亿帆医药 4.69
002082 9.06 65138.84 万邦德 5.35
002099 6.91 92834.02 海翔药业 1.92
002107 6.06 93522.06 沃华医药 3.77
002162 4.2 325761.25 悦心健康 5.26
002254 17.87 120618.59 泰和新材 4.02
002275 14.08 41763.57 桂林三金 2.25
002278 5.15 243390.0 神开股份 0.98
002280 2.9 248686.0 联络互动 3.2
002291 15.61 253116.05 遥望科技 6.84
002300 8.05 199528.16 太阳电缆 4.95
002315 13.26 22789.29 焦点科技 1.69
002331 6.47 37444.55 皖通科技 1.25
002365 11.04 70891.5 永安药业 2.79
002370 4.88 215994.88 亚太药业 2.95
002376 7.77 121207.49 新北洋 3.88
002382 8.39 258647.41 蓝帆医疗 6.47
002390 5.06 210924.12 信邦制药 3.27
002435 4.45 190049.0 长江健康 3.49
002436 10.16 542585.12 兴森科技 5.29
002437 2.55 585620.75 誉衡药业 5.37
002452 7.56 122862.0 长高电新 1.75
002524 7.22 511064.41 光正眼科 3.44
002536 8.35 199359.12 飞龙股份 6.23
002566 8.01 109606.0 益盛药业 4.3
002621 4.03 354212.84 美吉姆 4.95
002638 2.26 419362.31 勤上股份 6.6
002644 9.52 81153.0 佛慈制药 1.49
002653 20.68 35870.44 海思科 1.87
002688 5.47 165369.5 金河生物 1.11
002737 19.5 137611.78 葵花药业 3.94
002762 7.17 65996.87 金发拉比 2.58
002783 9.71 214514.88 凯龙股份 6.35
002788 8.44 147681.31 鹭燕医药 2.68
002801 28.42 29093.95 微光股份 5.26
002818 13.09 66844.7 富森美 3.07
002825 13.89 60222.84 纳尔股份 0.14
002826 9.88 27616.0 易明医药 1.54
002848 11.08 112845.89 高斯贝尔 7.57
002873 15.57 53695.28 新天药业 3.39
002885 32.07 134604.0 京泉华 5.11
002898 10.55 39586.3 赛隆药业 5.18
002923 16.96 19758.85 润都股份 2.98
002940 41.58 48193.0 昂利康 4.97
002977 37.64 8426.0 天箭科技 2.45
002993 39.77 37057.71 奥海科技 3.6
002998 6.65 21122.35 优彩资源 2.78
300006 3.93 137655.73 莱美药业 3.15
300016 6.69 45740.0 北陆药业 3.4
300030 7.0 71627.5 阳普医疗 7.2
300074 3.48 101870.0 华平股份 2.65
300078 4.52 109904.52 思创医惠 3.67
300096 6.05 95631.5 易联众 4.67
300110 4.11 391043.12 华仁药业 4.32
300128 3.41 254087.12 锦富技术 1.49
300142 40.0 262126.16 沃森生物 2.43
300143 10.5 91049.0 盈康生命 6.49
300147 5.1 132311.73 香雪制药 3.45
300149 9.93 121467.0 睿智医药 4.64
300168 8.14 111140.61 万达信息 3.83
300199 10.31 246490.84 翰宇药业 4.67
300204 10.81 115493.19 舒泰神 5.88
300235 9.54 25481.01 方直科技 3.92
300238 11.09 40368.4 冠昊生物 5.42
300245 7.76 77424.18 天玑科技 3.47
300246 14.65 35600.27 宝莱特 6.78
300248 8.47 196212.36 新开普 6.94
300253 8.06 806659.44 卫宁健康 7.75
300254 6.62 56852.0 仟源医药 5.25
300289 6.24 162037.67 利德曼 6.49
300290 4.32 129616.87 荣科科技 3.6
300300 3.87 112650.61 海峡创新 4.59
300314 10.7 45330.85 戴维医疗 6.36
300318 6.42 160839.88 博晖创新 5.25
300324 3.13 312251.53 旋极信息 1.95
300341 8.61 50500.81 麦克奥迪 2.62
300382 23.9 246687.81 斯莱克 7.66
300399 9.88 17012.1 天利科技 2.92
300404 7.59 82827.52 博济医药 4.4
300414 7.55 21301.0 中光防雷 1.34
300419 5.65 108711.07 浩丰科技 4.05
300439 12.23 184401.09 美康生物 7.56
300449 5.26 43801.0 汉邦高科 2.94
300451 6.89 384056.28 创业慧康 6.82
300452 14.2 91324.9 山河药辅 5.81
300453 9.94 104272.66 三鑫医疗 5.3
300536 16.85 62711.0 农尚环境 3.82
300561 9.28 42810.01 汇金科技 3.46
300562 9.2 90828.91 乐心医疗 5.38
300583 25.64 6380.41 赛托生物 4.27
300588 10.11 81380.4 熙菱信息 4.98
300630 25.78 73836.75 普利制药 7.28
300636 13.33 104360.24 同和药业 5.63
300638 19.17 99035.5 广和通 2.9
300642 22.18 51622.9 透景生命 7.98
300678 17.2 102130.43 中科信息 6.04
300683 37.7 12179.88 海特生物 4.49
300685 24.8 102532.08 艾德生物 7.97
300702 23.85 41095.54 天宇股份 4.24
300723 24.68 25379.51 一品红 5.11
300731 19.94 43825.52 科创新源 6.8
300753 13.52 23979.28 爱朋医疗 5.96
300765 15.37 40127.24 新诺威 4.56
300791 27.46 13042.74 仙乐健康 4.45
300811 96.01 7953.6 铂科新材 2.25
300858 25.4 10035.6 科拓生物 3.8
300869 22.97 71894.26 康泰医学 5.61
300878 20.25 11093.3 维康药业 3.63
300880 14.69 15305.06 迦南智能 3.74
300882 14.02 19519.16 万胜智能 3.24
300888 73.88 24243.83 稳健医疗 6.23
300925 10.92 118192.29 法本信息 6.64
300929 12.52 31927.87 华骐环保 2.96
300935 27.69 14309.03 盈建科 5.29
300937 25.84 19756.14 药易购 3.65
300939 32.66 30004.61 秋田微 5.29
300966 24.92 20952.86 共同药业 4.84
300971 21.5 4308.35 博亚精工 1.27
300981 20.15 48982.5 中红医疗 5.5
300987 15.28 25188.65 川网传媒 2.34
300999 44.16 88496.05 金龙鱼 1.94
301001 21.72 12402.63 凯淳股份 3.48
301015 26.47 54928.36 百洋医药 6.78
301017 16.04 22127.45 漱玉平民 3.48
301047 100.08 12334.88 义翘神州 5.97
301057 18.05 12417.28 汇隆新材 1.23
301075 22.43 6750.0 多瑞医药 4.71
301076 24.6 7717.32 新瀚新材 2.46
301087 34.54 27393.1 可孚医疗 5.05
301093 28.47 19028.68 华兰股份 6.07
301097 69.91 15236.62 天益医疗 5.76
301111 21.91 36834.28 粤万年青 4.09
301126 15.26 40404.56 达嘉维康 4.59
301166 48.74 15392.5 优宁维 6.0
301169 30.6 18822.62 零点有数 5.74
301178 27.84 12865.81 天亿马 4.08
301201 55.0 20619.56 诚达药业 6.14
301211 17.67 23358.07 亨迪药业 4.06
301228 18.35 25842.3 实朴检测 0.55
301235 45.88 53607.44 华康医疗 7.2
600099 8.16 25721.46 林海股份 2.77
600161 21.52 93607.19 天坛生物 2.77
600196 31.15 508049.41 复星医药 5.99
600211 34.9 26895.07 西藏药业 3.87
600222 5.48 66203.0 太龙药业 3.59
600232 5.49 44614.11 金鹰股份 0.92
600299 10.5 188905.12 安迪苏 4.69
600329 24.02 44736.4 达仁堂 5.4
600422 12.26 152789.73 昆药集团 4.43
600479 9.69 117900.37 千金药业 3.19
600496 4.28 816607.56 精工钢构 2.88
600513 9.46 115139.47 联环药业 5.82
600523 19.21 48507.29 贵航股份 4.4
600529 30.07 183639.42 山东药玻 5.32
600530 3.73 80959.0 交大昂立 5.07
600613 5.51 75654.01 神奇制药 4.75
600630 5.5 120960.07 龙头股份 0.55
600633 6.69 181442.91 浙数文化 2.45
600661 8.28 63004.02 昂立教育 4.41
600707 4.35 726046.88 彩虹股份 4.32
600713 5.13 201034.0 南京医药 2.81
600750 15.54 141794.7 江中药业 3.19
600756 13.04 347963.59 浪潮软件 7.68
600797 5.91 213955.94 浙大网新 2.6
600829 6.11 60545.0 人民同泰 4.8
600833 9.66 48358.0 第一医药 3.21
600851 6.88 34577.94 海欣股份 2.99
600855 10.94 213177.75 航天长峰 7.57
600976 44.59 60252.35 健民集团 7.11
600993 21.95 83962.82 马应龙 3.68
600995 15.05 108276.0 南网储能 1.76
