000045 7.39 97668.0 深纺织A 1.09
000568 214.8 126527.79 泸州老窖 4.27
000692 3.76 97251.68 惠天热电 4.16
000862 7.43 568345.38 银星能源 1.09
000927 3.02 1009590.0 中国铁物 2.72
002028 36.55 151722.09 思源电气 3.83
002192 133.29 100025.85 融捷股份 0.07
002204 3.71 205164.23 大连重工 0.54
002304 165.0 75616.27 洋河股份 3.23
002356 5.31 70902.15 赫美集团 0.57
002553 8.81 29219.52 南方精工 1.26
002562 6.24 436342.31 兄弟科技 0.81
002712 4.25 109631.7 思美传媒 0.24
002729 60.7 45295.21 好利科技 4.82
002732 19.88 36400.0 燕塘乳业 3.6
002765 7.51 244119.48 蓝黛科技 4.16
002865 84.3 30317.67 钧达股份 7.14
002921 15.02 27114.45 联诚精密 4.38
002942 17.17 22714.9 新农股份 1.3
002999 7.66 161452.59 天禾股份 2.0
300011 6.18 243991.0 鼎汉技术 4.04
300161 18.99 35122.0 华中数控 1.88
300171 33.96 60188.25 东富龙 3.73
300189 5.63 1835627.5 神农科技 5.04
300298 19.72 73499.46 三诺生物 5.34
300349 9.69 32523.74 金卡智能 1.68
300374 12.09 80880.3 中铁装配 2.02
300450 48.54 174177.48 先导智能 3.45
300671 61.11 66816.09 富满微 2.05
300711 11.4 27085.87 广哈通信 1.6
300755 36.45 58003.42 华致酒行 4.32
300851 22.58 9577.46 交大思诺 2.5
300896 540.9 34365.91 爱美客 7.36
300957 190.0 42870.81 贝泰妮 3.65
301035 73.9 15678.14 润丰股份 3.81
301048 12.27 207445.48 金鹰重工 4.43
301129 63.09 17468.08 瑞纳智能 7.46
301180 18.48 19004.47 万祥科技 1.65
301258 41.22 21334.55 富士莱 0.22
600088 9.27 78007.52 中视传媒 2.09
600097 10.54 101339.39 开创国际 0.86
600125 5.55 466986.38 铁龙物流 2.4
600192 5.28 366204.09 长城电工 4.76
600233 20.37 215543.33 圆通速递 1.7
600249 5.36 168586.53 两面针 2.88
600345 16.27 76615.0 长江通信 5.17
600379 11.18 159288.91 宝光股份 1.91
600505 8.8 214371.92 西昌电力 0.92
600588 19.36 360004.31 用友网络 3.97
600692 6.37 106751.0 亚通股份 1.27
600796 5.8 111732.81 钱江生化 4.5
600809 272.5 90982.89 山西汾酒 4.31
600811 2.99 677747.62 东方集团 1.36
600877 11.04 141705.02 声光电科 5.14
