000017 4.37 281168.97 深中华A
000420 5.02 492495.41 吉林化纤
000503 8.97 244346.8 国新健康
000570 5.24 314668.38 苏常柴A
000590 8.41 27621.68 启迪药业
000626 12.1 54557.63 远大控股
000723 11.52 821155.12 美锦能源
000795 7.47 385814.31 英洛华
000798 10.22 204185.36 中水渔业
000903 3.09 211640.28 云内动力
000913 16.37 124173.0 钱江摩托
000922 10.07 642036.38 佳电股份
000931 6.92 201852.84 中关村
000962 10.23 60728.0 东方钽业
000969 9.0 160627.81 安泰科技
000987 6.88 764013.94 越秀资本
002011 13.47 550578.88 盾安环境
002050 29.26 664985.94 三花智控
002056 24.23 461999.38 横店东磁
002091 10.52 261672.16 江苏国泰
002094 3.87 444037.12 青岛金王
002121 7.22 1174457.0 科陆电子
002126 11.87 306565.16 银轮股份
002130 6.33 197358.64 沃尔核材
002158 22.43 62356.75 汉钟精机
002171 9.21 166467.95 楚江新材
002190 27.94 96725.23 成飞集成
002191 9.77 336514.03 劲嘉股份
002209 7.16 52180.0 达意隆
002218 6.05 660148.19 拓日新能
002253 12.3 58321.14 川大智胜
002254 15.94 78792.93 泰和新材
002276 8.61 482410.88 万马股份
002284 9.75 554948.56 亚太股份
002288 5.5 201787.09 超华科技
002295 7.01 124948.43 精艺股份
002301 6.66 356488.31 齐心集团
002326 30.82 292971.41 永太科技
002328 6.77 1290197.88 新朋股份
002329 5.82 121053.63 皇氏集团
002334 7.11 524068.47 英威腾
002340 8.91 1110381.0 格林美
002363 6.91 142259.09 隆基机械
002392 4.1 324286.47 北京利尔
002397 4.37 152563.52 梦洁股份
002404 5.86 91247.0 嘉欣丝绸
002407 48.75 556984.94 多氟多
002432 62.51 320785.0 九安医疗
002434 9.22 364968.62 万里扬
002444 17.86 273729.41 巨星科技
002469 5.86 175818.78 三维化学
002486 3.01 600245.5 嘉麟杰
002517 5.82 563706.06 恺英网络
002518 31.6 229885.2 科士达
002550 5.91 584320.0 千红制药
002559 7.5 142369.5 亚威股份
002617 11.5 994701.12 露笑科技
002621 4.69 960434.75 美吉姆
002636 9.25 154577.95 金安国纪
002639 10.98 627225.25 雪人股份
002645 21.32 58138.9 华宏科技
002651 7.74 154329.0 利君股份
002660 8.81 668961.38 茂硕电源
002662 3.74 272345.03 京威股份
002685 4.43 427157.91 华东重机
002686 5.73 150570.08 亿利达
002731 21.63 34843.8 萃华珠宝
002760 20.48 10767.0 凤形股份
002786 6.62 158816.09 银宝山新
002842 8.45 26444.0 翔鹭钨业
002853 11.79 36899.5 皮阿诺
002863 5.5 76163.81 今飞凯达
002881 33.18 54013.4 美格智能
002892 15.13 153683.05 科力尔
002897 49.09 59268.91 意华股份
002915 18.52 99559.7 中欣氟材
002929 37.14 36574.2 润建股份
002957 15.05 38153.25 科瑞技术
002967 22.72 177475.48 广电计量
002971 23.34 30195.85 和远气体
002975 36.98 11250.98 博杰股份
002979 19.93 54592.09 雷赛智能
002980 26.33 11495.0 华盛昌
002984 31.66 42446.0 森麒麟
002992 23.9 311691.53 宝明科技
002998 7.0 33137.0 优彩资源
300001 19.01 339677.81 特锐德
300007 21.0 260445.31 汉威科技
300019 21.85 73745.61 硅宝科技
300035 27.21 258495.31 中科电气
300052 22.7 340018.69 中青宝
300056 7.6 179668.12 中创环保
300065 13.09 212822.2 海兰信
300082 12.28 87985.63 奥克股份
300091 4.54 630558.75 金通灵
300100 9.12 58906.0 双林股份
300101 21.33 223987.73 振芯科技
300115 9.83 270265.0 长盈精密
300116 2.07 1469406.75 保力新
300118 31.54 658608.0 东方日升
300120 7.19 79198.44 经纬辉开
300123 6.17 214041.64 亚光科技
300128 3.62 320098.59 锦富技术
300131 5.06 281493.62 英唐智控
300132 6.71 110888.37 青松股份
300140 7.08 92177.0 中环装备
300141 10.57 120130.5 和顺电气
300151 19.18 93915.46 昌红科技
300153 9.33 267164.94 科泰电源
300162 7.44 202022.77 雷曼光电
300173 5.2 101100.0 福能东方
300207 32.15 661264.94 欣旺达
300217 6.48 642456.94 东方电热
300222 8.42 289194.84 科大智能
300228 6.59 232585.0 富瑞特装
300260 58.77 49895.04 新莱应材
300263 8.75 179362.09 隆华科技
300276 4.18 182991.92 三丰智能
300286 29.27 18643.53 安科瑞
300304 5.27 127177.08 云意电气
300305 13.78 41545.73 裕兴股份
300306 11.89 120723.6 远方信息
300307 5.94 98318.5 慈星股份
300317 6.69 348954.25 珈伟新能
300322 8.88 73808.0 硕贝德
300331 17.03 52322.88 苏大维格
300339 16.93 256830.62 润和软件
300340 16.22 112101.64 科恒股份
300341 9.25 51793.91 麦克奥迪
300343 16.03 626948.62 联创股份
300360 13.74 106957.26 炬华科技
300371 12.29 12317.57 汇中股份
300376 8.8 1056220.5 易事特
300393 16.81 755447.69 中来股份
300394 23.84 58484.41 天孚通信
300397 10.39 194290.16 天和防务
300402 21.16 44082.0 宝色股份
300410 8.45 53738.06 正业科技
300414 8.44 60574.0 中光防雷
300417 10.23 24506.8 南华仪器
300421 13.06 147717.44 力星股份
300444 5.74 270756.28 双杰电气
300447 19.89 70621.7 全信股份
300450 63.0 224983.28 先导智能
300457 28.81 150896.2 赢合科技
300463 20.51 106368.19 迈克生物
300472 10.89 109883.33 新元科技
300473 18.42 24436.0 德尔股份
300499 12.87 410800.03 高澜股份
300503 10.87 104708.5 昊志机电
300504 18.29 47275.0 天邑股份
300505 30.16 200865.05 川金诺
300510 5.41 426736.59 金冠股份
300514 11.78 149444.75 友讯达
300520 15.7 28936.48 科大国创
300538 11.93 18926.35 同益股份
300543 11.14 94207.19 朗科智能
300548 18.94 55668.5 博创科技
300551 9.42 203089.98 古鳌科技
300562 9.79 67931.11 乐心医疗
300563 12.12 24889.6 神宇股份
300566 17.45 34167.4 激智科技
300567 42.97 42257.46 精测电子
300572 14.91 124619.98 安车检测
300580 20.26 29087.0 贝斯特
300582 14.72 71424.5 英飞特
300600 9.16 72468.39 国瑞科技
300602 14.56 80353.66 飞荣达
300604 44.24 75350.83 长川科技
300611 12.07 47258.07 美力科技
300615 11.03 30422.22 欣天科技
300619 81.2 30123.67 金银河
300630 31.75 46096.99 普利制药
300635 17.82 18627.0 中达安
300643 16.85 57614.0 万通智控
300650 12.91 55736.9 太龙股份
300657 12.87 103418.1 弘信电子
300670 8.86 198647.91 大烨智能
300680 25.62 61319.32 隆盛科技
300682 30.03 118812.09 朗新科技
300692 7.62 171069.84 中环环保
300699 66.37 90802.22 光威复材
300701 9.47 31404.63 森霸传感
300710 27.98 16297.5 万隆光电
300711 11.66 22725.0 广哈通信
300719 10.83 59939.0 安达维尔
300739 15.53 48267.5 明阳电路
300743 12.07 38573.54 天地数码
300745 46.8 65053.0 欣锐科技
300763 223.0 49444.85 锦浪科技
300765 17.45 160958.72 新诺威
300785 24.95 19335.59 值得买
300789 19.99 9079.6 唐源电气
300801 25.74 53497.0 泰和科技
300806 27.05 16800.6 斯迪克
300808 13.08 12898.51 久量股份
300810 19.06 19013.16 中科海讯
300811 100.2 10867.15 铂科新材
300818 41.38 24987.27 耐普矿机
300819 15.34 58017.28 聚杰微纤
300820 72.0 30615.61 英杰电气
300821 17.04 136773.61 东岳硅材
300828 17.45 77031.85 锐新科技
300831 13.72 106881.0 派瑞股份
300839 13.52 13395.96 博汇股份
300847 12.37 35529.0 中船汉光
300852 36.41 12262.5 四会富仕
300854 19.18 16819.37 中兰环保
300866 82.38 109872.94 安克创新
300879 21.31 40096.09 大叶股份
300881 24.07 16936.94 盛德鑫泰
300885 11.55 73136.46 海昌新材
300893 19.65 21980.5 松原股份
300899 22.37 5856.74 上海凯鑫
300903 14.18 96466.73 科翔股份
300907 21.16 22783.33 康平科技
300910 64.58 8034.27 瑞丰新材
300912 16.6 16047.0 凯龙高科
300923 23.0 7092.19 研奥股份
300929 13.72 30092.4 华骐环保
300932 19.97 45103.63 三友联众
300933 9.05 252072.72 中辰股份
300935 29.55 5623.0 盈建科
300943 15.63 82269.63 春晖智控
300946 36.03 13759.59 恒而达
300950 16.35 16276.28 德固特
300960 19.55 30289.34 通业科技
300963 16.19 45311.21 中洲特材
300965 47.28 5098.0 恒宇信通
300967 19.49 75018.91 晓鸣股份
300971 23.81 7725.65 博亚精工
300975 8.39 86330.48 商络电子
300984 27.72 7726.0 金沃股份
300995 20.87 8001.04 奇德新材
301006 18.56 10612.04 迈拓股份
301007 14.12 31960.17 德迈仕
301011 31.12 14503.74 华立科技
301012 42.62 35787.66 扬电科技
301021 25.0 15528.01 英诺激光
301022 31.8 6055.2 海泰科
301028 10.43 34960.62 东亚机械
301032 8.96 34480.65 新柴股份
301042 32.28 2868.0 安联锐视
301049 24.33 20411.07 超越科技
301052 35.99 18946.76 果麦文化
301065 40.3 9085.0 本立科技
301068 26.37 10895.19 大地海洋
301069 42.99 37147.23 凯盛新材
301070 26.99 13916.91 开勒股份
301072 29.56 17080.21 中捷精工
301076 25.98 13233.79 新瀚新材
301081 14.93 10832.59 严牌股份
301101 54.66 35167.21 明月镜片
301106 31.14 5305.27 骏成科技
301107 37.16 15261.96 瑜欣电子
301112 42.8 53900.11 信邦智能
301113 40.27 12145.19 雅艺科技
301118 42.13 26426.13 恒光股份
301119 29.6 7357.91 正强股份
301127 11.13 53669.64 天源环保
301128 28.63 5803.66 强瑞技术
301131 40.01 6931.87 聚赛龙
301137 17.25 30631.0 哈焊华通
301138 31.0 16824.31 华研精机
301179 49.51 45362.76 泽宇智能
301181 29.16 8917.16 标榜股份
301182 24.05 14129.22 凯旺科技
301187 23.9 102221.07 欧圣电气
301188 16.47 13166.21 力诺特玻
301199 31.88 80756.04 迈赫股份
301213 40.3 7172.0 观想科技
301215 6.56 141456.47 中汽股份
301217 14.59 120452.19 铜冠铜箔
301226 37.4 50981.38 祥明智能
301248 30.18 22630.52 杰创智能
301256 9.85 75504.68 华融化学
301258 41.34 19106.83 富士莱
600009 52.31 188236.08 上海机场
600072 12.26 185418.73 中船科技
600105 3.77 454042.31 永鼎股份
600121 5.66 686989.94 郑州煤电
600135 7.74 58981.86 乐凯胶片
600160 14.12 415722.19 巨化股份
600165 10.14 147357.98 新日恒力
600196 49.54 539036.19 复星医药
600232 6.02 136873.56 金鹰股份
600250 5.39 94619.32 南纺股份
600276 38.53 756205.88 恒瑞医药
600330 12.6 360045.88 天通股份
600366 12.45 281037.12 宁波韵升
600367 24.38 505995.12 红星发展
600379 11.63 206726.31 宝光股份
600399 19.02 251430.22 抚顺特钢
600405 6.16 400764.62 动力源
600459 16.72 70350.49 贵研铂业
600520 9.97 179583.48 文一科技
600525 5.49 292157.19 长园集团
600537 5.36 353630.28 亿晶光电
600577 5.51 787555.12 精达股份
600579 7.04 85874.62 克劳斯
600586 6.93 207155.19 金晶科技
600710 6.06 142461.31 苏美达
600711 7.63 707917.25 盛屯矿业
600765 33.11 288018.31 中航重机
600769 9.2 148883.2 祥龙电业
600774 12.75 43066.67 汉商集团
600841 8.71 153695.47 动力新科
600860 17.89 214990.44 京城股份
600933 17.32 114765.03 爱柯迪
600963 6.41 510072.03 岳阳林纸
600980 16.72 45552.0 北矿科技
600995 18.8 375433.59 南网储能
