000002 21.0 1775273.25 万科A
000014 11.33 285871.19 沙河股份
000422 24.0 1001717.62 湖北宜化
000830 18.26 512560.97 鲁西化工
000912 6.67 794458.5 泸天化
000963 34.17 209915.86 华东医药
000985 14.17 25005.99 大庆华科
002003 12.09 64536.58 伟星股份
002110 7.86 552240.25 三钢闽光
002216 16.85 260255.31 三全食品
002244 7.48 374290.09 滨江集团
002319 14.97 31602.11 乐通股份
002588 7.41 1191582.62 史丹利
300268 20.65 76218.22 佳沃食品
300337 7.06 342178.72 银邦股份
300511 7.54 309408.62 雪榕生物
300935 48.3 10522.81 盈建科
301055 20.79 76917.71 张小泉
600123 15.64 746228.81 兰花科创
600383 14.95 568395.69 金地集团
600389 52.48 40755.45 江山股份
600403 6.88 260038.89 大有能源
600408 3.96 291983.75 安泰集团
600610 14.36 74986.67 中毅达
600737 8.69 393339.62 中粮糖业
600766 8.05 76055.61 园城黄金
600898 8.57 137838.28 国美通讯
