000014 10.66 272413.38 沙河股份
000426 6.31 251498.02 兴业矿业
000665 6.55 1000782.81 湖北广电
000757 4.16 152602.16 浩物股份
000767 3.43 350282.56 晋控电力
000812 7.92 2740146.0 陕西金叶
000863 4.38 695405.19 三湘印象
000993 10.38 84611.2 闽东电力
002020 11.57 147099.98 京新药业
002159 17.72 418147.19 三特索道
002262 23.86 126115.5 恩华药业
002305 2.96 1926993.0 南国置业
002489 3.76 708601.19 浙江永强
002873 14.95 207558.27 新天药业
002905 9.92 296721.84 金逸影视
002910 15.58 344649.38 庄园牧场
002980 40.81 123801.5 华盛昌
300143 10.37 74581.91 盈康生命
300489 16.34 25663.42 光智科技
300616 20.65 28809.31 尚品宅配
300685 25.54 51442.07 艾德生物
300719 10.89 131777.75 安达维尔
300832 49.73 61295.92 新产业
300860 51.51 16091.29 锋尚文化
301198 24.0 39943.58 喜悦智行
301278 110.65 21007.75 快可电子
301313 31.27 81019.95 凡拓数创
301333 83.6 12049.59 诺思格
600032 11.7 84525.1 浙江新能
600310 3.12 263405.75 桂东电力
600376 6.04 317048.12 首开股份
600522 15.87 1507098.38 中天科技
600836 6.52 142030.2 上海易连
600858 6.33 298228.0 银座股份
600905 5.69 2427842.75 三峡能源
