000543 5.56 692044.5 皖能电力 1.27
000567 16.4 180155.44 海德股份 4.59
000957 17.43 1211830.62 中通客车 2.23
002256 3.05 783515.06 兆新股份 1.33
002272 8.26 1061123.0 川润股份 2.61
002564 5.59 443881.69 天沃科技 0.18
002603 22.12 335880.91 以岭药业 1.1
002608 7.36 175731.88 江苏国信 1.66
002765 11.18 543333.19 蓝黛科技 4.88
002852 16.25 92686.79 道道全 1.56
002879 16.2 48557.15 长缆科技 2.02
002898 12.45 63159.57 赛隆药业 3.15
002915 20.37 158395.64 中欣氟材 1.29
300091 4.64 944787.94 金通灵 6.42
300092 11.3 155542.05 科新机电 4.53
300239 9.0 293860.91 东宝生物 1.35
300407 8.39 71938.26 凯发电气 2.44
300656 40.08 46229.71 民德电子 3.09
300707 21.29 90905.26 威唐工业 5.19
300726 49.25 80514.74 宏达电子 1.93
300982 53.77 17897.36 苏文电能 2.65
301095 93.94 58305.85 广立微 3.56
600023 3.82 805906.5 浙能电力 1.33
600213 8.91 205859.41 亚星客车 3.73
600310 3.69 363257.75 桂东电力 0.55
600316 26.01 115940.2 洪都航空 1.25
600526 5.95 196417.0 菲达环保 0.68
600552 10.76 215985.27 凯盛科技 0.56
600960 3.98 253901.0 渤海汽车 2.05
