000012 7.55 1275005.5 南玻A
000035 5.37 432037.75 中国天楹
000040 3.92 491785.47 东旭蓝天
000049 54.62 202959.31 德赛电池
000055 5.17 215946.95 方大集团
000059 7.09 448992.56 华锦股份
000089 7.1 246767.12 深圳机场
000338 10.06 631859.12 潍柴动力
000404 5.34 217210.08 长虹华意
000409 7.0 221663.48 云鼎科技
000422 15.51 327004.59 湖北宜化
000428 4.71 1089132.0 华天酒店
000430 6.57 156136.17 张家界
000524 10.09 196342.92 岭南控股
000550 15.47 75988.39 江铃汽车
000584 7.36 297734.5 哈工智能
000605 6.05 39867.6 渤海股份
000610 9.67 167951.2 西安旅游
000630 2.71 1194234.88 铜陵有色
000678 6.12 263524.22 襄阳轴承
000700 5.66 357587.97 模塑科技
000723 9.48 607405.81 美锦能源
000799 125.0 123074.87 酒鬼酒
000811 12.65 246595.05 冰轮环境
000829 9.7 253818.23 天音控股
000833 6.73 81553.97 粤桂股份
000848 8.27 148426.97 承德露露
000902 11.86 187792.38 新洋丰
000912 4.8 167552.09 泸天化
000921 11.87 198336.5 海信家电
000929 9.2 186709.44 兰州黄河
000962 9.44 62988.44 东方钽业
000978 6.94 281809.72 桂林旅游
002026 11.4 126479.26 山东威达
002028 38.3 71766.1 思源电气
002033 10.2 422514.69 丽江股份
002034 19.49 100117.48 旺能环境
002046 13.72 121014.68 国机精工
002055 10.24 160641.38 得润电子
002056 19.9 401573.03 横店东磁
002060 7.26 589391.5 粤水电
002073 6.88 238715.92 软控股份
002074 36.0 427757.31 国轩高科
002079 14.73 1544239.38 苏州固锝
002085 7.07 341808.84 万丰奥威
002128 13.02 228567.48 电投能源
002132 4.78 570625.19 恒星科技
002136 14.44 53155.32 安纳达
002139 12.06 332823.09 拓邦股份
002140 10.22 166916.05 东华科技
002141 4.75 472639.88 贤丰控股
002158 29.8 111016.82 汉钟精机
002160 4.37 157637.09 常铝股份
002163 10.73 137242.22 海南发展
002196 8.21 89913.83 方正电机
002202 11.26 372262.38 金风科技
002216 15.36 107632.22 三全食品
002258 19.65 121896.62 利尔化学
002294 32.06 114200.28 信立泰
002312 12.37 373740.0 川发龙蟒
002319 11.83 35160.04 乐通股份
002326 24.14 212860.31 永太科技
002329 7.9 1005595.94 皇氏集团
002337 5.38 143196.41 赛象科技
002340 8.13 1193303.25 格林美
002346 13.94 46123.28 柘中股份
002374 4.59 392454.0 中锐股份
002378 7.15 94406.44 章源钨业
002384 27.1 307475.34 东山精密
002386 7.49 214668.0 天原股份
002389 25.2 402215.75 航天彩虹
002407 34.97 277755.47 多氟多
002422 24.98 175492.77 科伦药业
002436 12.29 390106.09 兴森科技
002452 7.8 169243.0 长高电新
002454 8.54 375986.41 松芝股份
002455 10.95 150243.52 百川股份
002469 7.06 550911.44 三维化学
002478 6.95 319262.03 常宝股份
002479 4.56 103109.7 富春环保
002487 49.24 249977.84 大金重工
002488 6.79 187032.52 金固股份
002492 5.88 120565.22 恒基达鑫
002497 28.84 478654.44 雅化集团
002506 3.47 911895.62 协鑫集成
002510 4.42 495349.56 天汽模
002531 13.14 600125.88 天顺风能
002532 6.82 618256.94 天山铝业
002536 8.7 143522.91 飞龙股份
002538 8.24 151619.89 司尔特
002540 5.58 156315.23 亚太科技
002543 10.1 198981.34 万和电气
002578 4.3 160340.0 闽发铝业
002579 8.76 577570.62 中京电子
002580 11.78 429479.88 圣阳股份
002591 6.03 127140.25 恒大高新
002594 280.2 224886.88 比亚迪
002598 13.46 504170.56 山东章鼓
002601 16.53 173348.36 龙佰集团
002610 3.33 1702311.25 爱康科技
002659 4.23 324173.91 凯文教育
002660 8.56 85922.73 茂硕电源
002663 1.89 464827.88 普邦股份
002665 4.04 1019536.06 首航高科
002690 25.18 45204.93 美亚光电
002708 6.84 112565.3 光洋股份
002724 9.2 42383.09 海洋王
002725 9.69 130346.16 跃岭股份
002728 14.21 168468.45 特一药业
002748 11.16 27613.43 世龙实业
002793 8.2 212206.7 罗欣药业
002824 33.3 72285.5 和胜股份
002825 12.39 48826.28 纳尔股份
002827 9.53 50924.97 高争民爆
002840 16.37 185137.05 华统股份
002850 109.32 80807.92 科达利
002852 11.59 57380.58 道道全
002885 33.66 143093.23 京泉华
002892 12.16 48481.59 科力尔
002917 11.47 176580.91 金奥博
002928 12.29 118279.7 华夏航空
002953 11.48 68458.85 日丰股份
002965 61.76 82666.59 祥鑫科技
002976 27.36 37506.66 瑞玛精密
002991 71.0 20003.76 甘源食品
300040 6.56 79256.6 九洲集团
300055 8.88 86188.15 万邦达
300068 20.44 838317.81 南都电源
300073 65.05 197656.77 当升科技
300080 5.47 289129.75 易成新能
300092 12.34 110598.5 科新机电
300118 28.41 389641.84 东方日升
300121 12.57 90000.7 阳谷华泰
300129 8.46 299719.25 泰胜风能
300132 6.69 181983.77 青松股份
300160 7.06 250764.36 秀强股份
300161 24.61 192468.8 华中数控
300196 15.24 88503.06 长海股份
300207 26.05 348563.88 欣旺达
300217 6.95 610413.19 东方电热
300222 7.33 99983.0 科大智能
300224 13.77 175079.05 正海磁材
300252 8.28 130674.3 金信诺
300258 13.42 65031.19 精锻科技
300262 2.98 256806.59 巴安水务
300274 139.4 265496.25 阳光电源
300305 12.34 57685.0 裕兴股份
300308 30.28 159268.02 中际旭创
300314 16.46 76410.0 戴维医疗
300334 6.73 83901.93 津膜科技
300365 9.96 372387.84 恒华科技
300374 10.89 28077.85 中铁装配
300382 24.7 102954.28 斯莱克
300396 23.4 75693.9 迪瑞医疗
300422 5.91 48593.71 博世科
300427 18.49 49010.95 红相股份
300437 18.21 162356.45 清水源
300477 5.6 254933.31 合纵科技
300528 6.25 97886.2 幸福蓝海
300551 11.25 199593.16 古鳌科技
300568 21.38 368973.69 星源材质
300592 15.75 72294.7 华凯易佰
300601 36.0 205103.72 康泰生物
300610 14.08 51114.29 晨化股份
300618 44.49 62694.31 寒锐钴业
300635 14.55 37562.4 中达安
300643 15.25 75783.2 万通智控
300648 39.0 41843.52 星云股份
300652 26.31 32963.3 雷迪克
300679 41.31 46620.44 电连技术
300680 30.52 45242.92 隆盛科技
300685 26.6 55419.48 艾德生物
300688 15.68 94385.0 创业黑马
300707 19.75 76872.32 威唐工业
300712 46.13 59377.24 永福股份
300736 12.18 26205.4 百邦科技
300740 12.47 83940.84 水羊股份
300748 33.79 126534.75 金力永磁
300758 11.06 122900.33 七彩化学
300772 19.44 191446.78 运达股份
300783 18.69 48893.0 三只松鼠
300788 20.3 27352.09 中信出版
300817 15.94 33749.7 双飞股份
300825 12.86 73530.9 阿尔特
300829 23.16 21578.72 金丹科技
300863 91.73 22084.92 卡倍亿
300879 17.79 25780.59 大叶股份
300890 43.1 33165.36 翔丰华
300892 23.2 12547.0 品渥食品
300896 496.49 27563.76 爱美客
300899 22.59 12451.93 上海凯鑫
300909 31.71 33047.94 汇创达
300911 38.33 18507.57 亿田智能
300917 20.28 42920.04 特发服务
300926 27.51 35424.55 博俊科技
300929 12.25 30619.14 华骐环保
300953 96.88 12651.28 震裕科技
300962 16.5 31186.58 中金辐照
300978 13.87 29370.88 东箭科技
300980 20.7 12465.71 祥源新材
300984 23.87 5602.56 金沃股份
300994 20.5 17380.95 久祺股份
301071 135.85 28340.81 力量钻石
301079 21.38 19664.02 邵阳液压
301103 29.77 25838.57 何氏眼科
301120 22.64 72556.05 新特电气
301121 57.6 36477.32 紫建电子
301150 71.35 12627.99 中一科技
301152 55.88 53890.1 天力锂能
301155 105.81 34062.08 海力风电
301171 19.68 131354.22 易点天下
301177 47.53 23458.5 迪阿股份
301219 74.85 23576.93 腾远钴业
301221 48.77 15989.84 光庭信息
301228 18.49 18324.16 实朴检测
301237 33.3 6264.32 和顺科技
301239 56.84 15425.19 普瑞眼科
301256 8.64 50155.86 华融化学
301263 32.08 59175.03 泰恩康
301268 55.85 23713.8 铭利达
301299 41.69 37827.8 卓创资讯
301328 76.34 21348.1 维峰电子
600060 13.31 177608.22 海信视像
600089 22.03 844574.94 特变电工
600096 22.01 703728.44 云天化
600101 9.01 148793.12 明星电力
600106 5.69 395223.03 重庆路桥
600114 9.97 132936.23 东睦股份
600116 8.6 370298.88 三峡水利
600138 12.18 471199.81 中青旅
600172 5.79 528983.06 黄河旋风
600180 5.89 106605.51 瑞茂通
600238 10.13 244736.83 海南椰岛
600268 7.88 130403.24 国电南自
600292 5.94 97144.39 远达环保
600305 11.29 140724.7 恒顺醋业
600312 8.63 631567.56 平高电气
600328 15.25 277436.69 中盐化工
600330 12.63 367349.12 天通股份
600358 6.28 138760.53 国旅联合
600366 11.17 223793.06 宁波韵升
600367 18.95 180007.16 红星发展
600379 11.47 107122.26 宝光股份
600387 8.53 72269.77 海越能源
600389 44.67 42706.18 江山股份
600459 16.06 58366.3 贵研铂业
600470 6.18 163774.02 六国化工
600478 9.8 708858.5 科力远
600505 7.95 53614.87 西昌电力
600508 15.38 171819.91 上海能源
600529 30.81 133121.38 山东药玻
600531 5.1 142781.44 豫光金铅
600573 10.4 114702.0 惠泉啤酒
600577 4.65 463236.91 精达股份
600580 13.4 268807.03 卧龙电驱
600593 13.55 18243.0 大连圣亚
600596 16.29 303442.0 新安股份
600702 142.0 109172.5 舍得酒业
600706 9.74 128702.19 曲江文旅
600749 11.29 94934.0 西藏旅游
600763 137.02 73534.53 通策医疗
600844 3.03 89089.58 丹化科技
600847 18.02 40414.91 万里股份
600860 14.59 66166.04 京城股份
600861 19.79 81195.36 北京城乡
600869 6.01 339126.31 远东股份
600884 19.96 463917.97 杉杉股份
600888 8.59 267565.38 新疆众和
600929 8.0 179603.84 雪天盐业
600960 3.74 211355.02 渤海汽车
600987 7.18 246139.81 航民股份
600989 13.18 266123.56 宝丰能源
600995 15.59 143943.09 南网储能
