000019 9.05 562238.19 深粮控股
000021 10.97 290652.38 深科技
000049 37.64 125580.19 德赛电池
000100 4.54 1655691.5 TCL科技
000338 12.11 833015.19 潍柴动力
000409 5.75 145787.0 云鼎科技
000426 6.3 312347.53 兴业矿业
000488 5.57 435286.81 晨鸣纸业
000516 8.65 610631.25 国际医学
000524 10.4 284279.94 岭南控股
000537 13.39 501708.0 广宇发展
000586 7.9 24253.0 汇源通信
000639 4.37 312320.16 西王食品
000682 6.66 241644.59 东方电子
000690 4.36 287123.91 宝新能源
000708 19.43 175635.48 中信特钢
000727 2.25 504956.0 冠捷科技
000729 7.43 468532.12 燕京啤酒
000759 5.36 117931.0 中百集团
000820 4.17 114026.0 神雾节能
000848 9.17 345051.47 承德露露
000860 23.37 414530.16 顺鑫农业
000875 7.29 1300629.38 吉电股份
000899 5.82 200176.22 赣能股份
000917 5.23 408445.19 电广传媒
000923 14.51 123442.86 河钢资源
000930 9.93 542438.38 中粮科技
000952 7.61 220376.34 广济药业
000963 38.77 204535.28 华东医药
000966 5.57 573879.94 长源电力
000988 20.45 136471.02 华工科技
000993 14.15 425329.91 闽东电力
000998 17.89 552018.88 隆平高科
002006 24.72 108637.36 精功科技
002008 29.81 249360.72 大族激光
002009 16.58 94933.02 天奇股份
002012 5.14 78225.0 凯恩股份
002026 10.62 153256.11 山东威达
002036 13.19 493498.25 联创电子
002044 5.12 391732.69 美年健康
002046 12.5 71671.0 国机精工
002063 6.85 235118.88 远光软件
002064 8.26 275338.5 华峰化学
002074 36.88 421273.59 国轩高科
002079 10.25 280811.88 苏州固锝
002106 7.76 132793.77 莱宝高科
002123 9.62 98198.62 梦网科技
002134 9.21 25277.01 天津普林
002169 7.28 167738.0 智光电气
002183 8.3 3120291.75 怡亚通
002194 10.28 555774.44 武汉凡谷
002196 8.46 96401.27 方正电机
002212 9.27 218901.05 天融信
002223 23.9 143523.53 鱼跃医疗
002234 15.95 147644.78 民和股份
002238 5.6 92013.35 天威视讯
002242 16.57 144110.88 九阳股份
002245 18.98 508353.09 蔚蓝锂芯
002270 7.64 662447.31 华明装备
002272 4.99 66604.0 川润股份
002276 7.17 206095.2 万马股份
002286 10.72 256101.2 保龄宝
002306 3.1 182754.44 中科云网
002335 23.56 133695.81 科华数据
002371 270.0 70898.09 北方华创
002385 7.79 1481438.38 大北农
002387 6.41 151401.94 维信诺
002402 15.59 188583.52 和而泰
002409 48.9 54047.22 雅克科技
002426 1.85 387903.81 胜利精密
002439 18.09 152797.31 启明星辰
002452 6.61 243356.64 长高电新
002511 11.01 239915.92 中顺洁柔
002519 4.32 312184.47 银河电子
002533 6.75 128176.0 金杯电工
002534 14.0 87998.0 西子洁能
002561 17.1 1229230.75 徐家汇
002572 21.97 122058.78 索菲亚
002582 7.33 60964.6 好想你
002585 15.1 272666.91 双星新材
002614 8.53 133929.19 奥佳华
002623 27.26 71228.0 亚玛顿
002624 13.59 763296.81 完美世界
002626 22.47 65402.92 金达威
002640 3.35 263710.06 跨境通
002661 12.27 167887.7 克明食品
002669 11.3 78482.0 康达新材
002681 3.42 225478.92 奋达科技
002690 18.73 92584.42 美亚光电
002696 6.33 97008.2 百洋股份
002719 8.99 54792.72 麦趣尔
002727 22.18 44556.73 一心堂
002745 9.04 187149.77 木林森
002747 16.87 124733.31 埃斯顿
002772 6.95 145714.55 众兴菌业
002799 10.83 64345.77 环球印务
002838 18.38 97200.24 道恩股份
002845 17.28 33421.38 同兴达
002855 7.58 33190.0 捷荣技术
002897 38.17 53538.96 意华股份
002905 7.53 105361.06 金逸影视
002915 22.87 53174.61 中欣氟材
002919 26.4 16036.5 名臣健康
002952 11.45 29517.75 亚世光电
002960 30.32 68277.34 青鸟消防
002970 24.08 12463.12 锐明技术
002971 22.85 122940.51 和远气体
002975 35.55 13280.66 博杰股份
002980 26.17 14720.99 华盛昌
002983 19.03 18259.57 芯瑞达
002984 29.6 75253.46 森麒麟
002993 33.35 69651.06 奥海科技
300001 16.31 345400.28 特锐德
300015 37.16 555858.75 爱尔眼科
300018 5.51 83389.9 中元股份
300019 17.73 106280.35 硅宝科技
300033 85.32 63041.62 同花顺
300036 18.16 138619.8 超图软件
300041 13.46 55011.01 回天新材
300046 18.3 121026.0 台基股份
300065 11.96 202465.77 海兰信
300068 12.89 209260.64 南都电源
300087 18.08 531053.94 荃银高科
300095 11.44 85609.26 华伍股份
300101 17.98 207268.84 振芯科技
300106 9.69 122958.3 西部牧业
300122 87.28 169755.73 智飞生物
300125 15.4 48288.06 聆达股份
300146 19.89 161422.84 汤臣倍健
300185 2.7 495814.84 通裕重工
300191 22.4 70792.07 潜能恒信
300222 6.83 102345.19 科大智能
300226 21.46 26275.16 上海钢联
300230 3.69 114940.0 永利股份
300241 5.25 131518.0 瑞丰光电
300264 6.09 299820.19 佳创视讯
300286 22.82 29692.99 安科瑞
300296 6.22 569683.56 利亚德
300300 3.89 125872.51 海峡创新
300302 7.55 44605.8 同有科技
300322 9.18 181109.41 硕贝德
300346 29.86 166253.3 南大光电
300347 85.92 81378.17 泰格医药
300382 13.13 83222.3 斯莱克
300394 26.73 76657.29 天孚通信
300416 30.4 36927.23 苏试试验
300456 14.59 109778.43 赛微电子
300457 20.23 102724.49 赢合科技
300458 20.58 304323.03 全志科技
300469 14.13 33311.58 信息发展
300476 17.09 189670.31 胜宏科技
300490 12.04 129281.12 华自科技
300491 14.11 55427.65 通合科技
300502 25.76 96398.26 新易盛
300528 6.78 107901.2 幸福蓝海
300537 11.06 24294.0 广信材料
300552 17.73 19742.2 万集科技
300566 16.51 18279.81 激智科技
300568 23.99 211804.94 星源材质
300570 13.22 35264.81 太辰光
300573 140.47 24160.1 兴齐眼药
300575 18.34 62863.65 中旗股份
300602 10.94 82853.47 飞荣达
300610 14.22 48279.75 晨化股份
300614 26.8 23987.19 百川畅银
300620 26.93 20951.81 光库科技
300629 19.69 47189.37 新劲刚
300630 27.7 44457.98 普利制药
300648 30.63 24921.47 星云股份
300655 26.36 82035.88 晶瑞电材
300674 15.39 105040.2 宇信科技
300724 70.9 118677.03 捷佳伟创
300729 17.14 47962.77 乐歌股份
300735 9.78 80073.29 光弘科技
300745 43.3 114007.82 欣锐科技
300747 32.07 46134.51 锐科激光
300751 376.99 14298.11 迈为股份
300762 17.26 46538.95 上海瀚讯
300770 37.26 32334.01 新媒股份
300782 194.0 36181.04 卓胜微
300783 22.16 64273.28 三只松鼠
300787 25.41 21832.2 海能实业
300791 24.88 19398.95 仙乐健康
300802 25.65 13959.88 矩子科技
300806 36.84 14683.63 斯迪克
300812 15.2 21395.6 易天股份
300820 57.28 19985.17 英杰电气
300831 12.86 218364.72 派瑞股份
300841 97.54 30915.61 康华生物
300842 41.55 24032.76 帝科股份
300855 56.97 14398.0 图南股份
300858 23.66 32358.14 科拓生物
300871 22.43 14796.34 回盛生物
300892 27.78 32009.62 品渥食品
300894 30.1 34320.51 火星人
300898 20.44 48749.4 熊猫乳品
300908 33.81 14233.46 仲景食品
300911 58.36 9788.47 亿田智能
300915 38.8 8255.66 海融科技
300936 28.98 14669.65 中英科技
300956 16.95 14994.18 英力股份
300968 8.87 69174.61 格林精密
300993 21.62 12970.34 玉马遮阳
300997 12.56 68506.53 欢乐家
300999 45.38 181307.84 金龙鱼
301011 30.91 14657.66 华立科技
301051 60.11 4710.19 信濠光电
301063 26.72 19501.83 海锅股份
301080 139.44 6269.09 百普赛斯
301101 49.24 25744.18 明月镜片
301106 31.65 9438.0 骏成科技
301123 24.65 32676.66 奕东电子
301128 28.65 14478.69 强瑞技术
301135 24.37 21894.94 瑞德智能
301149 13.24 40189.62 隆华新材
301150 104.0 9765.69 中一科技
301155 65.5 61552.41 海力风电
301158 22.97 58806.35 德石股份
301162 53.3 63020.41 国能日新
301168 34.57 41562.19 通灵股份
301187 23.9 92468.3 欧圣电气
301189 31.1 6792.46 奥尼电子
301196 35.8 8777.57 唯科科技
301200 49.0 19844.79 大族数控
301221 47.22 11552.32 光庭信息
301226 31.64 17789.0 祥明智能
301236 46.26 23353.97 软通动力
301237 35.6 16156.74 和顺科技
301248 29.93 30727.87 杰创智能
301279 24.79 26576.09 金道科技
600021 10.0 1242571.25 上海电力
600032 13.21 283625.25 浙江新能
600070 5.21 84265.04 浙江富润
600073 7.81 283075.53 上海梅林
600081 16.1 629639.25 东风科技
600089 22.5 1475381.62 特变电工
600108 3.93 1310168.75 亚盛集团
600129 20.02 117011.49 太极集团
600132 129.82 62918.92 重庆啤酒
600163 8.32 772992.62 中闽能源
600165 8.48 99273.02 新日恒力
600189 6.63 155368.09 泉阳泉
600201 8.62 317919.12 生物股份
600235 5.66 212545.91 民丰特纸
600238 13.85 330458.25 海南椰岛
600298 42.45 209528.73 安琪酵母
600300 3.65 766946.69 维维股份
600305 11.75 339464.88 恒顺醋业
600315 34.65 87657.87 上海家化
600330 9.78 231255.53 天通股份
600353 7.07 119021.0 旭光电子
600360 7.05 195527.0 华微电子
600363 21.14 73047.3 联创光电
600387 6.25 93660.95 海越能源
600418 11.81 1928971.38 江淮汽车
600419 12.9 54391.7 天润乳业
600438 45.19 694278.56 通威股份
600446 9.61 154544.12 金证股份
600516 7.06 793773.12 方大炭素
600517 5.24 271622.75 国网英大
600522 18.35 536869.62 中天科技
600537 4.2 186875.56 亿晶光电
600540 5.41 293594.22 新赛股份
600543 6.25 93342.27 莫高股份
600573 9.95 200878.12 惠泉啤酒
600597 12.04 219118.19 光明乳业
600683 4.99 326383.59 京投发展
600712 4.39 350409.0 南宁百货
600718 10.04 134648.36 东软集团
600730 6.05 637770.62 中国高科
600744 4.93 891846.25 华银电力
600745 63.64 234393.52 闻泰科技
600793 12.07 71222.59 宜宾纸业
600836 6.72 124335.02 上海易连
600872 26.15 202195.56 中炬高新
600874 7.07 205510.09 创业环保
600956 12.21 76311.31 新天绿能
