000777 14.07 224582.91 中核科技 2.7
000798 7.48 173038.38 中水渔业 6.55
000937 6.93 1048653.75 冀中能源 2.82
002110 7.68 470931.69 三钢闽光 0.92
002441 9.99 146920.09 众业达 2.36
002627 6.57 301771.62 三峡旅游 3.14
002712 5.29 160765.09 思美传媒 0.76
002855 9.18 19785.0 捷荣技术 0.55
002857 16.59 13828.4 三晖电气 1.59
300428 26.16 146400.7 立中集团 4.06
300651 32.9 23109.3 金陵体育 0.98
300692 9.16 232289.91 中环环保 0.22
300727 30.98 56392.1 润禾材料 1.77
300761 37.9 32683.07 立华股份 4.12
300871 26.19 13342.47 回盛生物 1.24
301126 22.78 122983.99 达嘉维康 3.78
301159 47.05 39075.0 三维天地 2.57
301186 39.2 35485.65 超达装备 3.59
301211 29.02 92537.96 亨迪药业 1.36
600048 16.55 841781.69 保利发展 1.22
600121 4.46 179115.0 郑州煤电 1.36
600123 12.42 600222.06 兰花科创 3.67
600180 7.8 127092.33 瑞茂通 2.9
600381 9.21 219588.83 青海春天 5.02
600391 24.32 129610.19 航发科技 2.57
600722 6.67 414963.28 金牛化工 4.38
600965 6.62 142925.0 福成股份 1.38
