000020 9.46 31513.02 深华发A
000021 12.19 333425.88 深科技
000045 7.5 61088.62 深纺织A
000400 22.67 738838.0 许继电气
000423 36.79 76391.0 东阿阿胶
000510 6.25 237586.16 新金路
000626 11.02 111907.66 远大控股
000661 211.36 92118.43 长春高新
000676 6.11 1016275.81 智度股份
000695 9.43 26314.0 滨海能源
000733 124.6 110452.62 振华科技
000757 4.74 181526.22 浩物股份
000799 149.38 46528.82 酒鬼酒
000915 42.23 36356.83 华特达因
000925 8.25 267221.41 众合科技
002072 5.86 39941.0 凯瑞德
002137 5.79 170932.73 实益达
002171 11.3 515048.84 楚江新材
002185 9.32 976055.38 华天科技
002192 133.2 87993.91 融捷股份
002224 5.01 141338.34 三力士
002232 14.11 157244.88 启明信息
002331 7.33 95759.2 皖通科技
002374 4.8 514930.0 中锐股份
002449 8.55 187091.36 国星光电
002557 52.42 73055.64 洽洽食品
002560 7.3 705079.75 通达股份
002597 42.52 89412.98 金禾实业
002611 5.49 1240749.12 东方精工
002642 5.96 327371.28 荣联科技
002646 17.06 62098.07 天佑德酒
002683 31.19 167090.12 广东宏大
002719 7.59 53292.7 麦趣尔
002738 87.66 215953.64 中矿资源
002799 12.17 136241.28 环球印务
002806 14.02 224013.55 华锋股份
002817 7.89 66752.14 黄山胶囊
002830 11.48 38762.0 名雕股份
002888 12.77 30888.57 惠威科技
002908 13.5 199109.14 德生科技
002995 17.06 44593.4 天地在线
300131 5.95 987697.44 英唐智控
300139 9.29 172004.23 晓程科技
300168 9.37 121312.77 万达信息
300169 5.14 51945.1 天晟新材
300183 15.12 83483.4 东软载波
300200 8.77 156822.67 高盟新材
300211 8.76 32421.0 亿通科技
300223 95.06 128752.06 北京君正
300245 8.1 69889.43 天玑科技
300254 6.86 50505.65 仟源医药
300287 4.28 660337.75 飞利信
300327 46.5 156895.45 中颖电子
300353 9.61 341525.62 东土科技
300363 63.02 124337.07 博腾股份
300365 8.16 88557.75 恒华科技
300380 14.37 14061.0 安硕信息
300419 5.74 73086.4 浩丰科技
300429 10.27 203209.36 强力新材
300460 12.54 209052.42 惠伦晶体
300462 10.15 29254.0 华铭智能
300493 7.13 129519.0 润欣科技
300505 29.21 107588.34 川金诺
300538 13.4 41700.41 同益股份
300563 12.95 42516.75 神宇股份
300617 51.31 61544.23 安靠智电
300623 23.94 227879.0 捷捷微电
300636 13.62 66648.02 同和药业
300637 8.33 52634.66 扬帆新材
300671 55.01 59088.78 富满微
300672 68.16 46432.94 国科微
300674 15.04 78283.69 宇信科技
300689 18.34 11895.8 澄天伟业
300727 33.68 62359.9 润禾材料
300739 17.22 110068.2 明阳电路
300809 26.1 122956.08 华辰装备
300821 16.97 234303.08 东岳硅材
300857 20.37 24604.0 协创数据
300876 26.28 13397.06 蒙泰高新
301042 38.88 12141.0 安联锐视
301067 40.6 2777.06 显盈科技
301072 34.08 38044.11 中捷精工
301073 63.85 11408.81 君亭酒店
301096 77.98 7727.77 百诚医药
301179 46.81 41573.05 泽宇智能
301207 48.82 25050.05 华兰疫苗
301228 20.86 24913.91 实朴检测
600085 49.35 141678.97 同仁堂
600129 28.28 121808.13 太极集团
600198 6.58 100182.65 大唐电信
600222 5.62 121806.76 太龙药业
600276 36.71 643002.44 恒瑞医药
600338 28.14 195308.67 西藏珠峰
600353 10.89 141632.03 旭光电子
600579 7.5 126721.35 克劳斯
600596 19.28 367935.41 新安股份
600626 3.9 161139.3 申达股份
600702 166.0 61539.83 舍得酒业
600750 15.43 177227.44 江中药业
600872 34.96 139620.06 中炬高新
600895 12.22 287648.72 张江高科
600976 42.35 51300.01 健民集团
