000012 7.98 391673.38 南玻A
000014 9.15 95570.93 沙河股份
000028 32.96 46577.87 国药一致
000058 5.67 81029.0 深赛格
000090 6.27 203969.77 天健集团
000516 7.22 567509.06 国际医学
000529 5.91 61663.01 广弘控股
000558 3.17 332172.47 莱茵体育
000593 5.88 74137.34 德龙汇能
000612 6.35 151328.0 焦作万方
000630 3.67 2247109.75 铜陵有色
000632 3.97 125928.0 三木集团
000655 7.45 73476.26 金岭矿业
000679 4.11 47020.0 大连友谊
000690 4.88 239648.64 宝新能源
000707 9.78 168060.05 双环科技
000718 4.05 865713.5 苏宁环球
000719 8.31 113143.38 中原传媒
000778 4.94 1136581.75 新兴铸管
000793 2.76 549377.0 华闻集团
000820 3.37 77240.0 神雾节能
000888 7.56 262584.91 峨眉山A
000949 4.7 259415.3 新乡化纤
000983 11.07 1124650.38 山西焦煤
002020 8.57 84752.88 京新药业
002039 17.16 45857.51 黔源电力
002062 5.26 527861.81 宏润建设
002088 16.61 56766.24 鲁阳节能
002095 14.94 66405.24 生意宝
002098 7.0 85517.71 浔兴股份
002100 11.81 237867.88 天康生物
002132 5.53 343945.38 恒星科技
002199 7.44 31131.63 东晶电子
002285 3.51 1021682.31 世联行
002323 3.84 262415.41 雅博股份
002325 2.64 358368.53 洪涛股份
002375 5.95 175990.2 亚厦股份
002397 3.49 62635.99 梦洁股份
002421 3.51 771153.25 达实智能
002426 2.09 635409.06 胜利精密
002431 3.2 416310.19 棕榈股份
002437 3.27 3064088.75 誉衡药业
002442 5.78 68335.87 龙星化工
002492 6.37 219890.0 恒基达鑫
002502 3.58 114129.2 鼎龙文化
002514 4.88 159117.02 宝馨科技
002532 7.87 382823.25 天山铝业
002548 7.61 397453.12 金新农
002554 3.38 421990.03 惠博普
002564 4.72 219823.0 天沃科技
002567 9.47 490611.97 唐人神
002596 3.39 175724.44 海南瑞泽
002599 5.83 404678.88 盛通股份
002615 5.44 51260.5 哈尔斯
002644 11.58 379470.91 佛慈制药
002712 4.96 105385.7 思美传媒
002728 17.17 216495.28 特一药业
002759 30.07 366270.09 天际股份
002765 7.14 110918.0 蓝黛科技
002772 7.51 63298.08 众兴菌业
002775 3.89 108783.32 文科园林
002791 99.01 74326.32 坚朗五金
002796 8.3 34665.42 世嘉科技
002806 11.5 33715.57 华锋股份
002809 11.61 136806.19 红墙股份
002816 17.98 23635.92 和科达
002826 11.31 55465.0 易明医药
002840 16.57 56643.37 华统股份
002842 9.46 49877.0 翔鹭钨业
002868 10.87 50376.13 绿康生化
002883 11.42 22507.16 中设股份
002890 16.26 7263.8 弘宇股份
002893 8.7 65519.89 华通热力
002963 14.38 13762.61 豪尔赛
002980 33.7 53222.3 华盛昌
002988 15.75 31855.67 豪美新材
002995 25.56 15647.85 天地在线
300018 6.65 124899.32 中元股份
300022 5.56 254723.73 吉峰科技
300030 9.49 118185.0 阳普医疗
300040 7.97 153614.48 九洲集团
300066 5.01 177360.3 三川智慧
300076 5.2 85278.0 GQY视讯
300078 6.25 237741.84 思创医惠
300105 5.44 83126.0 龙源技术
300107 5.18 39276.48 建新股份
300133 5.08 356497.81 华策影视
300135 2.96 265745.41 宝利国际
300173 5.25 132268.19 福能东方
300187 7.5 122965.0 永清环保
300221 6.44 207764.0 银禧科技
300237 2.66 408767.88 美晨生态
300262 3.19 83670.0 巴安水务
300284 6.7 241311.52 苏交科
300324 3.58 554688.62 旋极信息
300328 8.13 162544.0 宜安科技
300335 4.97 81090.0 迪森股份
300444 5.28 132595.06 双杰电气
300449 6.31 204721.44 汉邦高科
300485 17.18 402531.12 赛升药业
300497 16.86 480770.88 富祥药业
300517 13.57 35434.19 海波重科
300534 14.64 672942.75 陇神戎发
300585 14.7 43990.12 奥联电子
300599 9.19 29925.92 雄塑科技
300668 19.27 18419.5 杰恩设计
300791 30.18 19632.2 仙乐健康
300793 14.88 28338.28 佳禾智能
300826 18.21 19491.8 测绘股份
300849 10.71 12823.58 锦盛新材
300854 26.17 22909.71 中兰环保
300867 29.34 47977.2 圣元环保
300899 26.08 7362.93 上海凯鑫
300983 72.33 3832.61 尤安设计
301023 64.76 3233.23 江南奕帆
301037 22.66 6458.19 保立佳
301057 18.61 13826.48 汇隆新材
301059 18.42 17644.58 金三江
301075 36.62 22087.53 多瑞医药
301082 21.53 23030.57 久盛电气
301136 23.28 197334.55 招标股份
301228 32.17 61854.14 实朴检测
600037 8.46 209473.59 歌华有线
600064 9.39 163321.62 南京高科
600097 12.03 68161.86 开创国际
600109 9.87 393461.91 国金证券
600125 5.11 263565.16 铁龙物流
600128 8.59 218294.34 弘业股份
600158 8.93 275533.03 中体产业
600166 2.62 755312.19 福田汽车
600188 33.29 315908.88 兖矿能源
600189 6.61 78974.31 泉阳泉
600197 26.28 120225.86 伊力特
600219 4.06 1231500.25 南山铝业
600310 4.4 171440.41 桂东电力
600387 6.08 57582.27 海越能源
600405 6.03 348532.31 动力源
600408 3.16 158430.0 安泰集团
600452 14.78 101877.02 涪陵电力
600477 4.24 671217.75 杭萧钢构
600496 4.52 467189.84 精工钢构
600502 4.77 820503.31 安徽建工
600505 8.88 117724.0 西昌电力
600526 5.91 111409.75 菲达环保
600531 5.4 190990.75 豫光金铅
600550 5.37 359621.44 保变电气
600551 9.11 319512.31 时代出版
600566 24.53 140279.95 济川药业
600569 2.94 296293.25 安阳钢铁
600692 6.84 119029.99 亚通股份
600707 5.64 269616.97 彩虹股份
600710 5.96 131810.19 苏美达
600725 3.79 207532.7 云维股份
600755 7.15 315286.28 厦门国贸
600791 4.15 150734.95 京能置业
600793 12.38 38871.4 宜宾纸业
600863 3.35 1159438.12 内蒙华电
600889 5.22 49352.0 南京化纤
600956 13.12 71359.58 新天绿能
600975 8.95 460698.69 新五丰
600995 14.23 162157.14 南网储能
