000019 9.06 553390.38 深粮控股
000069 5.75 702816.62 华侨城A
000070 5.79 200959.56 特发信息
000090 7.16 576797.69 天健集团
000099 7.66 469454.19 中信海直
000157 5.95 741597.12 中联重科
000413 1.81 640677.5 东旭光电
000419 5.14 155134.16 通程控股
000425 5.58 1467203.25 徐工机械
000430 5.99 145357.0 张家界
000509 4.03 111871.0 华塑控股
000528 6.4 267217.59 柳工
000533 3.41 330849.84 顺钠股份
000543 4.12 464515.28 皖能电力
000552 4.37 1059747.5 靖远煤电
000558 2.88 248660.58 莱茵体育
000592 2.54 641060.94 平潭发展
000650 6.04 275364.47 仁和药业
000663 7.05 125294.71 永安林业
000666 8.23 111499.0 经纬纺机
000676 5.42 266952.03 智度股份
000683 9.95 834784.94 远兴能源
000686 6.55 352922.47 东北证券
000705 8.36 223588.12 浙江震元
000707 14.98 444747.91 双环科技
000736 18.86 706453.75 中交地产
000738 26.42 397649.88 航发控制
000755 4.12 126660.47 山西路桥
000768 25.62 399882.0 中航西飞
000776 17.01 696677.38 广发证券
000778 4.86 830389.62 新兴铸管
000789 11.59 226449.56 万年青
000825 5.74 628777.06 太钢不锈
000829 9.98 516591.19 天音控股
000877 12.15 128183.96 天山股份
000886 5.57 1093116.75 海南高速
000905 8.52 580158.0 厦门港务
000920 7.94 51868.0 沃顿科技
000937 7.77 860098.62 冀中能源
000951 12.53 330705.09 中国重汽
000952 7.25 42390.6 广济药业
000965 6.42 1251231.5 天保基建
000978 5.95 166408.91 桂林旅游
000983 14.14 837939.62 山西焦煤
000989 8.92 149212.55 九芝堂
002017 11.0 193280.36 东信和平
002023 9.38 126403.59 海特高新
002027 5.84 2330236.75 分众传媒
002035 5.55 142783.81 华帝股份
002051 9.04 353180.16 中工国际
002061 6.77 1327512.75 浙江交科
002062 6.73 1391166.88 宏润建设
002066 10.5 50496.0 瑞泰科技
002075 4.89 255863.31 沙钢股份
002092 7.56 476822.25 中泰化学
002097 6.27 111912.02 山河智能
002109 5.91 151771.2 兴化股份
002123 9.49 100501.47 梦网科技
002128 15.29 409777.84 电投能源
002138 25.86 92817.47 顺络电子
002179 83.63 143618.02 中航光电
002184 10.05 45285.42 海得控制
002190 24.11 43304.05 成飞集成
002193 5.78 31287.75 如意集团
002209 6.82 23541.53 达意隆
002232 13.31 192195.0 启明信息
002241 37.04 513986.62 歌尔股份
002242 15.77 100181.03 九阳股份
002251 7.95 764892.0 步步高
002261 6.41 710605.81 拓维信息
002264 4.87 93563.0 新华都
002266 4.67 335079.12 浙富控股
002267 7.52 146776.0 陕天然气
002280 3.54 556281.0 联络互动
002297 7.46 260942.48 博云新材
002310 2.43 477665.03 东方园林
002324 12.01 133083.44 普利特
002327 8.1 64465.91 富安娜
002339 5.33 153421.91 积成电子
002347 4.16 260905.08 泰尔股份
002353 36.51 101332.57 杰瑞股份
002389 16.81 324323.56 航天彩虹
002396 21.4 116190.34 星网锐捷
002402 14.88 166445.45 和而泰
002408 8.03 325759.91 齐翔腾达
002413 5.03 164989.27 雷科防务
002422 17.87 189232.56 科伦药业
002443 8.62 540201.38 金洲管道
002446 6.66 485352.56 盛路通信
002451 6.26 110984.7 摩恩电气
002457 9.14 230528.0 青龙管业
002463 14.96 255189.31 沪电股份
002475 30.6 1007808.19 立讯精密
002511 10.81 198110.38 中顺洁柔
002514 4.58 314405.62 宝馨科技
002520 5.9 663305.12 日发精机
002531 13.21 800548.5 天顺风能
002560 5.62 129304.43 通达股份
002588 6.87 424955.81 史丹利
002589 4.33 1991251.0 瑞康医药
002600 4.71 821369.12 领益智造
002609 7.41 84604.56 捷顺科技
002614 8.31 86103.5 奥佳华
002615 5.75 57508.75 哈尔斯
002625 15.4 236862.84 光启技术
002627 5.7 356304.91 三峡旅游
002628 4.1 449588.0 成都路桥
002651 6.97 127854.28 利君股份
002671 4.86 158640.97 龙泉股份
002681 3.35 188442.95 奋达科技
002695 11.57 93706.01 煌上煌
002707 6.19 566676.5 众信旅游
002717 3.12 1002085.19 岭南股份
002721 3.69 252176.05 金一文化
002747 16.2 88377.91 埃斯顿
002769 7.4 118174.47 普路通
002782 13.75 256787.52 可立克
002795 11.05 30382.0 永和智控
002803 12.69 138102.55 吉宏股份
002843 9.06 38249.95 泰嘉股份
002878 19.35 175662.31 元隆雅图
002895 31.79 181611.59 川恒股份
002900 12.32 61413.32 哈三联
002905 7.33 180611.77 金逸影视
002922 15.16 270405.84 伊戈尔
002929 30.17 23167.0 润建股份
002935 27.51 53884.06 天奥电子
002937 15.14 67916.4 兴瑞科技
002967 15.79 41699.27 广电计量
002985 60.55 50876.95 北摩高科
300021 5.48 319748.75 大禹节水
300022 5.16 245686.0 吉峰科技
300031 15.14 247163.59 宝通科技
300033 82.76 42343.54 同花顺
300034 37.61 95821.46 钢研高纳
300042 12.07 48780.74 朗科科技
300043 2.92 193082.62 星辉娱乐
300045 7.5 74734.0 华力创通
300048 6.24 399201.56 合康新能
300053 7.77 124922.39 欧比特
300058 6.4 2416121.5 蓝色光标
300079 4.95 464335.03 数码视讯
300081 8.8 296393.0 恒信东方
300101 17.28 224934.64 振芯科技
300111 3.05 394435.0 向日葵
300113 10.41 92101.91 顺网科技
300114 10.91 219526.19 中航电测
300115 8.54 266167.41 长盈精密
300123 5.71 135965.0 亚光科技
300137 5.83 70147.12 先河环保
300144 11.97 322310.47 宋城演艺
300166 8.77 520875.44 东方国信
300172 4.7 108691.64 中电环保
300174 14.95 32309.68 元力股份
300182 5.19 1126594.38 捷成股份
300191 20.99 66148.78 潜能恒信
300196 17.36 47231.28 长海股份
300209 6.13 243853.0 有棵树
300212 15.98 221375.27 易华录
300220 14.1 178291.88 金运激光
300233 29.4 91269.93 金城医药
300252 7.31 69194.67 金信诺
300264 5.86 323142.19 佳创视讯
300280 23.2 63233.94 紫天科技
300308 30.86 83747.27 中际旭创
300337 7.18 290932.44 银邦股份
300342 9.29 195709.86 天银机电
300350 5.75 229440.8 华鹏飞
300351 12.22 115524.36 永贵电器
300353 7.17 107035.76 东土科技
300355 3.94 463087.56 蒙草生态
300365 6.7 157047.77 恒华科技
300383 9.86 224643.69 光环新网
300394 25.91 50365.23 天孚通信
300397 10.22 189793.44 天和防务
300401 13.78 162854.98 花园生物
300409 20.79 174892.52 道氏技术
300411 8.58 304652.41 金盾股份
300414 8.05 38467.55 中光防雷
300416 29.15 38456.43 苏试试验
300424 10.91 48068.98 航新科技
300433 10.02 726924.81 蓝思科技
300447 17.9 46757.0 全信股份
300459 3.5 1263739.38 汤姆猫
300494 14.29 60115.0 盛天网络
300502 25.39 132352.64 新易盛
300504 16.92 81628.0 天邑股份
300518 57.6 19253.86 盛讯达
300527 7.44 153179.66 中船应急
300531 13.88 75457.66 优博讯
300563 11.2 23449.9 神宇股份
300577 16.21 54330.2 开润股份
300578 15.87 35822.0 会畅通讯
300581 20.26 129390.62 晨曦航空
300590 16.5 84796.45 移为通信
300595 39.64 244765.45 欧普康视
300597 7.9 98011.0 吉大通信
300609 17.23 109036.0 汇纳科技
300612 18.46 164208.0 宣亚国际
300615 10.26 31197.37 欣天科技
300620 25.87 16051.0 光库科技
300627 34.04 38003.64 华测导航
300629 25.2 45183.5 新劲刚
300653 39.34 18377.5 正海生物
300688 15.67 108378.99 创业黑马
300691 12.98 61459.6 联合光电
300696 39.44 29001.55 爱乐达
300719 10.0 43779.0 安达维尔
300722 30.2 76576.23 新余国科
300738 17.92 94183.29 奥飞数据
300740 12.25 83605.48 水羊股份
300769 284.5 29074.67 德方纳米
300775 40.5 129357.38 三角防务
300778 21.38 74657.31 新城市
300791 23.67 9428.5 仙乐健康
300793 14.4 28841.66 佳禾智能
300810 18.33 18802.5 中科海讯
300819 21.6 13886.81 聚杰微纤
300824 10.52 55014.4 北鼎股份
300825 13.97 100515.08 阿尔特
300841 87.18 30839.85 康华生物
300847 12.08 53612.5 中船汉光
300850 81.92 66584.16 新强联
300854 19.72 20759.11 中兰环保
300860 43.45 46764.14 锋尚文化
300900 23.82 54052.73 广联航空
300903 24.99 63734.31 科翔股份
300937 28.9 13286.61 药易购
300965 45.07 3216.0 恒宇信通
300977 35.24 6177.95 深圳瑞捷
301001 30.15 54166.63 凯淳股份
301029 74.13 8124.57 怡合达
301038 25.14 69612.36 深水规院
301079 23.37 13567.46 邵阳液压
301091 26.56 17710.8 深城交
301129 54.22 8871.19 瑞纳智能
301185 21.0 158815.27 鸥玛软件
301187 23.61 98062.99 欧圣电气
301188 16.44 42678.68 力诺特玻
301213 45.1 23138.12 观想科技
301216 29.79 45944.72 万凯新材
301268 30.56 61513.7 铭利达
600017 3.22 2249374.75 日照港
600031 17.09 2024952.75 三一重工
600038 35.78 246777.73 中直股份
600066 8.57 865126.12 宇通客车
600067 3.59 484572.16 冠城大通
600072 11.95 177893.73 中船科技
600077 5.15 2122913.25 宋都股份
600085 44.41 166558.77 同仁堂
600094 3.36 355789.31 大名城
600095 7.1 189988.59 湘财股份
600099 8.62 107125.01 林海股份
600103 2.42 382695.62 青山纸业
600121 4.44 496280.19 郑州煤电
600123 15.47 712885.88 兰花科创
600133 6.26 627251.69 东湖高新
600138 10.8 223842.73 中青旅
600148 15.66 64120.65 长春一东
600150 18.03 599372.0 中国船舶
600155 7.7 196425.3 华创阳安
600156 4.42 196267.09 华升股份
600169 2.39 273766.66 太原重工
600178 6.61 70901.39 东安动力
600184 12.85 112425.05 光电股份
600193 5.9 86010.27 创兴资源
600197 24.8 145863.77 伊力特
600213 8.94 353754.88 亚星客车
600258 21.2 106462.66 首旅酒店
600308 5.78 121084.02 华泰股份
600316 23.95 157815.62 洪都航空
600328 22.59 317958.38 中盐化工
600329 21.29 69523.84 达仁堂
600333 4.86 83318.84 长春燃气
600343 10.05 96496.93 航天动力
600348 12.51 746542.69 华阳股份
600354 6.7 446799.47 敦煌种业
600358 6.34 237034.0 国旅联合
600380 11.68 199796.64 健康元
600386 3.95 357504.22 北巴传媒
600393 1.58 496437.03 粤泰股份
600395 9.26 561662.25 盘江股份
600397 3.27 841138.62 安源煤业
600399 15.82 280544.94 抚顺特钢
600409 7.0 408631.75 三友化工
600425 4.14 492969.03 青松建化
600435 8.41 214569.62 北方导航
600444 13.09 51604.0 国机通用
600449 13.05 70715.02 宁夏建材
600466 1.8 751241.06 蓝光发展
600495 3.61 126688.32 晋西车轴
600496 4.44 377305.03 精工钢构
600498 13.73 163351.33 烽火通信
600501 10.56 93678.0 航天晨光
600520 8.34 32640.0 文一科技
600523 21.31 61027.39 贵航股份
600528 8.33 320529.81 中铁工业
600529 23.13 154679.97 山东药玻
600556 7.82 401922.53 天下秀
600559 22.95 467263.31 老白干酒
600617 5.05 297533.0 国新能源
600621 10.59 138618.02 华鑫股份
600644 6.09 92412.69 乐山电力
600662 6.02 277434.81 外服控股
600679 10.22 93858.01 上海凤凰
600684 3.66 660716.75 珠江股份
600697 14.03 88268.0 欧亚集团
600698 5.22 648540.38 湖南天雁
600716 5.36 257537.06 凤凰股份
600725 4.2 327633.53 云维股份
600728 6.28 172469.17 佳都科技
600735 6.44 108846.0 新华锦
600740 5.87 1121179.75 山西焦化
600756 13.37 485814.97 浪潮软件
600758 4.64 531196.12 辽宁能源
600761 10.23 78525.39 安徽合力
600764 23.06 115821.66 中国海防
600765 27.7 390192.75 中航重机
600771 28.76 155242.69 广誉远
600776 9.11 210905.44 东方通信
600793 11.8 74777.0 宜宾纸业
600815 3.06 253883.88 厦工股份
600818 17.26 25985.0 中路股份
600820 5.97 708087.94 隧道股份
600822 9.09 248135.72 上海物贸
600839 2.8 694702.19 四川长虹
600841 7.92 387235.34 动力新科
600855 11.18 72764.13 航天长峰
600861 18.09 79072.05 北京城乡
600879 6.37 603832.94 航天电子
600893 40.05 526193.25 航发动力
600898 7.24 171985.0 国美通讯
600906 8.17 928372.0 财达证券
600935 5.29 226834.41 华塑股份
600939 4.68 465693.91 重庆建工
600962 10.75 224731.05 国投中鲁
600967 8.83 224469.48 内蒙一机
600973 4.29 260323.31 宝胜股份
600984 7.74 247983.45 建设机械
600985 15.52 385538.75 淮北矿业
600986 5.2 593253.25 浙文互联
600990 41.95 20553.66 四创电子
600997 7.81 428727.19 开滦股份
