000007 8.78 278992.25 全新好
000017 4.34 77574.6 深中华A
000151 13.44 441751.84 中成股份
000547 11.13 516807.16 航天发展
000548 4.81 218606.27 湖南投资
000586 9.0 111025.01 汇源通信
000599 4.23 133580.06 青岛双星
000632 4.34 135151.44 三木集团
000700 5.59 159308.7 模塑科技
000701 6.09 124359.52 厦门信达
000790 4.81 134913.52 华神科技
000810 20.73 268239.28 创维数字
000890 4.78 78311.53 法尔胜
000936 5.84 145387.5 华西股份
002011 16.45 240674.34 盾安环境
002037 15.16 1156968.38 保利联合
002079 13.88 566104.94 苏州固锝
002124 7.79 865233.94 天邦食品
002126 12.87 238222.59 银轮股份
002144 10.24 76769.0 宏达高科
002161 5.59 233624.16 远望谷
002162 4.29 138468.31 悦心健康
002174 9.18 300395.16 游族网络
002194 10.53 225907.44 武汉凡谷
002199 7.57 156071.11 东晶电子
002206 6.91 218646.09 海利得
002221 9.19 208195.72 东华能源
002224 5.25 388761.75 三力士
002273 13.4 266006.09 水晶光电
002279 4.86 152398.52 久其软件
002288 5.95 118305.23 超华科技
002303 3.68 144288.5 美盈森
002369 5.3 384511.44 卓翼科技
002388 6.17 91891.94 新亚制程
002413 5.48 411337.69 雷科防务
002454 8.2 198056.0 松芝股份
002537 8.51 889141.94 海联金汇
002547 5.57 573202.44 春兴精工
002549 18.76 121665.01 凯美特气
002560 6.64 170260.95 通达股份
002620 6.4 80665.15 瑞和股份
002660 9.48 213909.0 茂硕电源
002666 5.63 145818.69 德联集团
002674 12.92 40667.0 兴业科技
002682 4.6 128758.5 龙洲股份
002686 6.91 559344.81 亿利达
002693 5.35 184915.19 双成药业
002694 5.34 61832.2 顾地科技
002730 9.04 48742.0 电光科技
002767 11.27 25862.0 先锋电子
002771 9.82 41462.0 真视通
002782 18.29 96462.58 可立克
002787 6.59 57345.75 华源控股
002809 10.04 22531.23 红墙股份
002828 8.34 181103.7 贝肯能源
002829 37.85 29782.35 星网宇达
002836 9.01 22635.2 新宏泽
002838 22.53 63754.66 道恩股份
002845 15.09 104522.58 同兴达
002898 11.45 27491.78 赛隆药业
002899 12.82 24774.0 英派斯
002902 15.61 80053.39 铭普光磁
002906 45.78 86715.06 华阳集团
002923 17.76 26077.26 润都股份
002929 36.95 27562.07 润建股份
002931 11.06 20109.51 锋龙股份
002969 4.29 230825.38 嘉美包装
002976 22.7 30814.53 瑞玛精密
002977 41.6 16061.19 天箭科技
002987 22.1 58615.98 京北方
002990 25.45 14157.25 盛视科技
002995 18.39 76146.14 天地在线
002998 7.54 25854.0 优彩资源
300013 4.79 209765.0 新宁物流
300022 4.9 117268.02 吉峰科技
300026 5.91 666268.44 红日药业
300042 12.68 22837.83 朗科科技
300051 6.59 103561.24 三五互联
300093 51.4 41443.21 金刚光伏
300097 6.41 50032.63 智云股份
300125 28.71 141514.92 聆达股份
300131 6.43 378892.91 英唐智控
300138 16.29 56845.37 晨光生物
300209 7.11 137999.58 有棵树
300235 10.45 24429.0 方直科技
300242 3.48 190309.19 佳云科技
300250 12.61 56779.36 初灵信息
300287 3.92 330317.03 飞利信
300289 6.49 107290.0 利德曼
300290 4.78 112321.55 荣科科技
300333 6.56 77111.66 兆日科技
300348 10.86 127355.16 长亮科技
300353 8.97 95132.3 东土科技
300366 7.84 170065.69 创意信息
300401 19.52 180363.88 花园生物
300424 11.93 31529.59 航新科技
300447 17.26 76188.0 全信股份
300448 5.3 63929.34 浩云科技
300454 103.55 55240.54 深信服
300513 12.51 128745.4 恒实科技
300517 16.5 93868.0 海波重科
300531 13.99 44683.25 优博讯
300532 14.93 65557.71 今天国际
300546 20.71 32906.37 雄帝科技
300548 21.69 53863.67 博创科技
300555 7.9 37244.02 路通视信
300562 9.45 23042.0 乐心医疗
300585 14.5 25174.0 奥联电子
300589 12.84 63458.09 江龙船艇
300597 8.6 71265.18 吉大通信
300600 8.69 39470.93 国瑞科技
300608 8.36 47308.22 思特奇
300609 15.32 82268.99 汇纳科技
300614 26.0 10218.0 百川畅银
300625 13.54 126024.4 三雄极光
300629 24.01 91525.81 新劲刚
300637 7.8 26523.5 扬帆新材
300644 16.99 17208.2 南京聚隆
300652 28.07 20455.05 雷迪克
300660 28.83 99790.6 江苏雷利
300673 23.83 118156.45 佩蒂股份
300700 32.92 38026.4 岱勒新材
300701 9.25 43559.99 森霸传感
300719 10.84 44168.19 安达维尔
300729 18.01 73960.67 乐歌股份
300802 20.96 33365.11 矩子科技
300807 23.03 19605.68 天迈科技
300812 18.83 48973.57 易天股份
300826 13.3 10745.42 测绘股份
300836 24.34 6909.99 佰奥智能
300840 9.73 32819.0 酷特智能
300853 30.12 49336.13 申昊科技
300877 16.09 10228.62 金春股份
300883 7.1 111662.65 龙利得
300884 10.81 35296.16 狄耐克
300888 73.66 21898.21 稳健医疗
300900 27.47 25280.27 广联航空
300906 24.47 3227.0 日月明
300913 18.88 83474.21 兆龙互连
300921 19.07 23247.6 南凌科技
300937 30.0 43473.79 药易购
301033 40.2 4796.84 迈普医学
301053 23.42 8801.67 远信工业
301086 67.2 4404.4 鸿富瀚
301111 22.11 12713.74 粤万年青
301128 31.51 12279.64 强瑞技术
301133 25.35 8759.53 金钟股份
301153 51.49 12397.55 中科江南
301213 41.6 8389.57 观想科技
301282 35.77 110082.16 金禄电子
301302 58.68 8970.93 华如科技
301321 23.64 42168.54 翰博高新
301338 57.89 22633.59 凯格精机
600038 43.41 61311.41 中直股份
600071 20.76 87944.21 凤凰光学
600100 4.67 362690.34 同方股份
600119 6.52 42957.08 长江投资
600189 7.19 220120.55 泉阳泉
600272 10.34 127089.02 开开实业
600335 9.0 129491.96 国机汽车
600355 3.57 295080.0 精伦电子
600455 21.54 9850.01 博通股份
600463 8.39 231137.98 空港股份
600476 13.95 34646.0 湘邮科技
600501 12.57 111627.24 航天晨光
600647 15.9 87395.0 同达创业
600775 10.02 168563.88 南京熊猫
600795 4.48 2111467.5 国电电力
600830 5.98 92854.71 香溢融通
600853 3.31 441759.91 龙建股份
600933 17.93 127356.76 爱柯迪
600963 5.68 210886.53 岳阳林纸
