000023 13.92 15655.66 深天地A
000059 8.02 466780.12 华锦股份
000603 13.17 168152.36 盛达资源
000638 5.5 223276.22 万方发展
000676 7.86 813980.56 智度股份
000701 5.68 84155.06 厦门信达
000759 5.58 246164.3 中百集团
000833 7.17 245657.44 粤桂股份
000897 3.03 792071.5 津滨发展
000923 15.8 244445.95 河钢资源
000983 9.14 1946486.5 山西焦煤
002015 17.5 247545.28 协鑫能科
002048 22.39 118612.44 宁波华翔
002065 7.76 568313.62 东华软件
002195 2.62 4878587.5 二三四五
002197 8.74 250199.05 证通电子
002213 21.29 100219.52 大为股份
002251 7.37 471858.97 步步高
002254 20.18 141006.89 泰和新材
002306 3.6 270942.88 中科云网
002323 3.07 591168.19 雅博股份
002324 14.49 115583.17 普利特
002351 12.31 198524.2 漫步者
002434 13.95 212875.48 万里扬
002480 6.19 637291.0 新筑股份
002494 4.79 424742.84 华斯股份
002515 6.18 648521.38 金字火腿
002523 2.99 293372.25 天桥起重
002533 8.86 208563.72 金杯电工
002614 13.38 110288.2 奥佳华
002629 4.24 571323.25 仁智股份
002638 2.07 768660.19 勤上股份
002679 13.97 80254.36 福建金森
002696 6.62 464624.53 百洋股份
002750 22.68 853529.19 龙津药业
002906 55.3 100470.49 华阳集团
002920 145.82 62145.34 德赛西威
002960 47.7 51239.09 青鸟消防
002993 40.57 49451.33 奥海科技
002995 35.4 37838.6 天地在线
300020 9.0 417409.16 银江技术
300061 10.3 591828.94 旗天科技
300063 5.14 763744.0 天龙集团
300079 9.32 1472799.5 数码视讯
300130 14.97 383383.25 新国都
300242 4.97 482976.0 佳云科技
300248 16.49 904565.75 新开普
300250 13.35 155005.88 初灵信息
300258 15.25 88499.2 精锻科技
300268 21.18 128567.03 佳沃食品
300275 14.27 285556.25 梅安森
300291 6.7 317345.97 百纳千成
300332 10.52 267100.19 天壕环境
300333 8.63 276023.09 兆日科技
300344 8.07 452613.97 立方数科
300363 81.19 77440.07 博腾股份
300386 18.0 253087.28 飞天诚信
300419 8.02 159379.2 浩丰科技
300461 22.0 65594.02 田中精机
300462 14.83 127696.58 华铭智能
300468 19.85 166444.8 四方精创
300487 101.95 55840.49 蓝晓科技
300489 24.63 32413.5 光智科技
300529 55.47 127933.82 健帆生物
300532 11.48 150771.66 今天国际
300537 16.67 64061.8 广信材料
300561 11.59 95029.68 汇金科技
300579 41.04 80698.12 数字认证
300585 17.3 121115.09 奥联电子
300608 14.74 140145.45 思特奇
300609 18.87 77281.37 汇纳科技
300647 8.95 395205.69 超频三
300663 22.16 396136.56 科蓝软件
300665 10.43 120147.03 飞鹿股份
300667 24.2 57469.3 必创科技
300668 19.51 28985.15 杰恩设计
300674 25.52 215972.72 宇信科技
300679 51.95 54933.56 电连技术
300687 29.63 69559.89 赛意信息
300720 14.21 52404.5 海川智能
300923 33.9 41977.72 研奥股份
300930 32.38 20666.07 屹通新材
300940 41.68 54137.22 南极光
300953 129.43 18897.16 震裕科技
300962 24.03 193296.44 中金辐照
300991 34.92 20725.4 创益通
301010 25.1 57096.33 晶雪节能
301025 21.65 106928.68 读客文化
301085 34.35 27987.95 亚康股份
301166 91.52 47350.05 优宁维
301211 35.03 171693.28 亨迪药业
301221 107.08 49788.51 光庭信息
600052 5.67 149193.3 东望时代
600099 8.85 80219.0 林海股份
600106 4.96 740285.5 重庆路桥
600192 5.99 427588.31 长城电工
600257 8.71 1439028.38 大湖股份
600361 6.38 151095.5 创新新材
600389 43.13 74578.67 江山股份
600405 7.83 999754.19 动力源
600455 23.9 19243.01 博通股份
600530 5.34 834441.69 交大昂立
600650 10.37 80914.3 锦江在线
600697 13.13 19370.73 欧亚集团
600706 8.67 236231.34 曲江文旅
600746 14.92 213575.0 江苏索普
600877 15.63 127163.08 声光电科
600880 8.07 2072172.88 博瑞传播
600933 19.31 108523.55 爱柯迪
600981 3.42 832678.62 汇鸿集团
