000411 14.18 116903.0 英特集团 2.6
000619 5.83 106777.08 海螺新材 1.57
000935 21.8 103630.65 四川双马 1.68
002148 6.27 665332.25 北纬科技 3.29
002205 9.72 256266.88 国统股份 4.85
002216 15.27 83418.03 三全食品 1.6
002581 18.04 179207.0 未名医药 2.21
002728 16.29 146720.89 特一药业 5.85
002787 6.44 116909.76 华源控股 2.88
300205 18.36 419626.53 天喻信息 5.76
300497 16.59 399342.38 富祥药业 1.78
300578 24.55 144798.41 会畅通讯 5.14
300878 49.02 29752.53 维康药业 1.79
301159 50.92 80216.61 三维天地 7.65
301166 79.85 29077.8 优宁维 4.09
600550 5.72 454485.12 保变电气 3.06
600560 10.34 74354.0 金自天正 2.48
600576 6.92 590711.88 祥源文旅 4.22
600975 8.69 534783.5 新五丰 3.58
