000023 12.65 67945.48 深天地A
000031 3.95 420469.69 大悦城
000069 6.07 1394552.38 华侨城A
000403 21.93 194099.77 派林生物
000504 15.79 54669.0 南华生物
000536 2.17 446911.19 华映科技
000779 11.15 171311.44 甘咨询
000921 13.6 343918.09 海信家电
002034 20.0 56329.19 旺能环境
002044 5.48 1012127.62 美年健康
002120 16.62 470708.72 韵达股份
002264 4.9 101612.0 新华都
002271 49.1 374759.69 东方雨虹
002277 4.48 651251.19 友阿股份
002281 17.94 189027.48 光迅科技
002285 3.32 750922.25 世联行
002307 5.86 1122071.62 北新路桥
002312 17.72 1418549.5 川发龙蟒
002357 5.94 522962.19 富临运业
002524 6.64 206380.98 光正眼科
002578 5.69 761789.12 闽发铝业
002628 3.86 375225.91 成都路桥
002724 11.96 175187.45 海洋王
002815 12.95 217386.5 崇达技术
002941 15.74 318721.78 新疆交建
300070 5.26 1201916.75 碧水源
300151 18.63 233909.31 昌红科技
300182 5.35 1808239.88 捷成股份
300239 7.86 355167.03 东宝生物
300575 20.35 125782.29 中旗股份
300588 10.82 135107.88 熙菱信息
300595 55.4 220292.44 欧普康视
300605 13.58 125246.38 恒锋信息
300730 10.87 155925.98 科创信息
300732 10.89 201400.92 设研院
300768 15.75 160637.77 迪普科技
300778 16.42 69860.14 新城市
300824 11.69 63084.81 北鼎股份
300911 75.08 23214.36 亿田智能
301101 47.76 36129.36 明月镜片
301187 25.89 109656.49 欧圣电气
301263 32.05 106264.58 泰恩康
600173 6.03 197479.3 卧龙地产
600315 38.86 127497.68 上海家化
600521 22.08 267997.59 华海药业
600600 102.29 89780.08 青岛啤酒
600630 5.92 273794.28 龙头股份
600775 9.79 237495.03 南京熊猫
600776 11.34 364155.59 东方通信
600795 3.92 2890386.5 国电电力
600861 21.82 76692.89 北京城乡
