000636 17.77 305529.53 风华高科 3.86
000810 18.73 299467.81 创维数字 1.74
000811 10.46 110748.19 冰轮环境 0.67
000969 9.62 351434.28 安泰科技 3.0
002023 10.6 305550.44 海特高新 3.42
002073 8.32 698225.19 软控股份 6.8
002123 13.95 293092.59 梦网科技 5.92
002171 10.75 609628.5 楚江新材 5.81
002250 18.34 56065.82 联化科技 2.69
002283 7.05 280788.72 天润工业 2.62
002444 19.17 259376.0 巨星科技 2.57
002445 2.41 489213.12 中南文化 1.69
002459 78.58 253257.55 晶澳科技 3.56
002533 9.08 647462.62 金杯电工 3.18
002544 24.99 62331.94 普天科技 2.0
002576 15.92 349156.44 通达动力 5.36
002580 9.37 297055.75 圣阳股份 1.63
002635 16.13 437516.47 安洁科技 6.12
002664 17.5 70816.0 信质集团 0.75
002665 3.66 2171989.75 首航高科 0.83
002691 5.93 57711.8 冀凯股份 2.42
002746 9.28 204710.59 仙坛股份 3.11
002762 8.6 179570.27 金发拉比 2.02
002772 7.42 172741.41 众兴菌业 3.78
002809 10.23 31289.5 红墙股份 1.99
002816 19.97 32817.43 和科达 3.69
002833 15.89 29341.81 弘亚数控 2.25
002849 12.73 35619.5 威星智能 2.99
002931 12.09 46186.27 锋龙股份 0.92
002947 19.69 37556.33 恒铭达 2.13
300007 22.23 319747.56 汉威科技 5.06
300024 10.75 580920.56 机器人 2.77
300035 27.49 313121.19 中科电气 1.44
300041 19.32 141971.06 回天新材 4.43
300100 10.21 161186.0 双林股份 1.59
300112 10.85 144125.83 万讯自控 2.36
300124 66.1 157620.2 汇川技术 1.88
300126 6.5 40099.13 锐奇股份 1.72
300157 3.92 204382.52 恒泰艾普 2.08
300161 23.55 74876.62 华中数控 3.65
300193 9.19 79343.07 佳士科技 2.0
300224 17.04 407394.56 正海磁材 2.46
300227 7.9 142560.66 光韵达 4.36
300249 10.69 611731.81 依米康 2.59
300263 9.86 707877.19 隆华科技 5.0
300276 4.46 302111.72 三丰智能 2.29
300293 10.89 100142.0 蓝英装备 2.54
300335 5.63 308547.75 迪森股份 5.63
300375 4.86 305269.31 鹏翎股份 3.62
300393 17.77 1431235.88 中来股份 3.98
300397 10.93 158848.23 天和防务 2.73
300400 18.53 55527.57 劲拓股份 0.82
300410 9.68 89035.24 正业科技 2.98
300441 7.05 94608.36 鲍斯股份 1.15
300461 16.1 10746.0 田中精机 1.71
300472 12.25 232883.45 新元科技 2.51
300488 27.57 46103.9 恒锋工具 2.91
300507 7.9 549808.94 苏奥传感 3.0
300508 27.34 35506.97 维宏股份 2.21
300543 11.75 72883.8 朗科智能 2.53
300549 14.94 35545.69 优德精密 5.29
300586 22.85 121007.66 美联新材 2.83
300589 15.4 332414.47 江龙船艇 3.01
300602 16.6 148198.12 飞荣达 5.06
300615 11.71 22433.61 欣天科技 1.83
300620 35.49 21190.48 光库科技 2.28
300638 25.35 56763.99 广和通 1.08
300650 13.58 62039.66 太龙股份 2.72
300667 17.43 24593.88 必创科技 2.05
300681 64.57 47515.0 英搏尔 3.94
300691 15.89 92861.15 联合光电 3.25
300722 34.0 63622.33 新余国科 1.89
300786 16.58 159845.69 国林科技 5.27
300790 19.63 48311.3 宇瞳光学 1.5
300836 27.13 41864.87 佰奥智能 4.31
300847 13.25 58162.82 中船汉光 1.69
300848 19.62 32694.5 美瑞新材 4.14
300862 28.57 10661.31 蓝盾光电 1.31
300912 18.27 46755.8 凯龙高科 5.0
301000 33.27 25337.16 肇民科技 6.26
301007 15.66 48307.34 德迈仕 2.22
301010 25.75 49726.59 晶雪节能 2.18
301022 34.83 8173.67 海泰科 2.11
301042 38.29 17015.35 安联锐视 2.76
301072 34.75 74494.96 中捷精工 5.46
301083 15.36 77019.4 百胜智能 3.71
301133 32.34 31472.53 金钟股份 2.47
301183 32.82 21997.01 东田微 1.23
600072 13.14 212029.11 中船科技 1.94
600330 14.62 650848.0 天通股份 4.28
600345 16.94 35245.61 长江通信 1.99
600348 21.96 1412919.62 华阳股份 7.81
600363 29.29 139602.83 联创光电 0.83
600546 15.6 818159.75 山煤国际 1.89
600673 11.73 461926.88 东阳光 5.77
600742 9.96 230985.19 一汽富维 1.22
600835 14.05 135084.77 上海机电 3.54
600980 17.6 57021.04 北矿科技 3.53
