000011 11.02 84867.57 深物业A
000404 4.62 134899.11 长虹华意
000532 11.24 47288.61 华金资本
000546 15.01 438822.0 金圆股份
000552 4.13 703077.75 靖远煤电
000584 6.85 493360.44 哈工智能
000632 4.14 192702.05 三木集团
000681 15.76 413949.0 视觉中国
000707 10.25 126454.74 双环科技
000715 5.16 42856.07 中兴商业
000718 4.23 765353.81 苏宁环球
000723 13.61 1532251.62 美锦能源
000762 42.85 434268.47 西藏矿业
000830 16.86 549801.5 鲁西化工
000852 6.4 131702.06 石化机械
000863 3.66 320542.0 三湘印象
000880 7.96 22770.6 潍柴重机
000882 2.07 698481.81 华联股份
000937 6.9 857169.06 冀中能源
002016 6.06 130977.53 世荣兆业
002087 3.73 366781.19 新野纺织
002100 12.32 290890.91 天康生物
002101 13.25 161241.39 广东鸿图
002125 13.03 431236.31 湘潭电化
002188 6.97 115268.02 中天服务
002208 8.16 351648.69 合肥城建
002265 16.24 177497.0 西仪股份
002268 47.38 164148.47 电科网安
002326 35.69 1181747.5 永太科技
002425 7.22 513695.72 凯撒文化
002434 8.01 279905.94 万里扬
002502 3.68 107264.0 鼎龙文化
002530 9.4 1215348.5 金财互联
002532 8.12 354220.88 天山铝业
002567 10.15 608328.75 唐人神
002621 5.81 813203.75 美吉姆
002657 15.08 313403.03 中科金财
002663 2.03 464286.03 普邦股份
002725 9.19 163664.2 跃岭股份
002733 16.03 73173.19 雄韬股份
002749 9.19 32971.88 国光股份
002800 20.1 197086.09 天顺股份
002819 33.28 19547.11 东方中科
002829 38.37 22004.0 星网宇达
002843 9.81 31692.5 泰嘉股份
002968 33.95 11543.97 新大正
002995 26.66 16519.37 天地在线
002997 19.08 259818.36 瑞鹄模具
300031 20.43 282494.88 宝通科技
300052 26.29 406569.38 中青宝
300081 14.64 828042.0 恒信东方
300155 6.17 67922.49 安居宝
300157 5.27 956681.94 恒泰艾普
300280 28.48 32232.36 紫天科技
300306 20.84 580239.25 远方信息
300311 10.5 1197572.75 任子行
300364 11.97 958732.25 中文在线
300375 4.03 145191.23 鹏翎股份
300398 31.6 406170.62 飞凯材料
300416 32.55 40843.55 苏试试验
300426 7.51 46032.0 唐德影视
300440 8.12 78619.46 运达科技
300498 21.83 588201.94 温氏股份
300540 29.0 78528.21 蜀道装备
300611 10.27 51915.89 美力科技
300621 10.41 183451.5 维业股份
300624 41.24 87665.24 万兴科技
300688 33.93 137833.41 创业黑马
300694 10.77 37054.45 蠡湖股份
300730 19.97 187058.31 科创信息
300786 30.44 51380.74 国林科技
300807 32.01 85882.77 天迈科技
300809 42.07 75210.0 华辰装备
300846 22.61 611392.0 首都在线
300851 27.72 11389.81 交大思诺
300895 42.6 73554.65 铜牛信息
300943 28.9 86366.68 春晖智控
300959 41.87 16130.32 线上线下
300966 48.1 124112.61 共同药业
300985 39.16 72066.27 致远新能
301035 74.26 10550.72 润丰股份
301169 58.26 44118.41 零点有数
301186 43.58 74165.54 超达装备
600064 9.69 211482.03 南京高科
600101 6.86 128531.5 明星电力
600159 3.36 819552.75 大龙地产
600162 2.32 679768.5 香江控股
600185 5.87 376971.91 格力地产
600191 4.61 53218.71 华资实业
600208 2.91 1365640.5 新湖中宝
600302 5.68 93312.57 标准股份
600337 3.36 181266.72 美克家居
600348 11.82 358640.59 华阳股份
600383 14.4 845423.44 金地集团
600387 6.29 43314.0 海越能源
600405 6.41 735293.88 动力源
600478 5.6 267254.0 科力远
600497 5.02 791033.62 驰宏锌锗
600556 9.19 444556.12 天下秀
600575 3.41 859007.94 淮河能源
600604 5.39 206189.81 市北高新
600617 4.08 120896.0 国新能源
600638 5.7 80261.4 新黄浦
600658 4.67 139133.59 电子城
600665 3.85 216622.39 天地源
600683 5.24 223690.02 京投发展
600691 4.4 488129.25 阳煤化工
600705 4.09 1155410.62 中航产融
600707 5.78 310969.53 彩虹股份
600716 5.31 846720.12 凤凰股份
600740 6.05 656646.44 山西焦化
600755 7.4 480091.22 厦门国贸
600838 7.19 159676.28 上海九百
600854 5.0 107020.0 春兰股份
600874 7.21 359373.44 创业环保
600986 6.38 1523355.38 浙文互联
600997 8.01 328711.16 开滦股份
