000923 15.47 206089.27 河钢资源 2.72
002040 7.33 210089.55 南京港 2.09
002340 7.96 2133773.5 格林美 4.6
002377 3.08 429335.0 国创高新 5.48
002516 4.49 165520.19 旷达科技 2.28
002593 3.37 230327.0 日上集团 1.81
002709 41.44 829493.62 天赐材料 3.47
002906 41.8 99994.08 华阳集团 6.85
002943 44.85 121853.19 宇晶股份 3.2
002953 13.4 16862.72 日丰股份 2.45
300066 5.03 149821.45 三川智慧 2.65
300080 4.8 285157.22 易成新能 0.63
300162 7.1 255796.16 雷曼光电 3.05
300176 5.15 61984.92 派生科技 2.18
300260 40.96 33893.7 新莱应材 4.62
300290 4.68 127532.0 荣科科技 3.77
300328 7.73 158666.8 宜安科技 3.48
300340 13.62 76256.2 科恒股份 3.1
300371 11.85 16725.33 汇中股份 3.31
300381 10.17 153577.0 溢多利 3.88
300473 17.48 31552.0 德尔股份 4.11
300499 10.92 297189.56 高澜股份 1.87
300506 5.72 164444.3 名家汇 4.57
300510 4.59 204834.38 金冠股份 2.69
300536 17.46 50773.16 农尚环境 4.11
300540 22.1 21315.0 蜀道装备 2.31
300542 10.98 89772.65 新晨科技 4.08
300586 13.2 176913.59 美联新材 3.61
300615 10.86 30664.34 欣天科技 0.56
300626 8.74 36592.99 华瑞股份 0.57
300648 32.38 33181.07 星云股份 3.12
300682 27.6 99168.65 朗新科技 6.73
300786 15.19 137557.72 国林科技 6.97
300792 34.36 79038.47 壹网壹创 2.2
300807 21.73 35835.0 天迈科技 5.18
300814 17.6 21184.1 中富电路 4.51
300816 29.9 16884.0 艾可蓝 3.5
300853 27.8 13816.66 申昊科技 4.12
300857 20.97 19634.0 协创数据 3.56
300900 25.43 47296.42 广联航空 2.96
300912 16.49 10026.36 凯龙高科 3.26
300928 49.0 12530.0 华安鑫创 5.47
300930 25.59 8624.17 屹通新材 4.41
300959 32.53 10563.0 线上线下 2.42
300963 18.43 21648.48 中洲特材 2.39
300964 29.62 7044.93 本川智能 2.03
300987 17.64 80889.99 川网传媒 3.58
300993 22.63 18186.62 玉马遮阳 2.31
301005 41.25 10806.79 超捷股份 3.25
301021 25.91 12954.61 英诺激光 2.41
301135 25.65 29581.77 瑞德智能 2.19
301189 32.98 13990.92 奥尼电子 3.19
301199 20.51 12953.11 迈赫股份 2.81
301221 51.61 28791.41 光庭信息 5.13
600038 41.5 167656.53 中直股份 5.06
600094 3.57 250263.3 大名城 2.88
600117 3.82 164927.66 西宁特钢 7.0
600166 2.89 2758636.0 福田汽车 3.96
600577 4.99 643726.0 精达股份 3.96
600640 10.22 104047.44 国脉文化 1.29
600641 17.67 286335.75 万业企业 5.12
600805 5.23 487856.28 悦达投资 3.98
600933 15.11 167879.52 爱柯迪 6.56
