000002 21.59 1067237.0 万科A
000069 8.15 855030.62 华侨城A
000420 4.98 494192.47 吉林化纤
000537 20.66 364042.53 广宇发展
000540 2.66 829777.5 中天金融
000546 14.88 479034.12 金圆股份
000623 18.11 290140.53 吉林敖东
000672 19.88 236721.64 上峰水泥
000708 23.38 147833.78 中信特钢
000733 121.93 83710.26 振华科技
000778 5.14 2240886.5 新兴铸管
000791 6.25 313423.59 甘肃电投
000862 8.32 760350.56 银星能源
000875 8.63 1355881.25 吉电股份
000877 14.73 169532.77 天山股份
000915 34.09 96257.82 华特达因
000977 36.4 705559.06 浪潮信息
000983 9.04 1041137.94 山西焦煤
002011 14.1 396787.59 盾安环境
002037 8.28 81316.5 保利联合
002046 13.5 83126.79 国机精工
002051 7.2 119945.42 中工国际
002128 15.89 342013.28 电投能源
002184 14.37 108598.97 海得控制
002230 48.85 283762.69 科大讯飞
002238 6.92 502547.69 天威视讯
002244 5.68 493976.59 滨江集团
002261 9.14 1617131.88 拓维信息
002271 51.1 262097.3 东方雨虹
002307 4.43 159533.31 北新路桥
002318 19.06 210514.31 久立特材
002329 4.74 390967.72 皇氏集团
002389 24.11 189507.84 航天彩虹
002405 18.0 1801100.38 四维图新
002414 24.59 441330.31 高德红外
002452 9.39 204070.44 长高电新
002572 23.67 235747.77 索菲亚
002628 3.75 337755.0 成都路桥
002637 19.25 140646.98 赞宇科技
002646 20.3 101812.27 天佑德酒
002756 125.5 101936.13 永兴材料
002819 36.48 30957.74 东方中科
002821 378.8 32365.19 凯莱英
002839 6.38 639913.44 张家港行
002941 12.62 165018.0 新疆交建
300040 9.09 220765.84 九洲集团
300065 14.77 567390.06 海兰信
300068 12.72 251432.84 南都电源
300085 16.16 537319.69 银之杰
300098 5.42 2002629.0 高新兴
300191 26.15 70667.53 潜能恒信
300265 11.08 145387.02 通光线缆
300284 7.02 263397.5 苏交科
300286 38.13 65080.44 安科瑞
300320 14.51 224028.05 海达股份
300373 64.57 189986.56 扬杰科技
300374 14.2 97875.83 中铁装配
300455 10.87 143282.69 康拓红外
300461 22.31 72058.02 田中精机
300474 126.99 54081.18 景嘉微
300500 22.4 109524.11 启迪设计
300520 21.65 216377.88 科大国创
300551 19.7 320601.69 古鳌科技
300560 15.11 126298.91 中富通
300561 12.44 306698.16 汇金科技
300598 65.85 96786.13 诚迈科技
300605 16.03 194172.77 恒锋信息
300635 17.49 74735.66 中达安
300732 13.0 133298.12 设研院
300799 91.44 38685.5 左江科技
300807 29.18 83512.25 天迈科技
300830 12.34 162327.0 金现代
300831 17.49 125107.92 派瑞股份
300859 22.3 21618.0 西域旅游
300916 66.18 30428.91 朗特智能
300923 35.05 55432.11 研奥股份
300939 60.69 50678.47 秋田微
301012 48.47 41049.42 扬电科技
301027 19.38 99562.2 华蓝集团
301048 14.31 93091.49 金鹰重工
301091 33.65 68489.18 深城交
301096 90.89 29694.9 百诚医药
301100 35.27 50896.86 风光股份
301101 56.13 38511.88 明月镜片
301185 26.75 78936.64 鸥玛软件
301186 45.95 55462.39 超达装备
600027 4.79 1255416.5 华电国际
600039 11.14 417137.16 四川路桥
600089 20.31 644153.44 特变电工
600101 7.34 178147.72 明星电力
600123 10.18 563908.75 兰花科创
600126 5.57 926428.31 杭钢股份
600131 22.22 182364.27 国网信通
600163 7.9 412360.72 中闽能源
600212 4.36 248120.73 绿能慧充
600248 5.18 751601.19 陕西建工
600277 5.51 1427352.5 亿利洁能
600301 13.44 31602.22 南化股份
600343 13.49 498136.91 航天动力
600383 13.53 691818.56 金地集团
600452 18.66 194679.52 涪陵电力
600481 10.75 574481.38 双良节能
600496 4.81 922658.19 精工钢构
600512 3.4 574371.75 腾达建设
600546 9.07 1435397.12 山煤国际
600559 26.86 633006.56 老白干酒
600570 59.85 197845.98 恒生电子
600590 8.08 208680.05 泰豪科技
600637 10.05 1429227.38 东方明珠
600801 19.87 217503.05 华新水泥
600831 6.52 637686.75 广电网络
600875 18.81 409134.41 东方电气
600908 6.05 316083.66 无锡银行
600919 6.74 1652412.5 江苏银行
600936 3.45 598916.62 广西广电
600981 3.42 579717.31 汇鸿集团
