000400 22.28 804559.75 许继电气 4.01
000530 4.95 1077681.62 冰山冷热 6.91
000695 10.11 77223.29 滨海能源 0.7
000736 15.66 722625.25 中交地产 2.55
000900 4.36 461712.19 现代投资 3.07
000957 21.1 1631918.25 中通客车 3.53
000965 5.97 2083291.88 天保基建 6.23
002319 14.61 30916.84 乐通股份 5.56
002431 3.57 1632802.88 棕榈股份 2.88
002532 7.26 1049786.88 天山铝业 6.14
002694 4.8 189036.92 顾地科技 6.67
002789 16.98 335045.38 建艺集团 7.33
002860 14.28 178870.88 星帅尔 4.23
300032 6.53 318445.0 金龙机电 6.01
300057 11.05 380982.09 万顺新材 5.94
301155 95.39 93769.82 海力风电 6.81
301167 32.68 25005.76 建研设计 1.49
600116 10.53 467173.62 三峡水利 3.95
600153 12.69 359071.12 建发股份 3.25
600269 3.87 1217588.38 赣粤高速 6.91
600318 7.64 416135.53 新力金融 3.66
600368 4.19 670129.0 五洲交通 6.89
600620 11.13 125879.04 天宸股份 2.11
600853 3.5 492304.47 龙建股份 1.74
