000663 8.1 216101.91 永安林业 4.52
000668 13.41 38144.06 荣丰控股 2.44
000705 8.64 184202.42 浙江震元 1.41
000739 23.1 253628.36 普洛药业 4.29
000908 3.59 352120.88 景峰医药 3.16
002037 11.56 334724.53 保利联合 2.12
002282 8.69 287074.09 博深股份 2.6
002349 14.78 1137169.5 精华制药 4.9
002424 7.25 495807.16 贵州百灵 1.4
002750 13.35 482985.31 龙津药业 3.09
002755 8.72 76241.43 奥赛康 1.75
002789 13.79 49392.62 建艺集团 1.03
300300 4.12 128113.31 海峡创新 1.48
300497 14.23 203507.12 富祥药业 3.42
300630 29.83 168554.64 普利制药 6.08
300688 16.63 92126.39 创业黑马 1.4
301111 25.02 94784.45 粤万年青 3.82
301159 29.4 40784.4 三维天地 3.27
301211 20.68 105535.76 亨迪药业 6.32
600387 8.88 104663.93 海越能源 1.37
600531 5.62 349728.91 豫光金铅 4.07
600793 13.35 65977.6 宜宾纸业 2.85
