000016 5.52 210857.31 深康佳A
000404 6.21 393864.69 长虹华意
000416 3.62 197638.23 民生控股
000521 4.39 365415.81 长虹美菱
000532 11.57 52357.02 华金资本
000607 4.56 112672.91 华媒控股
000677 3.23 226781.77 恒天海龙
000681 13.09 229932.02 视觉中国
000682 8.13 393491.12 东方电子
000716 3.38 205346.62 黑芝麻
000727 2.32 561999.5 冠捷科技
000822 9.15 546736.12 山东海化
000823 11.03 180934.66 超声电子
000830 14.05 209867.52 鲁西化工
000852 7.35 167172.53 石化机械
000885 10.24 103250.55 城发环境
000893 34.68 115336.52 亚钾国际
000920 9.32 146178.14 沃顿科技
000985 16.05 19280.01 大庆华科
000996 7.08 118198.9 中国中期
002008 36.2 647668.0 大族激光
002016 6.69 89865.59 世荣兆业
002020 8.79 105527.34 京新药业
002033 8.2 224003.91 丽江股份
002056 23.9 411372.81 横店东磁
002136 15.65 96787.85 安纳达
002162 4.8 370519.28 悦心健康
002193 6.77 110465.0 如意集团
002213 18.13 376470.31 大为股份
002215 6.3 303123.19 诺普信
002234 16.58 108850.71 民和股份
002243 9.41 98769.34 力合科创
002254 17.56 100321.72 泰和新材
002298 7.6 309398.41 中电兴发
002303 3.56 140369.0 美盈森
002333 6.04 123246.0 罗普斯金
002345 4.77 288287.62 潮宏基
002354 3.97 423955.25 天娱数科
002395 8.95 47213.14 双象股份
002408 8.13 479841.09 齐翔腾达
002429 4.12 451671.75 兆驰股份
002438 14.89 142694.8 江苏神通
002458 9.17 82463.99 益生股份
002520 8.24 1162395.25 日发精机
002529 24.71 336646.41 海源复材
002568 25.25 105259.29 百润股份
002605 14.66 77388.05 姚记科技
002621 4.68 535393.62 美吉姆
002631 6.57 89239.55 德尔未来
002637 14.67 55348.19 赞宇科技
002669 16.83 230300.84 康达新材
002676 4.25 104958.6 顺威股份
002707 6.08 185447.0 众信旅游
002721 3.55 166542.0 金一文化
002745 10.57 416592.28 木林森
002778 13.4 16416.6 中晟高科
002797 6.31 1390347.88 第一创业
002801 33.24 112559.73 微光股份
002809 11.53 339426.59 红墙股份
002829 37.0 50899.0 星网宇达
002846 6.9 112046.09 英联股份
002855 9.77 35579.0 捷荣技术
002876 58.3 94085.31 三利谱
002918 12.59 58461.71 蒙娜丽莎
002950 12.19 62137.62 奥美医疗
002961 17.31 40073.51 瑞达期货
002981 26.8 16674.1 朝阳科技
300002 4.43 438215.47 神州泰岳
300056 8.18 224347.92 中创环保
300071 3.39 166691.3 福石控股
300078 5.39 104292.11 思创医惠
300079 5.66 491695.38 数码视讯
300092 11.02 63624.0 科新机电
300131 6.78 1196784.12 英唐智控
300134 8.9 93806.33 大富科技
300171 29.3 60490.66 东富龙
300198 4.02 273297.09 纳川股份
300203 28.77 50291.83 聚光科技
300211 9.45 42638.7 亿通科技
300212 18.21 164442.58 易华录
300215 7.03 79827.82 电科院
300225 7.45 143945.09 金力泰
300226 22.28 51518.05 上海钢联
300229 13.98 178238.56 拓尔思
300296 6.9 566346.25 利亚德
300317 6.92 319174.75 珈伟新能
300329 7.24 65714.0 海伦钢琴
300344 5.46 194191.41 立方数科
300371 13.1 17614.58 汇中股份
300381 9.78 52721.0 溢多利
300387 6.96 63903.0 富邦股份
300427 18.16 97185.94 红相股份
300446 12.78 38560.69 乐凯新材
300448 5.55 89687.7 浩云科技
300461 16.53 13534.0 田中精机
300470 41.52 21489.1 中密控股
300487 87.97 75049.56 蓝晓科技
300507 8.49 710229.38 苏奥传感
300515 11.52 25865.01 三德科技
300539 11.1 144815.86 横河精密
300559 9.27 36367.4 佳发教育
300572 15.77 71854.97 安车检测
300573 103.7 41396.31 兴齐眼药
300609 15.14 32744.0 汇纳科技
300655 22.73 536452.5 晶瑞电材
300684 16.51 122000.06 中石科技
300686 12.86 41813.43 智动力
300710 34.73 23527.36 万隆光电
300767 62.62 43141.38 震安科技
300781 20.27 29607.7 因赛集团
300802 24.49 105835.84 矩子科技
300839 15.1 33545.18 博汇股份
300865 22.5 13262.98 大宏立
300872 13.78 82227.54 天阳科技
300883 7.02 55678.0 龙利得
300915 41.72 4209.0 海融科技
300939 43.28 80555.58 秋田微
300967 17.48 45018.06 晓鸣股份
300982 52.6 25688.02 苏文电能
300994 25.46 23906.4 久祺股份
301016 21.3 31278.51 雷尔伟
301028 11.46 80363.9 东亚机械
301036 22.94 13924.2 双乐股份
301078 15.05 114604.04 孩子王
301118 45.31 21767.1 恒光股份
301122 78.4 6170.09 采纳股份
301138 34.24 42259.28 华研精机
301177 61.7 18195.98 迪阿股份
301180 24.05 77328.73 万祥科技
301188 17.98 26945.69 力诺特玻
301195 82.11 45826.86 北路智控
301279 28.42 38171.19 金道科技
600021 9.17 297072.28 上海电力
600030 20.17 1397311.12 中信证券
600079 21.41 454954.16 人福医药
600095 7.34 237748.61 湘财股份
600107 6.58 89367.54 美尔雅
600113 7.16 69645.55 浙江东日
600131 15.37 176722.41 国网信通
600155 8.33 290415.22 华创阳安
600172 10.57 864109.75 黄河旋风
600202 5.67 213675.66 哈空调
600283 13.61 111072.61 钱江水利
600287 5.27 52563.97 江苏舜天
600302 5.41 37216.0 标准股份
600312 8.65 303594.75 平高电气
600318 7.47 319603.22 新力金融
600478 9.34 589127.56 科力远
600538 5.21 274042.38 国发股份
600587 19.67 78015.75 新华医疗
600620 11.72 191418.31 天宸股份
600732 43.7 369523.78 爱旭股份
600738 6.23 85458.0 丽尚国潮
600783 13.09 74304.03 鲁信创投
600906 8.32 478201.38 财达证券
600909 4.5 628651.0 华安证券
600927 19.86 88326.86 永安期货
600935 5.55 105629.05 华塑股份
600976 44.77 38897.07 健民集团
