000426 7.28 251672.48 兴业矿业
000534 14.5 75039.02 万泽股份
000576 12.22 226361.56 甘化科工
000582 8.0 271028.22 北部湾港
000631 6.22 1917637.75 顺发恒业
000668 12.62 31989.79 荣丰控股
000707 12.67 299765.53 双环科技
000906 11.14 157572.64 浙商中拓
000929 8.48 58279.0 兰州黄河
000952 7.4 61036.15 广济药业
002017 12.65 196728.23 东信和平
002098 6.07 37640.02 浔兴股份
002134 11.92 385818.75 天津普林
002183 6.96 1253031.62 怡亚通
002300 9.91 1067130.12 太阳电缆
002345 4.54 146904.06 潮宏基
002348 2.46 1267095.0 高乐股份
002527 8.14 450265.91 新时达
002581 17.71 129457.49 未名医药
002679 11.65 53623.0 福建金森
002774 8.12 215950.48 快意电梯
002795 8.6 173868.56 永和智控
002825 13.07 112788.08 纳尔股份
002853 12.24 33982.15 皮阿诺
002973 13.78 67846.98 侨银股份
300122 108.13 135708.44 智飞生物
300199 15.63 354658.53 翰宇药业
300308 34.28 264146.81 中际旭创
300378 17.53 130084.83 鼎捷软件
300472 11.61 222114.23 新元科技
300476 16.15 432002.31 胜宏科技
300586 20.52 143430.11 美联新材
300652 31.08 49828.79 雷迪克
300715 14.73 47082.36 凯伦股份
300779 14.79 38337.36 惠城环保
300802 23.76 112924.36 矩子科技
300911 64.2 24159.78 亿田智能
301068 28.13 12647.12 大地海洋
301076 28.13 18795.5 新瀚新材
301089 140.9 48675.13 拓新药业
301302 67.46 26995.85 华如科技
600026 12.46 886123.81 中远海能
600035 3.8 590276.81 楚天高速
600191 5.53 51209.52 华资实业
600193 5.29 96464.66 创兴资源
600287 5.39 76591.0 江苏舜天
600328 20.15 241855.72 中盐化工
600597 12.09 365887.44 光明乳业
600605 8.91 39221.64 汇通能源
600615 7.9 28421.96 丰华股份
600750 14.74 345204.22 江中药业
600815 3.14 360611.28 厦工股份
600818 21.02 42386.37 中路股份
600858 5.39 221207.38 银座股份
600935 5.71 180877.62 华塑股份
600988 16.65 753308.06 赤峰黄金
