000519 34.59 394379.72 中兵红箭
000537 12.34 493695.88 广宇发展
000655 7.81 161048.05 金岭矿业
000701 6.29 149774.69 厦门信达
000818 33.98 120059.05 航锦科技
000837 11.14 1332375.62 秦川机床
000957 17.3 1837824.0 中通客车
000975 12.61 626745.56 银泰黄金
002049 241.08 77039.22 紫光国微
002101 33.72 475198.12 广东鸿图
002117 7.69 130940.82 东港股份
002138 28.0 293351.66 顺络电子
002214 16.53 155544.23 大立科技
002273 13.79 644670.62 水晶光电
002397 5.39 305328.53 梦洁股份
002436 15.39 829281.69 兴森科技
002486 3.12 264841.09 嘉麟杰
002506 4.35 3573743.25 协鑫集成
002519 5.46 866658.06 银河电子
002598 11.62 242935.31 山东章鼓
002627 5.45 167087.58 三峡旅游
002640 3.01 166007.48 跨境通
002643 20.19 157917.12 万润股份
002741 23.48 198424.16 光华科技
002757 11.88 81262.54 南兴股份
002783 10.33 432734.0 凯龙股份
002813 36.94 108944.37 路畅科技
002816 20.88 24476.92 和科达
002823 11.56 76903.48 凯中精密
002825 13.51 95500.61 纳尔股份
002956 14.37 27540.8 西麦食品
002971 25.69 64775.0 和远气体
002995 20.37 214875.08 天地在线
300034 53.01 66105.35 钢研高纳
300042 13.48 61790.72 朗科科技
300062 8.31 716004.56 中能电气
300095 11.9 183484.64 华伍股份
300139 9.93 301621.88 晓程科技
300179 18.32 197940.12 四方达
300183 15.92 141690.73 东软载波
300200 8.98 118654.8 高盟新材
300269 4.05 137582.0 联建光电
300275 14.19 57826.8 梅安森
300365 8.75 189732.5 恒华科技
300384 20.73 51992.43 三联虹普
300394 34.7 61484.37 天孚通信
300401 17.09 127548.4 花园生物
300456 18.89 331187.12 赛微电子
300503 13.71 309388.03 昊志机电
300596 48.02 34014.35 利安隆
300627 37.28 88772.7 华测导航
300668 18.55 14656.0 杰恩设计
300740 17.6 160130.66 水羊股份
300748 43.93 114083.76 金力永磁
300776 248.2 14659.31 帝尔激光
300780 17.56 36013.0 德恩精工
300797 14.87 21982.37 钢研纳克
300812 20.68 81779.0 易天股份
300816 32.3 26788.59 艾可蓝
300829 32.11 44382.8 金丹科技
300885 12.07 60801.32 海昌新材
300902 39.82 29002.77 国安达
300903 15.76 140121.64 科翔股份
300945 16.68 77036.7 曼卡龙
300971 27.01 29758.02 博亚精工
300975 9.2 135530.52 商络电子
300984 31.0 19712.8 金沃股份
300993 13.75 84308.97 玉马遮阳
301006 20.05 14296.0 迈拓股份
301019 23.79 11541.01 宁波色母
600325 7.9 452313.59 华发股份
600338 30.29 460860.94 西藏珠峰
600360 8.94 1351849.62 华微电子
600455 22.19 11723.01 博通股份
600468 5.13 545852.5 百利电气
600489 7.46 587618.69 中金黄金
600495 4.45 710377.88 晋西车轴
600500 6.72 312898.44 中化国际
600509 6.04 625184.5 天富能源
600537 5.73 385471.72 亿晶光电
600558 3.59 294860.22 大西洋
600619 8.6 441418.84 海立股份
600714 11.71 51015.14 金瑞矿业
600778 7.75 83241.35 友好集团
600857 12.6 53737.93 宁波中百
600970 10.17 453762.94 中材国际
600989 14.22 485013.97 宝丰能源
