000526 19.76 101185.55 学大教育
000632 4.01 169528.59 三木集团
000710 19.22 421620.12 贝瑞基因
000739 31.23 428653.44 普洛药业
000807 16.46 1790719.88 云铝股份
000915 35.32 61443.07 华特达因
000975 9.5 856368.5 银泰黄金
000983 12.02 1674551.25 山西焦煤
002093 7.02 517399.88 国脉科技
002188 7.25 166735.55 中天服务
002244 6.98 776204.75 滨江集团
002659 4.7 510119.59 凯文教育
002805 36.33 128429.97 丰元股份
002878 24.52 370402.69 元隆雅图
002945 14.82 459933.53 华林证券
300043 3.43 646079.94 星辉娱乐
300094 5.68 1377958.75 国联水产
300125 15.43 93929.72 聆达股份
300206 11.95 87543.9 理邦仪器
300235 13.16 177738.92 方直科技
300272 7.82 584599.56 开能健康
300459 4.58 2766464.0 汤姆猫
300562 13.27 108752.32 乐心医疗
300688 33.2 136767.69 创业黑马
300958 33.85 90295.33 建工修复
301025 16.53 57846.28 读客文化
301108 59.03 34144.24 洁雅股份
301229 54.92 89578.91 纽泰格
600099 9.5 108101.0 林海股份
600381 10.51 527331.69 青海春天
600421 10.85 20738.0 华嵘控股
600497 5.75 2225364.0 驰宏锌锗
600520 10.43 189011.56 文一科技
600530 4.44 406159.38 交大昂立
600985 14.34 461324.06 淮北矿业
