000058 5.94 115379.46 深赛格
000099 8.49 237783.12 中信海直
000157 6.05 703951.62 中联重科
000159 7.64 192513.78 国际实业
000430 6.77 181233.88 张家界
000503 9.3 266779.38 国新健康
000547 11.51 555920.62 航天发展
000592 2.59 288231.81 平潭发展
000610 9.52 131051.87 西安旅游
000628 17.47 79090.01 高新发展
000635 9.12 50617.74 英力特
000697 8.4 89082.29 炼石航空
000722 17.36 830405.94 湖南发展
000751 3.42 245645.5 锌业股份
000801 6.62 112515.53 四川九洲
000816 4.88 694571.44 智慧农业
000861 2.63 342109.62 海印股份
000892 3.67 296113.09 欢瑞世纪
000908 3.5 159685.7 景峰医药
000919 7.77 72788.09 金陵药业
000962 10.74 70114.52 东方钽业
000980 3.83 493258.75 众泰汽车
002041 20.57 119289.83 登海种业
002059 7.62 313480.88 云南旅游
002062 7.05 662695.38 宏润建设
002097 7.15 168817.84 山河智能
002107 6.34 77056.13 沃华医药
002111 9.09 56328.35 威海广泰
002137 5.89 321724.59 实益达
002178 5.02 385987.41 延华智能
002198 5.37 96422.22 嘉应制药
002216 18.34 173702.23 三全食品
002298 7.18 268932.09 中电兴发
002347 4.81 325227.0 泰尔股份
002377 3.59 252140.0 国创高新
002381 6.79 57813.0 双箭股份
002382 8.94 192021.95 蓝帆医疗
002384 24.24 402440.09 东山精密
002392 4.23 283481.22 北京利尔
002414 12.49 288916.31 高德红外
002446 7.86 472746.16 盛路通信
002490 4.07 96782.03 山东墨龙
002516 5.82 325005.91 旷达科技
002551 4.3 154788.8 尚荣医疗
002560 6.53 140856.34 通达股份
002568 28.65 112864.43 百润股份
002597 43.9 73881.4 金禾实业
002601 22.31 543388.69 龙佰集团
002611 4.94 276114.75 东方精工
002633 10.28 27715.0 申科股份
002669 15.8 199171.64 康达新材
002706 17.69 132921.31 良信股份
002707 6.71 318307.91 众信旅游
002738 93.89 274946.72 中矿资源
002745 9.14 227173.8 木林森
002762 8.61 331977.03 金发拉比
002783 9.89 136836.25 凯龙股份
002802 15.82 16799.0 洪汇新材
002807 4.89 450691.38 江阴银行
002845 12.85 39741.26 同兴达
002848 10.74 54914.0 高斯贝尔
002859 25.42 54192.67 洁美科技
002866 30.92 803256.62 传艺科技
002886 21.05 47207.4 沃特股份
002913 30.0 27325.67 奥士康
002933 28.53 45971.69 新兴装备
002942 18.03 16473.85 新农股份
300002 4.38 765268.25 神州泰岳
300072 5.38 491317.75 海新能科
300099 7.27 131646.22 精准信息
300112 10.44 110830.0 万讯自控
300132 7.33 161556.12 青松股份
300196 18.32 66978.51 长海股份
300226 22.27 52045.88 上海钢联
300242 3.24 108833.0 佳云科技
300243 10.32 38138.29 瑞丰高材
300246 16.02 17834.98 宝莱特
300247 3.52 190050.0 融捷健康
300255 6.31 136870.42 常山药业
300280 21.7 24916.0 紫天科技
300320 13.48 152923.88 海达股份
300323 7.36 166659.42 华灿光电
300324 3.54 378822.47 旋极信息
300326 7.96 101666.58 凯利泰
300345 7.29 96189.8 华民股份
300382 22.2 157369.59 斯莱克
300402 22.25 56090.15 宝色股份
300410 8.95 58655.93 正业科技
300412 7.17 289113.03 迦南科技
300414 8.8 56506.15 中光防雷
300421 13.26 147786.14 力星股份
300424 11.92 76786.62 航新科技
300427 17.64 145326.98 红相股份
300441 6.88 77904.0 鲍斯股份
300447 20.55 72561.95 全信股份
300449 5.42 80494.0 汉邦高科
300488 26.11 47460.65 恒锋工具
300547 20.76 61975.11 川环科技
300562 10.12 80872.09 乐心医疗
300600 9.96 163955.23 国瑞科技
300622 25.94 16218.91 博士眼镜
300633 39.7 112506.41 开立医疗
300637 7.92 30733.49 扬帆新材
300650 13.5 102610.6 太龙股份
300671 57.62 63270.64 富满微
300715 14.19 62682.73 凯伦股份
300717 13.96 14118.7 华信新材
300753 14.38 16876.76 爱朋医疗
300767 54.3 42091.52 震安科技
300777 50.9 123495.62 中简科技
300790 19.38 33138.24 宇瞳光学
300792 30.09 32324.09 壹网壹创
300810 20.45 46947.75 中科海讯
300817 19.8 91884.51 双飞股份
300838 15.84 23378.93 浙江力诺
300875 37.47 12712.2 捷强装备
300900 28.87 91358.89 广联航空
300946 39.05 34339.62 恒而达
300955 24.54 13159.86 嘉亨家化
300963 17.64 54851.2 中洲特材
300971 25.17 21205.6 博亚精工
301002 26.24 17709.71 崧盛股份
301017 17.86 62275.18 漱玉平民
301136 19.3 61355.2 招标股份
301188 17.54 26188.19 力诺特玻
301216 33.0 83891.68 万凯新材
301235 46.53 19300.35 华康医疗
301263 30.26 53431.31 泰恩康
600038 45.71 117115.67 中直股份
600051 7.13 117470.5 宁波联合
600063 7.66 600515.69 皖维高新
600116 11.3 476552.91 三峡水利
600129 25.12 106373.74 太极集团
600203 7.2 141382.91 福日电子
600230 15.92 75157.2 沧州大化
600272 11.18 240040.94 开开实业
600285 12.15 76672.11 羚锐制药
600301 14.85 44434.0 南化股份
600456 59.04 126369.14 宝钛股份
600495 4.2 294213.19 晋西车轴
600499 21.37 368422.5 科达制造
600523 26.93 95947.03 贵航股份
600530 4.05 116249.92 交大昂立
600559 27.27 254441.89 老白干酒
600562 16.54 133267.95 国睿科技
600590 7.2 218958.98 泰豪科技
600613 6.05 91696.68 神奇制药
600645 18.6 46894.68 中源协和
600735 7.16 154350.02 新华锦
600749 12.79 108313.02 西藏旅游
600769 9.7 113729.51 祥龙电业
600793 12.83 57991.6 宜宾纸业
600967 9.08 269386.75 内蒙一机
600990 42.8 27371.69 四创电子
