000025 17.14 116873.13 特力A 0.53
000035 4.95 489864.88 中国天楹 3.34
000049 42.11 118251.01 德赛电池 1.13
000070 6.09 118671.62 特发信息 2.35
000158 5.82 231850.05 常山北明 1.57
000409 6.2 102226.51 云鼎科技 1.97
000415 2.14 208356.41 渤海租赁 1.42
000555 10.85 209404.98 神州信息 4.43
000565 5.99 45323.02 渝三峡A 0.84
000576 10.74 60651.37 甘化科工 1.13
000586 8.25 60001.94 汇源通信 4.17
000591 7.1 401039.53 太阳能 0.85
000599 3.78 61745.95 青岛双星 0.27
000626 8.58 40631.74 远大控股 1.18
000665 5.75 213189.59 湖北广电 1.77
000681 10.13 125830.3 视觉中国 2.12
000682 7.51 109556.09 东方电子 1.9
000700 4.78 102761.74 模塑科技 1.7
000701 5.36 69219.0 厦门信达 2.1
000702 6.4 191484.44 正虹科技 1.59
000720 5.13 109121.0 新能泰山 3.22
000779 8.69 17452.28 甘咨询 0.69
000810 16.34 204564.78 创维数字 0.31
000823 9.06 76742.25 超声电子 1.34
000836 2.86 491418.97 富通信息 2.14
000875 6.18 342135.19 吉电股份 0.98
000901 7.95 73111.08 航天科技 0.63
000909 8.32 376297.59 数源科技 3.35
000917 4.55 75017.9 电广传媒 1.56
000930 8.22 95027.47 中粮科技 0.98
000951 10.53 97874.74 中国重汽 1.84
000966 4.71 211759.31 长源电力 2.17
000967 4.85 78840.79 盈峰环境 2.1
000973 4.22 110156.0 佛塑科技 0.24
000977 20.29 242423.45 浪潮信息 1.45
000997 12.86 166240.73 新大陆 2.47
002025 73.93 24918.2 航天电器 1.02
002039 14.65 84830.54 黔源电力 4.05
002049 147.28 80813.75 紫光国微 1.51
002063 6.06 263359.03 远光软件 3.06
002065 5.65 240494.64 东华软件 2.73
002079 11.88 352670.81 苏州固锝 2.41
002080 20.88 176969.16 中材科技 1.46
002085 5.86 300286.41 万丰奥威 3.53
002095 11.92 18069.26 生意宝 0.68
002096 11.62 45689.0 南岭民爆 1.57
002097 6.29 128622.61 山河智能 3.79
002106 7.85 54110.97 莱宝高科 1.29
002111 8.13 22810.18 威海广泰 1.88
002112 7.04 166556.14 三变科技 1.88
002117 7.06 103896.92 东港股份 3.37
002123 10.31 103646.48 梦网科技 2.38
002137 5.43 272678.0 实益达 6.26
002141 4.63 89639.5 贤丰控股 2.66
002145 7.13 352532.69 中核钛白 1.42
002151 27.19 34746.41 北斗星通 1.0
002152 8.76 243715.72 广电运通 4.16
002160 4.57 209598.0 常铝股份 1.33
002161 4.88 207216.77 远望谷 2.52
002164 5.69 85909.0 宁波东力 0.18
002167 6.15 123941.5 东方锆业 0.66
002210 2.34 173058.62 飞马国际 0.43
002232 12.12 95577.05 启明信息 1.42
002235 4.22 118885.71 安妮股份 1.44
002243 7.56 52145.3 力合科创 0.94
002253 10.95 25060.0 川大智胜 2.05
002254 17.18 117776.94 泰和新材 5.4
002261 6.18 339342.25 拓维信息 2.49
002268 31.12 305104.31 电科网安 4.04
002276 9.16 273937.19 万马股份 2.35
002281 15.81 46618.97 光迅科技 2.46
002282 6.86 35336.0 博深股份 0.44
002288 5.01 101481.68 超华科技 2.04
002296 6.96 65745.0 辉煌科技 1.46
002298 6.33 160908.25 中电兴发 3.26
002300 7.67 142518.77 太阳电缆 3.37
002315 13.04 22317.3 焦点科技 2.6
002328 5.43 98582.25 新朋股份 0.56
002329 7.05 859569.62 皇氏集团 1.44
002331 6.39 32590.05 皖通科技 2.57
002334 8.82 1341491.25 英威腾 5.0
002335 47.75 249403.34 科华数据 1.79
002337 5.22 144610.0 赛象科技 0.58
002347 4.32 78832.43 泰尔股份 1.17
002348 2.14 294328.0 高乐股份 4.9
002350 7.61 202741.16 北京科锐 1.74
002354 3.43 235005.8 天娱数科 1.48
002360 6.97 42271.85 同德化工 1.6
002362 13.05 31276.01 汉王科技 3.0
002363 6.18 65413.94 隆基机械 0.65
002368 19.22 182548.56 太极股份 6.54
002373 8.75 68552.0 千方科技 2.1
002378 7.26 145319.88 章源钨业 2.25
002383 6.47 230048.09 合众思壮 0.31
002391 6.98 46530.2 长青股份 1.9
002396 19.0 87461.72 星网锐捷 2.15
002400 4.19 301047.19 省广集团 2.19
002401 8.72 37209.78 中远海科 2.35
002405 11.87 290800.69 四维图新 0.42
002414 11.76 237265.94 高德红外 0.6
002421 3.06 299124.81 达实智能 2.0
002428 10.17 75098.52 云南锗业 2.01
002431 3.04 683904.0 棕榈股份 5.56
002439 22.02 240831.42 启明星辰 2.56
002441 8.68 58621.69 众业达 0.23
002446 8.43 631168.06 盛路通信 0.36
002452 7.43 110055.04 长高电新 2.06
002467 4.07 295386.12 二六三 4.09
002491 5.24 213669.48 通鼎互联 4.8
002498 4.31 605931.38 汉缆股份 5.64
002502 3.1 94557.0 鼎龙文化 1.64
002516 4.61 85629.17 旷达科技 0.66
002518 50.0 242852.0 科士达 2.19
002522 4.99 48436.93 浙江众成 1.01
002536 7.86 175330.48 飞龙股份 4.52
002539 12.55 146546.48 云图控股 1.37
002544 20.08 56234.35 普天科技 2.45
002546 3.77 108790.0 新联电子 1.34
002556 10.08 166766.39 辉隆股份 2.54
002562 5.56 257131.44 兄弟科技 2.77
002571 6.48 49043.0 德力股份 0.78
002573 5.64 103451.48 清新环境 0.89
002577 10.82 21853.4 雷柏科技 2.85
002583 4.72 111707.23 海能达 1.72
002587 5.08 265908.38 奥拓电子 0.79
002588 5.97 94317.8 史丹利 0.84
002590 7.88 68817.0 万安科技 2.21
002606 8.91 159745.69 大连电瓷 1.02
002610 3.12 859044.06 爱康科技 0.65
002613 4.49 113873.0 北玻股份 1.13
002632 5.96 53798.0 道明光学 1.02
002633 8.83 18729.0 申科股份 1.03
002637 12.59 15160.02 赞宇科技 1.7
002642 5.95 497577.53 荣联科技 3.12
002645 18.23 60389.38 华宏科技 2.65
002649 10.33 200817.27 博彦科技 4.24
002653 20.3 31966.41 海思科 2.52
002655 10.71 102271.99 共达电声 3.98
002662 3.15 104683.0 京威股份 0.64
002669 12.03 58311.66 康达新材 1.95
002673 6.03 147043.08 西部证券 0.33
002689 4.01 342861.03 远大智能 1.01
002696 6.42 90430.42 百洋股份 1.74
002730 7.53 26247.0 电光科技 1.07
002734 9.45 49429.16 利民股份 2.94
002737 18.76 119062.0 葵花药业 4.86
002749 9.04 22521.68 国光股份 2.03
002757 10.22 35600.25 南兴股份 2.0
002767 10.58 13850.0 先锋电子 1.83
002771 9.36 45605.3 真视通 3.31
002782 15.81 72684.0 可立克 1.8
002786 5.69 80936.1 银宝山新 1.79
002796 8.61 105903.15 世嘉科技 3.11
002808 6.7 81943.92 恒久科技 5.35
002811 8.31 20054.5 郑中设计 2.34
002813 26.58 23358.96 路畅科技 2.47
002819 27.88 138182.98 东方中科 7.03
002824 36.29 60090.53 和胜股份 3.92
002825 13.87 56748.12 纳尔股份 3.74
002845 12.05 44059.4 同兴达 1.69
002885 30.51 113086.28 京泉华 2.73
002902 14.17 111902.57 铭普光磁 3.13
002908 16.58 223884.44 德生科技 3.82
002927 10.59 24712.03 泰永长征 1.83
002929 34.62 23300.48 润建股份 3.9
002953 11.16 59764.18 日丰股份 3.72
002975 35.2 6481.66 博杰股份 4.02
002976 22.71 31421.71 瑞玛精密 3.94
002977 36.74 7819.67 天箭科技 2.6
002990 22.51 14979.24 盛视科技 2.88
002995 14.68 21693.84 天地在线 2.51
300002 3.89 239375.88 神州泰岳 2.1
300010 3.08 305943.38 豆神教育 1.99
300011 5.37 32301.0 鼎汉技术 0.75
300017 4.92 294953.31 网宿科技 1.24
300020 6.41 137971.55 银江技术 2.23
300021 4.85 164138.12 大禹节水 2.54
300022 4.44 117819.58 吉峰科技 3.02
300025 4.74 58536.0 华星创业 3.27
300040 6.33 73518.96 九洲集团 0.8
300042 11.45 38498.42 朗科科技 4.66
300045 6.81 66459.71 华力创通 1.64
300047 5.99 226036.88 天源迪科 2.57
300050 3.53 81589.91 世纪鼎利 4.13
300062 6.2 140876.7 中能电气 0.16
300063 3.59 69583.93 天龙集团 0.84
300066 5.15 88585.41 三川智慧 2.18
300067 3.2 52478.04 安诺其 1.27
300074 3.39 95499.69 华平股份 2.73
300075 15.6 344044.69 数字政通 0.45
300077 13.54 121038.06 国民技术 2.58
300079 4.65 198360.19 数码视讯 2.2
300081 6.2 211925.23 恒信东方 1.97
300082 9.03 62705.19 奥克股份 0.45
300085 9.25 106181.29 银之杰 2.44
300087 14.36 167291.91 荃银高科 3.76
300096 5.78 59349.97 易联众 3.96
300099 6.16 68669.59 精准信息 1.48
300100 7.65 36146.06 双林股份 1.19
300102 5.87 91149.2 乾照光电 0.69
300106 7.99 30234.0 西部牧业 1.52
300110 3.94 271781.84 华仁药业 2.07
300113 10.12 80847.89 顺网科技 0.4
300114 9.53 40116.6 中航电测 1.27
300121 11.15 65477.95 阳谷华泰 1.36
300128 3.36 148736.94 锦富技术 2.75
300130 12.34 320102.25 新国都 5.29
300134 7.48 68334.91 大富科技 2.19
300150 3.76 55272.0 世纪瑞尔 2.45
300155 4.71 28900.34 安居宝 2.17
300163 3.21 74551.0 先锋新材 0.63
300166 7.87 397092.47 东方国信 5.07
300168 7.84 80863.52 万达信息 2.08
300170 7.62 263523.62 汉得信息 3.96
300183 12.86 28372.69 东软载波 2.39
300184 4.26 154149.41 力源信息 0.71
300188 12.09 81119.7 美亚柏科 3.6
300189 4.16 339828.38 神农科技 2.21
300193 7.23 36742.0 佳士科技 0.14
300200 7.0 19392.45 高盟新材 1.74
300203 34.9 129623.23 聚光科技 4.71
300205 10.14 111047.3 天喻信息 3.89
300212 13.18 110200.12 易华录 1.85
300213 4.9 63328.56 佳讯飞鸿 2.08
300215 5.55 39366.83 电科院 1.09
300219 7.2 88037.64 鸿利智汇 0.98
300220 10.8 14065.78 金运激光 1.89
300221 4.81 75996.0 银禧科技 3.22
300224 12.85 130927.45 正海磁材 0.39
300230 3.46 52011.64 永利股份 1.47
300231 6.91 83565.07 银信科技 2.98
300232 5.68 83258.99 洲明科技 0.35
300235 9.18 22817.0 方直科技 2.69
300237 2.18 268974.0 美晨生态 1.4
300241 4.72 59398.91 瑞丰光电 1.29
300242 2.89 71970.0 佳云科技 2.48
300245 7.5 51731.69 天玑科技 2.46
300248 7.92 111534.0 新开普 3.67
300252 7.43 53556.76 金信诺 1.09
300258 12.09 103406.0 精锻科技 1.0
300264 5.25 162867.7 佳创视讯 3.35
300268 25.17 41244.01 佳沃食品 3.16
300269 4.14 127270.0 联建光电 3.24
300271 6.16 135675.31 华宇软件 2.5
300277 6.37 32259.1 海联讯 3.07
300279 5.21 34477.48 和晶科技 0.58
300281 4.91 28531.0 金明精机 1.03
300283 5.08 51569.0 温州宏丰 1.2
300287 3.47 278609.69 飞利信 2.66
300288 9.09 41129.0 朗玛信息 1.91
300292 3.14 211540.0 吴通控股 2.28
300293 8.75 26790.79 蓝英装备 1.27
300300 3.7 97013.84 海峡创新 4.22
300302 7.22 60919.69 同有科技 4.04
300306 9.38 55372.0 远方信息 2.74
300311 5.88 221467.73 任子行 3.52
300337 10.26 403488.81 银邦股份 5.12
300342 8.16 36747.48 天银机电 1.11
300349 9.35 29295.54 金卡智能 1.85
300350 4.86 65170.43 华鹏飞 1.46
300352 4.02 269106.53 北信源 4.96
300353 8.33 139404.02 东土科技 4.39
300354 32.92 8531.16 东华测试 1.76
300355 3.35 143515.38 蒙草生态 0.6
300359 4.57 46204.0 全通教育 1.56
300366 7.25 186035.8 创意信息 4.47
300377 7.41 149154.03 赢时胜 2.49
300380 14.21 31829.01 安硕信息 5.89
300383 8.38 169051.27 光环新网 1.45
300386 10.17 73226.18 飞天诚信 5.39
300387 6.47 119405.0 富邦股份 4.86
300398 17.19 88347.6 飞凯材料 1.12
300399 9.6 15671.47 天利科技 2.35
300402 19.38 37841.98 宝色股份 0.31
300405 5.22 27652.6 科隆股份 1.95
300414 7.45 20576.55 中光防雷 2.62
300418 12.58 80973.53 昆仑万维 0.56
300419 5.43 107923.87 浩丰科技 5.44
300428 28.05 140381.92 立中集团 1.15
300441 5.94 40684.0 鲍斯股份 2.59
300447 15.92 73256.95 全信股份 4.33
300448 4.86 65740.14 浩云科技 4.07
300456 13.78 71984.7 赛微电子 1.03
300465 7.8 186331.44 高伟达 5.41
300468 9.72 313278.75 四方精创 2.42
300469 13.57 34988.21 信息发展 3.59
300471 13.28 57378.33 厚普股份 0.61
300474 49.38 89201.1 景嘉微 4.73
300490 10.63 61814.08 华自科技 1.92
300491 12.25 23995.4 通合科技 2.25
300493 6.11 39076.52 润欣科技 1.83
300494 13.88 37036.04 盛天网络 0.22
300502 21.76 91151.65 新易盛 1.82
300503 9.79 96593.0 昊志机电 0.51
300504 15.95 37606.83 天邑股份 2.38
300505 22.51 66071.29 川金诺 0.13
300508 21.51 11478.55 维宏股份 2.87
300513 10.35 48524.91 恒实科技 1.17
300514 9.25 23581.0 友讯达 2.1
300515 9.48 12243.0 三德科技 1.94
300516 23.71 7950.0 久之洋 1.41
300521 10.33 24174.25 爱司凯 2.99
300523 20.54 13971.5 辰安科技 2.29
300530 26.57 9906.75 达志科技 1.45
300532 13.39 63428.68 今天国际 1.75
300541 11.4 142119.92 先进数通 4.01
300542 11.14 97819.85 新晨科技 3.92
300543 9.06 35443.65 朗科智能 3.42
300546 19.59 74526.4 雄帝科技 3.1
300556 16.78 19102.26 丝路视觉 1.15
300560 12.86 60027.9 中富通 1.66
300561 8.97 37584.22 汇金科技 3.1
300571 29.33 19160.19 平治信息 1.38
300578 14.27 33298.83 会畅通讯 3.56
300588 9.63 60538.0 熙菱信息 6.29
300590 11.0 89035.71 移为通信 2.04
300597 7.67 40210.82 吉大通信 2.95
300600 7.99 24488.06 国瑞科技 1.65
300603 9.26 83377.77 立昂技术 0.98
300605 11.68 29077.12 恒锋信息 3.82
300607 12.28 44110.2 拓斯达 2.33
300608 7.72 82864.3 思特奇 4.18
300610 15.09 46810.2 晨化股份 1.75
300624 27.5 33357.4 万兴科技 5.65
300626 7.97 15409.8 华瑞股份 1.01
300641 5.24 24242.07 正丹股份 1.55
300648 38.66 46961.98 星云股份 4.94
300663 13.76 176418.28 科蓝软件 4.01
300678 16.22 56165.51 中科信息 4.11
300682 23.13 83925.83 朗新科技 3.4
300689 16.55 36322.89 澄天伟业 4.61
300693 44.72 174552.19 盛弘股份 0.29
300712 47.05 49939.51 永福股份 1.97
300735 9.99 87388.9 光弘科技 0.81
300738 8.56 109791.06 奥飞数据 3.13
300746 9.21 14183.0 汉嘉设计 0.77
300747 23.55 57489.49 锐科激光 4.02
300753 12.76 8849.8 爱朋医疗 2.82
300762 11.1 85210.69 上海瀚讯 2.87
300766 9.89 45888.64 每日互动 1.33
300768 12.42 57073.2 迪普科技 5.7
300775 38.1 67491.85 三角防务 3.53
300779 13.94 7905.0 惠城环保 3.72
300780 14.09 21009.0 德恩精工 1.95
300781 16.05 10482.6 因赛集团 2.62
300800 12.47 10826.5 力合科技 1.55
300807 20.43 11769.0 天迈科技 2.92
300810 16.1 11727.0 中科海讯 2.68
300816 22.89 13676.0 艾可蓝 3.39
300824 8.8 10518.0 北鼎股份 0.34
300830 6.99 21717.0 金现代 2.49
300837 43.07 7270.42 浙矿股份 1.72
300844 23.66 2964.8 山水比德 1.37
300846 10.11 141847.73 首都在线 3.16
300848 23.44 20663.5 美瑞新材 2.54
300858 24.47 9421.06 科拓生物 2.94
300865 18.3 3152.0 大宏立 1.89
300880 14.16 11275.9 迦南智能 2.02
300885 9.4 29574.07 海昌新材 1.73
300891 10.3 19500.59 惠云钛业 1.38
300895 23.9 33249.11 铜牛信息 3.19
300906 21.09 3600.12 日月明 1.1
300912 13.13 7956.0 凯龙高科 1.23
300921 17.93 52181.82 南凌科技 6.16
300922 14.55 17042.4 天秦装备 1.32
300923 19.52 2272.4 研奥股份 1.03
300925 10.24 82508.35 法本信息 5.35
300931 6.84 15405.0 通用电梯 1.03
300933 8.04 62799.0 中辰股份 3.61
300939 31.02 18385.69 秋田微 3.33
300943 13.39 31844.24 春晖智控 1.82
300949 30.84 4567.03 奥雅股份 0.55
300951 44.07 5393.58 博硕科技 1.64
300958 17.85 7955.68 建工修复 2.7
300959 27.61 9171.24 线上线下 2.49
300960 17.28 5975.0 通业科技 1.71
300971 21.23 4185.0 博亚精工 2.17
301001 20.99 11176.76 凯淳股份 2.84
301003 23.58 7065.71 江苏博云 1.9
301007 11.7 20129.54 德迈仕 1.92
301019 19.9 2578.0 宁波色母 1.74
301020 17.69 5936.24 密封科技 1.03
301022 27.71 2819.7 海泰科 1.02
301024 24.29 8990.47 霍普股份 2.62
301025 9.61 41274.0 读客文化 2.89
301041 15.6 13763.56 金百泽 1.7
301046 29.24 22292.35 能辉科技 1.21
301049 21.6 7899.16 超越科技 1.5
301050 74.69 37792.17 雷电微力 1.56
301057 17.83 11087.4 汇隆新材 4.76
301085 26.73 9553.0 亚康股份 1.95
301086 55.52 1424.0 鸿富瀚 0.93
301088 15.66 6405.83 戎美股份 0.19
301099 64.24 11308.51 雅创电子 4.97
301118 34.14 8358.89 恒光股份 0.29
301120 20.78 47802.6 新特电气 0.39
301123 22.06 19852.16 奕东电子 1.19
301126 14.59 19762.51 达嘉维康 2.1
301129 54.69 4044.0 瑞纳智能 1.49
301139 26.07 10180.68 元道通信 1.16
301159 24.6 6856.38 三维天地 3.54
301160 38.3 10083.91 翔楼新材 1.16
301169 28.94 15593.46 零点有数 2.99
301171 16.43 66466.74 易点天下 1.48
301175 6.07 97473.31 中科环保 0.83
301178 26.75 8678.72 天亿马 3.32
301179 39.82 20170.3 泽宇智能 2.58
301180 17.79 13331.16 万祥科技 1.6
301188 14.72 6850.41 力诺特玻 0.61
301190 20.17 16489.53 善水科技 0.7
301196 34.08 2678.25 唯科科技 0.06
301197 23.18 17376.81 工大科雅 2.16
301206 33.81 14852.7 三元生物 0.03
301208 43.41 26991.58 中亦科技 4.15
301218 20.12 17707.5 华是科技 2.6
301221 44.15 14613.96 光庭信息 2.67
301236 28.12 58866.41 软通动力 3.99
301248 26.22 12371.01 杰创智能 3.11
301256 8.06 31427.44 华融化学 0.75
301259 22.47 27509.09 艾布鲁 3.98
301269 99.19 100604.43 华大九天 2.32
301270 28.7 21008.38 汉仪股份 0.35
301288 17.22 8031.05 清研环境 1.41
301289 44.05 4767.48 国缆检测 0.87
301330 33.06 42982.12 熵基科技 4.19
301349 136.0 9872.93 信德新材 2.87
301366 49.95 27830.94 一博科技 2.57
600032 11.84 60284.54 浙江新能 1.28
600052 5.1 51536.91 东望时代 1.39
600053 14.54 27084.0 九鼎投资 2.39
600058 8.54 68379.66 五矿发展 1.79
600061 6.28 182011.2 国投资本 1.29
600081 10.22 15282.6 东风科技 0.99
600084 6.54 40902.01 中葡股份 1.24
600088 8.12 26206.46 中视传媒 2.27
600100 4.3 363281.0 同方股份 4.37
600105 3.45 211315.09 永鼎股份 1.77
600128 7.68 43899.05 弘业股份 1.86
600135 6.56 36213.51 乐凯胶片 1.55
600184 11.04 43824.39 光电股份 0.18
600198 5.96 82026.01 大唐电信 1.36
600212 7.8 213972.3 绿能慧充 3.04
600218 8.78 65766.67 全柴动力 1.27
600219 3.26 1566815.38 南山铝业 4.49
600251 9.12 69724.71 冠农股份 0.55
600259 39.62 73850.97 广晟有色 1.46
600271 10.31 76548.29 航天信息 1.28
600292 5.62 37683.86 远达环保 2.0
600293 3.04 114471.41 三峡新材 0.66
600313 10.24 804821.56 农发种业 4.49
600318 6.38 210893.97 新力金融 2.9
600330 11.12 194213.91 天通股份 1.55
600343 8.76 43594.71 航天动力 1.16
600355 3.22 154534.8 精伦电子 2.22
600371 12.13 84729.51 万向德农 2.1
600379 10.23 86139.0 宝光股份 2.61
600392 15.48 388599.81 盛和资源 1.18
600405 5.56 182895.73 动力源 1.09
600410 5.01 178084.3 华胜天成 3.3
600416 21.39 133578.0 湘电股份 1.23
600435 7.92 94615.11 北方导航 0.64
600446 10.9 553228.56 金证股份 3.42
600458 8.74 99136.28 时代新材 1.51
600467 2.5 215736.02 好当家 0.81
600476 12.94 45078.96 湘邮科技 4.44
600493 5.21 33261.0 凤竹纺织 1.17
600498 13.31 97379.14 烽火通信 3.42
600525 4.79 124667.0 长园集团 2.35
600560 9.57 29190.0 金自天正 1.49
600571 7.83 173127.55 信雅达 6.82
600580 12.31 178823.41 卧龙电驱 1.07
600602 5.95 108655.23 云赛智联 2.41
600624 5.72 60987.16 复旦复华 1.96
600633 6.53 160439.77 浙数文化 3.49
600653 1.98 167550.58 申华控股 1.02
600661 7.93 34890.0 昂立教育 2.85
600718 10.02 130994.61 东软集团 3.09
600728 5.83 137155.62 佳都科技 1.57
600731 7.37 94122.33 湖南海利 1.8
600742 8.28 59606.86 一汽富维 1.1
600768 8.95 14986.0 宁波富邦 0.11
600771 26.87 59033.77 广誉远 1.94
600775 10.74 162320.38 南京熊猫 1.99
600776 9.31 116494.57 东方通信 1.97
600783 12.3 37460.82 鲁信创投 0.16
600797 5.76 202982.23 浙大网新 2.67
600841 6.4 109800.93 动力新科 2.73
600847 17.67 10516.0 万里股份 1.9
600855 10.17 36545.17 航天长峰 2.11
600860 13.98 83980.0 京城股份 1.16
600864 4.67 177039.98 哈投股份 2.19
600877 13.06 108233.87 声光电科 4.82
600879 6.07 322788.03 航天电子 2.53
600893 43.29 243818.39 航发动力 1.64
600927 16.68 28610.88 永安期货 0.42
600929 8.45 223763.64 雪天盐业 0.71
600936 3.14 50343.0 广西广电 0.96
600975 8.27 280639.97 新五丰 1.85
600980 14.25 17285.2 北矿科技 1.79
