000599 4.78 838739.44 青岛双星 5.75
000755 6.11 880187.06 山西路桥 3.04
000800 9.27 389333.03 一汽解放 3.69
000973 5.46 1295775.0 佛塑科技 4.2
000999 39.2 96459.65 华润三九 2.22
002189 17.72 225982.3 中光学 6.3
002514 15.02 1175193.75 宝馨科技 5.11
002591 7.9 844727.06 恒大高新 4.5
002660 9.63 268812.62 茂硕电源 3.1
002911 14.84 462212.09 佛燃能源 7.38
002925 23.57 183618.16 盈趣科技 2.04
002975 47.26 36432.24 博杰股份 4.1
002976 28.58 70714.57 瑞玛精密 6.72
300040 8.24 209768.52 九洲集团 0.73
300081 8.81 507432.75 恒信东方 0.69
300116 2.13 1440936.5 保力新 1.91
300153 9.9 222340.84 科泰电源 0.3
300162 8.66 173366.72 雷曼光电 2.36
300259 4.05 267874.53 新天科技 1.25
300365 9.61 168714.72 恒华科技 4.23
300433 12.66 1545238.88 蓝思科技 4.71
300510 5.47 261304.44 金冠股份 2.24
300567 49.54 66042.8 精测电子 1.25
300572 16.52 117475.69 安车检测 2.99
300890 65.4 67478.9 翔丰华 4.14
600060 12.9 131222.14 海信视像 1.18
600077 4.2 1615367.0 宋都股份 6.6
600379 12.93 271612.81 宝光股份 1.57
600452 14.93 454046.62 涪陵电力 3.54
600590 7.42 193334.73 泰豪科技 0.54
600605 9.21 46647.0 汇通能源 0.99
600987 6.34 416895.03 航民股份 7.64
