000029 9.65 132282.66 深深房A
000089 6.87 386182.59 深圳机场
000301 12.91 606625.62 东方盛虹
000417 4.62 278958.78 合肥百货
000428 4.43 1157966.38 华天酒店
000501 9.86 128131.3 武商集团
000506 3.26 272084.19 中润资源
000513 39.05 423461.97 丽珠集团
000514 3.52 119592.5 渝开发
000521 4.36 601066.25 长虹美菱
000524 9.53 236547.69 岭南控股
000536 2.07 414722.41 华映科技
000548 4.35 97046.2 湖南投资
000550 15.02 79554.7 江铃汽车
000557 5.24 179974.88 西部创业
000573 3.43 532390.38 粤宏远A
000607 4.43 105294.18 华媒控股
000625 12.36 3192420.75 长安汽车
000636 14.61 145657.59 风华高科
000676 5.83 648177.12 智度股份
000678 5.9 215598.44 襄阳轴承
000680 4.38 280155.31 山推股份
000690 5.59 405858.72 宝新能源
000700 5.5 240364.16 模塑科技
000736 10.96 381733.44 中交地产
000759 4.99 322376.0 中百集团
000766 5.59 483200.25 通化金马
000807 9.64 653191.25 云铝股份
000819 21.86 99046.3 岳阳兴长
000848 8.09 221115.45 承德露露
000863 3.33 362576.59 三湘印象
000887 16.1 392049.69 中鼎股份
000899 8.67 341489.69 赣能股份
000923 10.02 73975.01 河钢资源
000951 12.83 538603.19 中国重汽
000978 6.59 271603.88 桂林旅游
000989 8.92 280446.09 九芝堂
002006 28.38 78629.57 精功科技
002014 8.68 314126.31 永新股份
002027 5.06 2446392.75 分众传媒
002031 2.89 1718712.38 巨轮智能
002033 9.58 426258.88 丽江股份
002035 6.12 472399.19 华帝股份
002050 23.18 641334.62 三花智控
002055 9.9 116893.42 得润电子
002057 10.15 381985.31 中钢天源
002059 6.31 249019.48 云南旅游
002066 11.73 42420.42 瑞泰科技
002068 12.3 308489.62 黑猫股份
002106 8.13 86268.98 莱宝高科
002123 11.54 163230.48 梦网科技
002126 13.57 353175.38 银轮股份
002148 5.62 357350.31 北纬科技
002155 13.97 258538.59 湖南黄金
002165 4.57 524405.75 红宝丽
002181 4.0 159598.31 粤传媒
002186 8.82 70935.0 全聚德
002208 6.53 117454.51 合肥城建
002222 15.96 151246.27 福晶科技
002231 7.52 255716.16 奥维通信
002246 9.96 340822.62 北化股份
002271 27.69 769027.06 东方雨虹
002284 8.12 240396.08 亚太股份
002323 3.54 298328.44 雅博股份
002341 4.05 220411.0 新纶新材
002343 5.01 115568.8 慈文传媒
002377 2.63 116193.32 国创高新
002382 8.66 248112.2 蓝帆医疗
002388 7.47 422577.84 新亚制程
002397 5.09 192860.0 梦洁股份
002402 15.93 173815.05 和而泰
002403 8.26 310870.59 爱仕达
002431 3.01 907624.31 棕榈股份
002441 9.44 243066.0 众业达
002444 21.69 243112.88 巨星科技
002445 2.33 1624279.38 中南文化
002459 69.34 262193.97 晶澳科技
002475 30.5 1036972.25 立讯精密
002478 6.7 347179.84 常宝股份
002481 5.78 142371.45 双塔食品
002486 3.88 786919.25 嘉麟杰
002488 6.58 200152.84 金固股份
002490 4.45 358675.75 山东墨龙
002502 3.09 109145.0 鼎龙文化
002529 16.64 137645.95 海源复材
002532 6.5 536553.31 天山铝业
002536 8.37 126797.0 飞龙股份
002543 9.83 237320.19 万和电气
002553 14.5 450107.69 南方精工
002574 5.06 70715.59 明牌珠宝
002582 6.84 68453.0 好想你
002612 20.71 153637.12 朗姿股份
002623 32.3 132631.88 亚玛顿
002638 2.4 629760.5 勤上股份
002639 9.0 394067.38 雪人股份
002643 14.63 117284.27 万润股份
002658 8.69 286867.0 雪迪龙
002659 4.1 406392.88 凯文教育
002674 11.63 47731.0 兴业科技
002681 3.9 271442.56 奋达科技
002729 33.09 21481.35 好利科技
002734 9.72 61679.92 利民股份
002747 21.07 185111.19 埃斯顿
002760 20.96 29290.0 凤形股份
002761 21.55 234627.3 浙江建投
002765 11.34 369660.19 蓝黛科技
002766 5.19 168246.0 索菱股份
002785 26.66 47137.47 万里石
002791 82.45 53361.12 坚朗五金
002799 13.68 65101.88 环球印务
002809 9.93 31161.49 红墙股份
002816 18.55 24888.35 和科达
002830 11.55 21164.0 名雕股份
002849 16.48 46670.0 威星智能
002852 11.25 80984.72 道道全
002863 5.58 132842.91 今飞凯达
002885 31.8 161286.45 京泉华
002888 12.09 25230.32 惠威科技
002891 21.4 97803.65 中宠股份
002898 10.91 88739.0 赛隆药业
002909 8.9 167829.2 集泰股份
002932 67.36 122605.12 明德生物
002935 23.57 80866.73 天奥电子
002942 17.49 16584.6 新农股份
002943 59.3 108291.0 宇晶股份
002970 23.34 19656.2 锐明技术
002975 37.11 6591.06 博杰股份
002978 35.5 20895.36 安宁股份
002980 29.26 22512.54 华盛昌
002984 27.96 102913.65 森麒麟
002996 13.6 37569.88 顺博合金
300002 4.53 769545.19 神州泰岳
300014 89.3 296175.53 亿纬锂能
300015 26.77 733113.5 爱尔眼科
300043 3.01 380714.0 星辉娱乐
300044 3.45 224356.2 赛为智能
300057 9.02 198655.72 万顺新材
300069 13.58 13991.97 金利华电
300071 3.03 154045.05 福石控股
300097 6.05 47357.36 智云股份
300098 3.49 491011.25 高新兴
300105 6.05 168450.0 龙源技术
300140 6.61 105960.97 中环装备
300142 42.72 537463.81 沃森生物
300144 13.35 1050152.5 宋城演艺
300184 4.55 207376.59 力源信息
300190 4.53 99962.9 维尔利
300213 5.46 164895.0 佳讯飞鸿
300240 7.54 80741.78 飞力达
300250 12.49 127038.65 初灵信息
300251 7.51 372458.09 光线传媒
300259 3.58 159531.59 新天科技
300292 3.28 265963.0 吴通控股
300310 4.12 492482.62 宜通世纪
300322 8.83 84589.02 硕贝德
300337 8.95 256807.12 银邦股份
300345 8.7 70939.03 华民股份
300382 23.81 105908.68 斯莱克
300415 21.55 136298.22 伊之密
300428 29.59 155758.84 立中集团
300430 14.33 143041.02 诚益通
300436 34.51 79967.59 广生堂
300438 68.35 154365.41 鹏辉能源
300507 6.37 153957.39 苏奥传感
300530 26.95 12394.5 达志科技
300533 27.34 52647.8 冰川网络
300535 13.39 17131.35 达威股份
300537 14.15 115673.5 广信材料
300558 47.49 82973.47 贝达药业
300577 15.02 22379.98 开润股份
300580 19.85 25068.28 贝斯特
300585 13.44 25554.0 奥联电子
300590 12.13 128781.7 移为通信
300601 34.88 369488.25 康泰生物
300611 9.1 38577.88 美力科技
300620 36.51 29685.01 光库科技
300635 13.99 14627.34 中达安
300638 19.73 62451.51 广和通
300643 14.74 73469.13 万通智控
300656 31.42 15930.59 民德电子
300679 39.83 52435.91 电连技术
300698 26.99 38348.77 万马科技
300700 36.36 67498.05 岱勒新材
300710 25.9 9459.55 万隆光电
300727 27.41 18502.0 润禾材料
300731 19.69 20817.0 科创新源
300753 13.91 19540.74 爱朋医疗
300763 198.21 60109.02 锦浪科技
300796 19.01 35427.86 贝斯美
300802 23.5 82261.81 矩子科技
300816 22.65 15948.02 艾可蓝
300833 100.16 10859.45 浩洋股份
300854 17.08 17047.0 中兰环保
300873 27.46 21212.38 海晨股份
300893 32.72 22622.59 松原股份
300896 469.0 28589.51 爱美客
300900 31.16 81883.0 广联航空
300903 11.85 68342.77 科翔股份
300930 29.94 6486.0 屹通新材
300939 33.07 31880.19 秋田微
300978 13.49 31843.0 东箭科技
300979 45.88 57782.92 华利集团
300998 24.78 13412.36 宁波方正
301008 24.26 4280.7 宏昌科技
301016 20.46 38544.96 雷尔伟
301017 16.83 33747.26 漱玉平民
301022 29.74 5454.75 海泰科
301039 8.61 138556.61 中集车辆
301048 9.24 65654.79 金鹰重工
301050 86.63 47735.24 雷电微力
301052 23.17 15494.23 果麦文化
301072 23.39 17931.35 中捷精工
301073 80.5 29619.96 君亭酒店
301081 12.84 9045.08 严牌股份
301086 67.71 6504.16 鸿富瀚
301091 21.9 72159.29 深城交
301103 29.0 29137.45 何氏眼科
301112 30.26 14872.31 信邦智能
301119 29.09 13985.71 正强股份
301122 55.29 19279.26 采纳股份
301123 23.98 26718.26 奕东电子
301127 11.38 47031.81 天源环保
301132 27.34 33777.45 满坤科技
301136 14.18 30424.0 招标股份
301139 27.93 17276.3 元道通信
301175 6.34 257173.02 中科环保
301192 21.76 21996.06 泰祥股份
301215 5.64 226379.41 中汽股份
301221 47.5 19540.53 光庭信息
301259 21.05 24842.47 艾布鲁
301298 17.23 14418.84 东利机械
301336 47.78 8401.45 趣睡科技
301349 115.47 12730.08 信德新材
301366 49.97 10420.63 一博科技
600004 15.65 640143.12 白云机场
600009 59.77 378698.97 上海机场
600010 1.86 4115264.25 包钢股份
600029 7.03 1416378.62 南方航空
600060 12.9 240390.38 海信视像
600066 7.4 273024.84 宇通客车
600077 2.61 288819.06 宋都股份
600111 27.81 1624065.0 北方稀土
600138 11.85 548341.56 中青旅
600172 5.49 544830.19 黄河旋风
600187 2.54 185715.61 国中水务
600197 20.56 111404.96 伊力特
600203 6.29 545043.25 福日电子
600305 10.82 174967.56 恒顺醋业
600358 6.04 129194.15 国旅联合
600397 3.35 327647.97 安源煤业
600422 16.7 254586.09 昆药集团
600425 3.66 341648.72 青松建化
600463 6.77 32853.0 空港股份
600491 5.91 188508.25 龙元建设
600521 21.42 322348.59 华海药业
600573 9.8 141320.0 惠泉啤酒
600583 5.1 736323.94 海油工程
600633 6.79 442057.53 浙数文化
600645 19.4 127217.53 中源协和
600668 11.72 100076.87 尖峰集团
600686 6.34 259028.58 金龙汽车
600692 5.48 45941.95 亚通股份
600699 16.17 342058.72 均胜电子
600702 134.63 154208.52 舍得酒业
600706 8.98 115657.02 曲江文旅
600738 7.05 159835.59 丽尚国潮
600753 11.62 33589.25 东方银星
600791 4.12 145961.2 京能置业
600794 3.53 124709.3 保税科技
600826 7.92 45443.8 兰生股份
600860 14.2 93236.98 京城股份
600872 30.4 293668.75 中炬高新
600873 9.87 512175.41 梅花生物
600876 20.72 83979.11 洛阳玻璃
600877 14.9 217812.98 声光电科
600898 5.48 32662.0 国美通讯
600938 15.56 533578.19 中国海油
600971 8.18 334310.72 恒源煤电
600993 24.03 151412.64 马应龙
