000031 4.23 504880.44 大悦城 3.42
000042 8.48 45082.0 中洲控股 3.04
000609 4.73 24870.2 中迪投资 2.83
000631 3.5 89010.98 顺发恒业 2.04
000797 2.95 650125.62 中国武夷 3.87
000863 3.73 414174.41 三湘印象 1.91
002146 4.25 1458309.62 荣盛发展 5.2
002188 7.21 150137.8 中天服务 3.44
002541 46.52 27364.36 鸿路钢构 4.49
002627 7.23 307450.31 三峡旅游 4.03
002713 7.7 87704.66 东易日盛 6.06
002858 14.7 68892.7 力盛体育 4.18
002968 34.15 17421.5 新大正 0.59
300025 4.63 375916.72 华星创业 4.51
300280 28.54 42440.03 紫天科技 0.21
300426 7.58 51342.28 唐德影视 0.93
300694 10.95 42988.73 蠡湖股份 1.67
300923 27.7 25547.73 研奥股份 0.98
300940 31.83 26476.93 南极光 2.68
301035 75.95 11034.88 润丰股份 2.28
600159 3.57 1249882.88 大龙地产 6.25
600185 6.04 482876.47 格力地产 2.9
600376 5.84 137840.95 首开股份 1.56
600387 6.4 50407.0 海越能源 1.75
600478 5.77 362957.19 科力远 3.04
600565 2.61 724235.38 迪马股份 2.35
600604 5.41 212792.42 市北高新 0.37
600665 3.95 259495.72 天地源 2.6
600675 3.16 330287.0 中华企业 0.32
600683 5.34 396630.62 京投发展 1.91
600740 6.16 736651.12 山西焦化 1.82
600743 2.35 1003609.69 华远地产 4.44
600748 4.21 288879.75 上实发展 2.18
600823 3.53 615053.06 世茂股份 3.22
