000632 4.88 852228.0 三木集团 2.52
002174 9.58 500149.28 游族网络 4.13
002188 7.27 342163.84 中天服务 1.82
002398 6.59 513615.97 垒知集团 1.85
002802 15.83 36589.36 洪汇新材 1.47
002950 14.2 294218.81 奥美医疗 3.73
002990 30.07 46857.03 盛视科技 0.64
300012 22.25 161420.62 华测检测 2.25
300135 3.05 322423.09 宝利国际 3.74
300406 18.51 121326.68 九强生物 1.65
300438 82.0 195710.92 鹏辉能源 4.72
300816 30.38 47212.01 艾可蓝 5.05
300942 24.22 231277.77 易瑞生物 1.3
301047 127.0 29455.49 义翘神州 4.54
301060 22.91 179076.41 兰卫医学 2.23
301166 67.3 82984.69 优宁维 2.83
600712 4.6 568933.81 南宁百货 2.45
