000830 18.99 592669.5 鲁西化工
002096 12.71 158909.62 南岭民爆
002136 18.63 227050.45 安纳达
002245 23.29 507651.0 蔚蓝锂芯
002258 32.5 177138.16 利尔化学
002541 41.8 45081.13 鸿路钢构
002801 24.0 35003.12 微光股份
002802 23.84 29404.84 洪汇新材
002945 15.25 570956.06 华林证券
300308 30.9 78878.86 中际旭创
300327 58.38 59739.87 中颖电子
300844 65.65 24533.09 山水比德
300848 31.11 25820.0 美瑞新材
300964 37.9 10357.0 本川智能
600367 25.9 410715.41 红星发展
600546 13.56 554659.31 山煤国际
600547 23.15 794329.25 山东黄金
600596 28.3 559332.5 新安股份
600621 13.0 338346.28 华鑫股份
600714 14.04 46187.3 金瑞矿业
