000423 32.86 110335.74 东阿阿胶
000610 10.02 349788.09 西安旅游
000625 11.0 1354813.62 长安汽车
000701 6.17 466560.62 厦门信达
000793 2.91 1527940.12 华闻集团
000862 7.31 349038.72 银星能源
002059 7.88 722644.38 云南旅游
002068 10.1 164262.2 黑猫股份
002159 11.85 96313.02 三特索道
002186 9.66 87166.83 全聚德
002225 3.81 170868.0 濮耐股份
002229 5.55 61287.11 鸿博股份
002236 16.98 398489.69 大华股份
002329 5.17 218581.0 皇氏集团
002365 10.78 176418.69 永安药业
002481 9.79 1126983.75 双塔食品
002496 2.86 205168.64 辉丰股份
002561 8.48 235918.86 徐家汇
002612 23.01 171058.36 朗姿股份
002734 11.8 177944.8 利民股份
002735 23.43 24783.09 王子新材
002769 7.25 144747.44 普路通
002800 16.79 139825.98 天顺股份
002858 12.45 32784.58 力盛体育
002889 28.01 70164.0 东方嘉盛
002892 18.06 38153.56 科力尔
002899 13.69 37057.4 英派斯
002999 8.68 533994.75 天禾股份
300021 5.88 528858.38 大禹节水
300093 30.44 38229.23 金刚光伏
300152 3.55 207629.0 新动力
300187 6.41 103022.54 永清环保
300251 8.0 328705.56 光线传媒
300281 6.0 62512.09 金明精机
300413 29.68 115537.46 芒果超媒
300518 53.77 15674.7 盛讯达
300673 15.77 42358.9 佩蒂股份
300771 20.71 67971.0 智莱科技
300783 29.08 89899.95 三只松鼠
300785 44.6 15934.24 值得买
300856 43.12 16630.76 科思股份
300864 32.46 6504.36 南大环境
300886 24.99 9417.24 华业香料
300898 24.55 61036.18 熊猫乳品
300906 26.52 9394.23 日月明
300951 65.35 6654.8 博硕科技
300958 22.61 39207.41 建工修复
300973 90.52 22451.71 立高食品
301017 19.08 34374.61 漱玉平民
301027 25.3 119354.89 华蓝集团
301090 10.86 153683.83 华润材料
301206 88.66 13197.56 三元生物
600189 6.99 203625.98 泉阳泉
600250 6.16 167607.0 南纺股份
600293 3.78 601397.25 三峡新材
600305 11.45 241672.05 恒顺醋业
600428 4.47 419784.03 中远海特
600429 5.8 181015.81 三元股份
600470 9.41 1184352.25 六国化工
600558 3.4 148765.0 大西洋
600560 9.53 50636.0 金自天正
600572 4.89 1055811.62 康恩贝
600882 35.66 95702.81 妙可蓝多
