000025 19.9 523842.16 特力A
000032 26.1 967655.5 深桑达A
000037 8.67 305339.0 深南电A
000099 7.69 225611.23 中信海直
000537 14.78 404787.88 广宇发展
000554 5.62 399110.16 泰山石油
000698 4.51 147421.81 沈阳化工
000778 3.87 763377.62 新兴铸管
000930 8.64 236347.78 中粮科技
000996 6.9 202864.59 中国中期
002066 12.88 235442.55 瑞泰科技
002307 5.24 639133.94 北新路桥
002542 3.13 1296539.25 中化岩土
002941 13.83 279086.91 新疆交建
300137 6.54 85034.48 先河环保
300197 2.36 379027.69 节能铁汉
300388 6.55 84602.25 节能国祯
300500 15.89 106166.89 启迪设计
300516 28.87 29198.5 久之洋
300617 40.51 45387.07 安靠智电
300732 10.04 206215.36 设研院
300746 10.28 72360.0 汉嘉设计
300879 20.31 71474.54 大叶股份
301027 16.7 166283.62 华蓝集团
301150 79.44 39083.49 中一科技
301167 27.9 48017.91 建研设计
600088 9.12 75677.3 中视传媒
600125 5.6 619411.31 铁龙物流
600248 4.56 442256.84 陕西建工
600339 2.98 671707.94 中油工程
600444 14.24 80231.24 国机通用
600500 7.12 505693.47 中化国际
600528 8.12 479458.81 中铁工业
600620 11.21 75973.47 天宸股份
600629 4.84 189427.8 华建集团
600640 10.23 176540.72 国脉文化
600644 8.61 561074.06 乐山电力
600710 6.31 241572.52 苏美达
600730 7.12 690615.25 中国高科
600787 5.12 462930.75 中储股份
600938 16.1 770332.56 中国海油
600996 10.83 393000.78 贵广网络
