000639 4.32 330275.16 西王食品 2.37
000802 4.7 466274.0 北京文化 6.09
002153 16.05 128275.97 石基信息 2.29
002197 11.41 728608.94 证通电子 2.7
002878 18.8 167083.45 元隆雅图 2.9
002956 14.66 45260.37 西麦食品 2.73
300096 7.2 320144.25 易联众 4.35
300225 6.63 257257.56 金力泰 6.08
300417 11.31 37777.58 南华仪器 2.63
300464 6.33 96428.3 星徽股份 1.6
300615 12.87 51686.06 欣天科技 3.87
300620 40.19 56135.17 光库科技 3.26
300781 20.03 89137.66 因赛集团 4.11
300985 25.39 48284.05 致远新能 3.59
301032 8.9 116442.64 新柴股份 1.83
600218 9.8 170413.92 全柴动力 1.55
600250 5.61 70880.01 南纺股份 2.75
600386 4.28 199904.61 北巴传媒 2.39
600638 5.83 96688.25 新黄浦 2.28
600756 15.15 327384.81 浪潮软件 3.13
600850 23.12 129689.76 电科数字 3.35
600866 7.05 377601.97 星湖科技 5.07
600977 12.12 359116.5 中国电影 3.33
