000019 7.36 274599.38 深粮控股 0.68
000159 6.82 495028.59 国际实业 7.4
000558 3.55 913079.06 莱茵体育 3.2
000586 9.16 55544.0 汇源通信 0.11
000811 12.83 216358.31 冰轮环境 2.31
000868 4.18 354981.44 安凯客车 3.98
000920 11.1 158776.72 沃顿科技 0.91
002034 21.68 91704.05 旺能环境 0.88
002218 6.04 229943.34 拓日新能 1.85
002377 3.36 420876.09 国创高新 2.13
002580 7.79 200229.36 圣阳股份 1.17
002644 9.41 139006.0 佛慈制药 0.97
002708 6.49 39214.0 光洋股份 0.46
002840 14.99 137107.95 华统股份 1.42
002929 39.13 121910.71 润建股份 1.56
300026 6.42 3361627.0 红日药业 2.23
300047 11.1 1390755.38 天源迪科 1.37
300051 5.54 46629.65 三五互联 1.84
300053 9.48 218808.78 欧比特 3.27
300057 8.81 255482.78 万顺新材 5.51
300096 8.17 168302.05 易联众 1.49
300102 8.76 404220.59 乾照光电 1.51
300125 13.94 35061.3 聆达股份 2.73
300157 4.67 499703.59 恒泰艾普 6.14
300179 11.39 299278.44 四方达 7.35
300189 4.62 421166.97 神农科技 1.09
300208 11.89 288009.19 青岛中程 4.94
300281 6.02 50696.37 金明精机 0.5
300368 10.74 416049.03 汇金股份 1.61
300393 18.88 657894.19 中来股份 2.61
300455 11.21 138932.36 康拓红外 0.63
300560 15.55 137443.0 中富通 2.98
300562 12.98 155689.89 乐心医疗 4.01
300578 23.5 78686.14 会畅通讯 3.89
300620 43.68 22623.19 光库科技 0.16
300684 18.27 37908.75 中石科技 1.05
300717 16.13 20309.0 华信新材 0.31
300730 20.51 234582.12 科创信息 3.53
300803 43.27 71531.21 指南针 0.7
300972 15.21 39480.65 万辰生物 1.2
301003 60.04 9687.01 江苏博云 0.97
301046 44.61 49629.39 能辉科技 4.06
600052 4.82 135976.5 东望时代 0.42
600107 5.93 63921.41 美尔雅 0.17
600126 6.28 1595948.62 杭钢股份 1.95
600163 7.85 335957.19 中闽能源 0.64
600319 6.55 46786.1 亚星化学 1.55
600348 12.52 502991.34 华阳股份 1.38
600499 22.74 778657.38 科达制造 3.69
600546 11.81 772491.88 山煤国际 3.05
600598 14.35 200444.31 北大荒 1.56
600721 8.39 76842.82 百花医药 3.58
600833 10.14 57012.92 第一医药 0.69
