000517 2.84 452276.0 荣安地产 2.9
000582 8.33 136765.8 北部湾港 2.33
000683 10.04 1674723.5 远兴能源 4.37
000713 10.17 672449.5 丰乐种业 2.52
000723 15.67 3316901.75 美锦能源 3.91
000777 14.94 381742.97 中核科技 6.18
000819 12.96 142831.61 岳阳兴长 0.47
000830 17.74 803948.81 鲁西化工 3.62
000833 6.43 231424.92 粤桂股份 3.04
000852 7.44 604009.62 石化机械 2.76
000882 2.08 774091.5 华联股份 3.48
000937 7.23 1298499.0 冀中能源 4.33
002172 4.66 628678.94 澳洋健康 2.64
002348 2.89 1169891.5 高乐股份 4.71
002418 3.65 318659.0 康盛股份 2.82
002443 8.74 480131.31 金洲管道 3.19
002514 4.95 169066.92 宝馨科技 1.64
002551 5.16 201139.45 尚荣医疗 1.18
002565 4.63 403653.44 顺灏股份 1.09
002589 3.88 268504.09 瑞康医药 1.84
002671 5.44 274755.03 龙泉股份 3.23
002682 5.4 1021034.06 龙洲股份 5.47
002693 4.71 69619.0 双成药业 0.64
002849 14.72 149706.47 威星智能 5.67
002998 8.41 33673.0 优彩资源 0.84
300013 4.2 281573.0 新宁物流 2.94
300026 7.13 3133798.75 红日药业 1.86
300039 8.13 1261978.12 上海凯宝 0.25
300311 9.61 1037817.38 任子行 2.78
300471 23.77 335578.41 厚普股份 5.27
300500 25.22 149391.48 启迪设计 1.61
300881 26.09 20837.54 盛德鑫泰 1.01
300943 32.41 133847.47 春晖智控 4.96
301159 47.3 47256.4 三维天地 0.53
301228 36.39 96097.67 实朴检测 0.69
600057 9.1 811706.0 厦门象屿 7.18
600123 12.98 646077.38 兰花科创 4.51
600159 3.21 339742.25 大龙地产 1.58
600180 7.91 139074.12 瑞茂通 1.41
600191 4.22 116549.0 华资实业 4.71
600192 5.48 241294.02 长城电工 2.43
600279 4.44 193122.77 重庆港 3.02
600301 16.34 63066.21 南化股份 5.01
600322 2.15 314045.62 天房发展 2.38
600381 9.88 464404.12 青海春天 7.28
600405 6.65 497554.47 动力源 2.62
600468 4.85 125027.2 百利电气 1.46
600479 12.29 132179.02 千金药业 1.57
600508 11.12 167086.23 上海能源 4.02
600558 3.68 147269.81 大西洋 1.38
600613 6.05 110777.1 神奇制药 2.72
600617 4.65 386709.41 国新能源 5.68
600684 3.81 256602.2 珠江股份 1.6
600691 4.82 619475.25 阳煤化工 1.9
600739 17.7 198236.55 辽宁成大 4.42
600758 4.03 353985.0 辽宁能源 2.81
600787 6.11 273088.41 中储股份 2.86
600824 4.66 835782.75 益民集团 4.48
600829 6.63 45477.0 人民同泰 2.79
600833 10.5 51549.58 第一医药 2.64
600960 3.86 205649.77 渤海汽车 2.12
600962 10.19 77189.3 国投中鲁 3.03
