002053 11.56 322506.03 云南能投 0.96
002166 9.02 304325.88 莱茵生物 1.35
002275 12.59 54508.29 桂林三金 0.72
002621 4.14 442558.44 美吉姆 2.22
002705 18.16 144249.17 新宝股份 1.74
002780 14.17 249041.56 三夫户外 1.5
300118 23.74 592421.25 东方日升 4.86
300224 12.18 188482.0 正海磁材 0.66
300492 36.56 4429.92 华图山鼎 5.7
300702 36.91 29503.94 天宇股份 2.81
300810 17.72 11179.46 中科海讯 2.55
300902 36.1 23180.11 国安达 5.46
300970 20.04 24290.35 华绿生物 3.19
300980 28.91 11208.9 祥源新材 6.88
301025 12.26 18790.98 读客文化 1.32
301127 11.6 41755.27 天源环保 2.47
600190 3.36 478438.09 锦州港 2.44
600283 13.68 130634.21 钱江水利 3.4
600501 9.99 108757.02 航天晨光 4.5
600769 7.38 166326.09 祥龙电业 5.43
600860 17.25 228041.62 京城股份 2.56
