000032 21.56 403241.47 深桑达A
000070 6.86 219788.95 特发信息
000151 12.77 182723.88 中成股份
000423 41.76 96310.18 东阿阿胶
000430 8.21 373012.72 张家界
000519 19.95 316430.56 中兵红箭
000524 12.51 239037.36 岭南控股
000539 5.28 304186.5 粤电力A
000570 4.75 98080.09 苏常柴A
000573 4.2 841442.94 粤宏远A
000600 5.17 164123.62 建投能源
000619 6.62 40519.01 海螺新材
000863 4.28 630424.19 三湘印象
000888 9.16 512941.88 峨眉山A
000892 4.21 357433.81 欢瑞世纪
000909 8.15 74449.01 数源科技
000978 9.35 408707.16 桂林旅游
000985 17.1 22701.0 大庆华科
002137 6.92 531314.75 实益达
002176 18.15 214057.66 江特电机
002192 101.28 47429.76 融捷股份
002196 7.38 57507.08 方正电机
002222 16.0 69039.64 福晶科技
002246 10.53 228003.56 北化股份
002261 6.61 191445.94 拓维信息
002265 13.73 58745.68 西仪股份
002315 18.21 239265.64 焦点科技
002324 15.99 80809.9 普利特
002347 4.57 61993.0 泰尔股份
002377 2.82 199308.0 国创高新
002389 20.27 178646.08 航天彩虹
002409 50.3 40738.02 雅克科技
002426 2.74 598555.81 胜利精密
002495 2.79 197219.41 佳隆股份
002560 6.9 123592.39 通达股份
002576 11.84 22213.0 通达动力
002606 9.53 128515.91 大连电瓷
002610 2.8 853558.62 爱康科技
002623 32.82 154497.44 亚玛顿
002665 3.73 369966.97 首航高科
002717 2.95 580987.06 岭南股份
002722 13.08 18050.0 物产金轮
002738 71.12 73575.28 中矿资源
002782 16.86 59805.83 可立克
002796 8.99 80699.15 世嘉科技
002805 42.32 38046.82 丰元股份
002820 10.05 259342.88 桂发祥
002871 13.32 13133.07 伟隆股份
002876 36.87 30806.3 三利谱
002886 16.72 37859.0 沃特股份
002895 26.07 58332.63 川恒股份
002903 21.0 37565.24 宇环数控
002915 20.03 62598.55 中欣氟材
002971 18.44 10591.0 和远气体
002975 32.95 4100.0 博杰股份
002977 35.12 4904.6 天箭科技
002981 30.59 35184.81 朝阳科技
002987 26.24 49681.2 京北方
300003 22.49 179577.28 乐普医疗
300018 6.01 56156.0 中元股份
300040 5.86 47739.15 九洲集团
300065 14.32 313944.62 海兰信
300112 9.13 24202.2 万讯自控
300117 3.59 121396.8 嘉寓股份
300168 8.84 171937.78 万达信息
300207 22.46 205512.48 欣旺达
300226 29.08 140787.52 上海钢联
300269 4.24 143867.0 联建光电
300275 11.39 18851.42 梅安森
300355 3.11 166171.88 蒙草生态
300366 10.1 215234.09 创意信息
300387 6.61 48425.0 富邦股份
300400 16.97 36100.88 劲拓股份
300484 10.77 16655.0 蓝海华腾
300491 13.75 28995.6 通合科技
300515 12.85 29853.0 三德科技
300570 14.49 25823.4 太辰光
300609 16.05 14630.0 汇纳科技
300636 14.61 56533.83 同和药业
300648 37.73 38753.06 星云股份
300657 11.37 60388.12 弘信电子
300660 23.78 30059.16 江苏雷利
300677 22.46 132927.38 英科医疗
300684 15.1 26713.8 中石科技
300691 12.71 25799.29 联合光电
300709 28.34 29501.93 精研科技
300745 38.05 33671.36 欣锐科技
300756 17.12 33733.25 金马游乐
300768 13.27 46027.64 迪普科技
300770 35.35 25314.2 新媒股份
300799 141.3 9515.68 左江科技
300852 32.35 6072.24 四会富仕
300879 17.03 9252.91 大叶股份
300922 13.8 12583.17 天秦装备
300943 12.45 20675.0 春晖智控
300950 17.25 12701.66 德固特
300992 18.38 4670.7 泰福泵业
301049 21.49 7026.0 超越科技
301082 15.6 18240.67 久盛电气
301123 24.74 28970.79 奕东电子
301175 6.22 52831.94 中科环保
301176 17.76 7273.37 逸豪新材
301179 38.55 5885.65 泽宇智能
301259 19.87 13058.06 艾布鲁
301283 53.6 2755.23 聚胶股份
301286 21.39 37798.07 侨源股份
301312 88.25 5327.0 智立方
301318 43.4 3314.0 维海德
301336 45.08 6236.08 趣睡科技
301339 16.23 24040.77 通行宝
301379 26.77 14192.92 天山电子
301380 36.19 19241.13 挖金客
600054 12.82 157404.98 黄山旅游
600088 9.76 61685.39 中视传媒
600138 16.45 425729.78 中青旅
600192 5.74 88193.56 长城电工
600202 5.02 38459.1 哈空调
600268 7.72 74042.8 国电南自
600358 6.65 172389.0 国旅联合
600389 44.38 37519.03 江山股份
600405 5.81 96412.04 动力源
600435 10.32 178856.0 北方导航
600476 17.25 230457.47 湘邮科技
600515 5.18 2250857.25 海南机场
600706 11.72 289630.38 曲江文旅
600855 12.37 275865.19 航天长峰
600976 47.96 29422.95 健民集团
600996 13.55 1111505.38 贵广网络
