000027 6.56 311155.31 深圳能源 1.08
000678 7.42 721760.19 襄阳轴承 4.07
000821 22.88 1186811.38 京山轻机 0.62
000899 11.2 1193208.75 赣能股份 5.56
002058 14.82 43656.01 威尔泰 0.2
002077 20.67 1819301.62 大港股份 3.45
002126 16.4 378424.53 银轮股份 4.79
002168 4.56 1070797.88 惠程科技 4.35
002239 3.47 1012604.25 奥特佳 2.66
002249 6.64 648896.81 大洋电机 1.84
002505 3.38 874241.62 鹏都农牧 2.42
002534 24.82 364423.72 西子洁能 0.08
002616 5.51 125277.0 长青集团 1.47
002665 5.56 5462548.0 首航高科 2.39
002666 6.64 897906.5 德联集团 4.57
002703 10.0 684731.12 浙江世宝 4.93
002765 12.55 703799.81 蓝黛科技 7.63
300066 6.63 247719.0 三川智慧 2.31
300111 3.21 267427.0 向日葵 1.91
300116 2.09 1097302.12 保力新 2.45
300152 3.84 284403.91 新动力 2.4
300259 4.0 211646.2 新天科技 2.04
300376 8.9 622640.5 易事特 1.95
300680 28.46 40087.45 隆盛科技 0.89
300712 68.78 71776.5 永福股份 4.1
300745 55.96 62928.93 欣锐科技 0.59
300776 238.5 37638.78 帝尔激光 2.15
300828 19.81 90570.93 锐新科技 3.72
300890 62.8 66158.31 翔丰华 3.1
300907 23.68 57017.77 康平科技 3.86
300933 9.58 257047.81 中辰股份 4.13
301180 26.2 91733.76 万祥科技 7.25
600150 26.91 976691.06 中国船舶 5.08
600293 4.07 833328.31 三峡新材 0.99
600310 3.67 574195.88 桂东电力 1.66
600322 2.02 300748.66 天房发展 2.02
600393 1.63 544821.0 粤泰股份 2.52
600444 15.64 136057.62 国机通用 2.83
600452 14.42 358894.94 涪陵电力 4.12
600561 5.57 49694.0 江西长运 0.72
600615 9.02 70175.95 丰华股份 5.01
600758 4.62 516178.31 辽宁能源 3.59
600868 3.13 793058.19 梅雁吉祥 1.95
600884 30.14 603438.5 杉杉股份 2.9
600987 5.89 357717.72 航民股份 6.32
