000409 5.81 95676.65 云鼎科技 3.75
000561 8.4 167484.44 烽火电子 4.35
000589 5.21 762125.25 贵州轮胎 6.76
000788 8.0 216160.64 北大医药 0.63
000803 15.93 66840.2 山高环能 4.05
000815 9.98 329376.0 美利云 1.11
000829 11.02 317469.16 天音控股 1.57
000837 8.4 314891.53 秦川机床 2.31
000893 38.58 225930.44 亚钾国际 4.81
000900 4.49 341014.28 现代投资 1.13
000901 9.58 343838.47 航天科技 4.02
000997 13.63 226537.94 新大陆 3.26
002017 12.52 134524.16 东信和平 3.47
002037 9.19 262466.53 保利联合 4.2
002077 7.29 781956.19 大港股份 5.2
002085 7.0 1820807.25 万丰奥威 2.04
002104 8.95 1059331.88 恒宝股份 4.56
002117 7.29 57028.98 东港股份 1.39
002145 10.48 2492480.25 中核钛白 5.97
002149 14.65 152466.3 西部材料 2.95
002158 23.14 60389.33 汉钟精机 1.71
002190 28.85 69438.94 成飞集成 2.2
002197 9.29 552143.06 证通电子 2.43
002225 5.16 549438.81 濮耐股份 4.88
002231 5.96 218122.0 奥维通信 2.76
002232 13.91 151370.48 启明信息 3.57
002235 4.69 191755.95 安妮股份 1.3
002238 5.83 71124.26 天威视讯 0.34
002246 8.96 306135.53 北化股份 4.43
002248 8.48 378461.03 华东数控 4.69
002265 15.62 209813.31 西仪股份 6.48
002341 4.47 206969.77 新纶新材 3.95
002362 14.54 90955.06 汉王科技 0.14
002387 6.5 94329.02 维信诺 2.36
002421 3.5 847365.69 达实智能 2.94
002526 3.09 2699080.0 山东矿机 6.19
002527 7.84 271337.12 新时达 3.16
002587 4.96 139817.12 奥拓电子 1.02
002602 4.73 819858.56 世纪华通 0.85
002637 14.63 28128.64 赞宇科技 2.02
002668 5.56 106185.22 奥马电器 2.21
002747 25.8 500474.38 埃斯顿 3.49
002878 19.25 67254.95 元隆雅图 1.96
002919 19.27 25375.8 名臣健康 3.49
300045 8.02 204341.8 华力创通 3.48
300046 19.21 98609.46 台基股份 2.23
300061 7.61 199427.12 旗天科技 1.06
300114 11.93 168872.23 中航电测 3.11
300123 6.54 390848.56 亚光科技 5.65
300130 13.56 216998.16 新国都 2.81
300182 5.37 1349870.88 捷成股份 3.47
300205 12.74 197121.41 天喻信息 6.61
300225 7.29 160265.23 金力泰 5.35
300252 8.05 113876.18 金信诺 2.94
300264 5.85 196073.41 佳创视讯 1.04
300299 6.26 470381.69 富春股份 1.29
300306 12.29 152063.23 远方信息 3.45
300342 10.49 229973.08 天银机电 1.25
300377 8.93 127614.84 赢时胜 1.59
300397 10.98 324335.47 天和防务 5.78
300411 9.12 207846.62 金盾股份 3.52
300451 6.89 142305.55 创业慧康 1.92
300455 8.87 140470.44 康拓红外 3.86
300459 3.75 2214411.5 汤姆猫 2.46
300468 10.87 219461.31 四方精创 3.62
300479 21.2 222483.08 神思电子 5.63
300497 14.69 206796.02 富祥药业 3.31
300503 11.87 237814.95 昊志机电 1.02
300508 25.31 21823.7 维宏股份 2.97
300516 29.23 27278.78 久之洋 3.18
300546 25.47 94679.51 雄帝科技 2.91
300607 13.99 128453.81 拓斯达 3.02
300667 17.0 20137.84 必创科技 0.77
300711 12.43 39271.21 广哈通信 2.81
300741 29.14 68418.17 华宝股份 2.46
300837 39.8 5208.0 浙矿股份 1.38
300847 13.14 97113.88 中船汉光 4.2
300910 69.99 23779.41 瑞丰新材 4.25
300925 12.11 85659.4 法本信息 1.42
301087 42.02 35784.85 可孚医疗 2.49
600072 13.29 426410.06 中船科技 5.64
600099 9.01 88015.53 林海股份 4.28
600189 6.88 211247.7 泉阳泉 4.88
600212 6.21 354246.12 绿能慧充 3.5
600501 11.44 124588.04 航天晨光 5.15
600520 10.4 170833.0 文一科技 1.96
600682 10.15 116105.39 南京新百 3.57
600685 20.1 294015.56 中船防务 6.63
600698 5.34 529029.19 湖南天雁 6.38
600843 5.76 203038.7 上工申贝 1.23
600850 19.03 41491.96 电科数字 1.33
600855 11.5 105616.96 航天长峰 3.88
600962 11.33 68276.42 国投中鲁 2.91
600986 5.98 297742.03 浙文互联 2.05
