000523 3.86 126800.81 广州浪奇 2.12
000629 3.49 926546.56 钒钛股份 5.44
000709 2.49 770208.25 河钢股份 4.18
000792 31.96 1275166.5 盐湖股份 6.0
000962 10.19 101074.34 东方钽业 4.09
002136 14.79 137096.19 安纳达 5.64
002140 10.1 132071.12 东华科技 4.02
002167 7.01 363645.84 东方锆业 6.05
002188 5.99 100396.67 中天服务 1.18
002312 11.2 276978.38 川发龙蟒 4.19
002386 10.49 198387.8 天原股份 3.45
002395 8.51 32900.0 双象股份 3.4
002428 10.92 145658.7 云南锗业 2.15
002468 10.33 423333.53 申通快递 2.99
002538 8.55 235802.09 司尔特 3.26
002540 5.17 210792.0 亚太科技 4.66
002721 3.73 280528.62 金一文化 3.32
002741 17.45 36349.53 光华科技 4.62
002782 12.01 197191.95 可立克 7.23
002842 8.44 41850.48 翔鹭钨业 3.56
002881 39.21 65755.87 美格智能 0.03
002988 13.37 44789.42 豪美新材 6.45
300027 2.63 357118.91 华谊兄弟 3.14
300103 8.6 70158.33 达刚控股 6.3
300415 12.76 61508.8 伊之密 1.59
300468 17.85 111324.4 四方精创 3.36
300501 14.8 72282.22 海顺新材 3.42
300558 47.28 33717.75 贝达药业 4.49
300602 11.62 97768.26 飞荣达 5.35
300695 51.98 4848.14 兆丰股份 4.19
300697 10.09 48012.52 电工合金 2.96
300881 24.0 34225.2 盛德鑫泰 4.44
600066 8.68 579301.12 宇通客车 2.6
600088 8.44 46334.76 中视传媒 1.93
600107 5.66 102318.0 美尔雅 4.62
600108 3.87 1343228.88 亚盛集团 3.2
600111 36.25 1327716.5 北方稀土 4.71
600117 3.55 180866.05 西宁特钢 7.9
600128 7.92 80997.4 弘业股份 1.8
600141 38.15 427678.5 兴发集团 4.95
600259 37.55 61248.88 广晟有色 1.96
600336 7.8 586863.56 澳柯玛 3.04
600371 16.62 429004.31 万向德农 5.72
600405 5.39 125281.11 动力源 2.86
600551 9.23 85923.45 时代出版 4.41
600586 6.63 323391.97 金晶科技 4.08
600714 13.49 40002.22 金瑞矿业 4.49
600753 12.69 129756.24 东方银星 3.68
600773 17.58 428818.5 西藏城投 5.9
600988 16.14 696316.81 赤峰黄金 3.2
