000049 37.39 160091.67 德赛电池
000056 5.35 722241.38 皇庭国际
000060 4.24 506661.31 中金岭南
000065 8.05 371858.72 北方国际
000100 4.46 3265907.0 TCL科技
000677 3.1 125212.0 恒天海龙
000690 4.19 220682.16 宝新能源
000725 3.94 4406539.0 京东方A
000762 38.2 338280.0 西藏矿业
000792 30.15 923899.06 盐湖股份
000795 7.09 849785.94 英洛华
000820 3.86 99126.27 神雾节能
000821 9.75 410228.25 京山轻机
000831 27.68 399682.16 中国稀土
000833 7.98 344496.0 粤桂股份
000878 10.98 203696.41 云南铜业
000881 8.41 107495.9 中广核技
000937 7.2 1025468.19 冀中能源
000970 11.98 377515.59 中科三环
002006 23.61 145241.56 精功科技
002026 10.61 124053.88 山东威达
002030 17.68 481345.56 达安基因
002033 7.02 222195.56 丽江股份
002036 13.2 420832.41 联创电子
002057 8.46 213892.23 中钢天源
002091 10.83 166377.7 江苏国泰
002092 7.57 535164.94 中泰化学
002108 5.0 262307.69 沧州明珠
002136 14.0 71661.17 安纳达
002140 9.71 121490.24 东华科技
002167 6.61 118938.43 东方锆业
002171 8.18 181656.36 楚江新材
002183 8.52 4784952.0 怡亚通
002191 9.38 929996.38 劲嘉股份
002193 5.89 47640.0 如意集团
002256 2.87 1212723.0 兆新股份
002271 46.7 201057.09 东方雨虹
002274 9.12 250990.92 华昌化工
002289 6.55 181298.77 宇顺电子
002300 7.17 139241.44 太阳电缆
002312 10.75 211455.16 川发龙蟒
002326 28.44 586731.38 永太科技
002340 7.63 1164478.88 格林美
002386 10.14 169900.0 天原股份
002395 8.23 26982.0 双象股份
002402 15.09 194183.23 和而泰
002420 6.04 80311.0 毅昌科技
002520 5.76 104406.5 日发精机
002536 5.72 88243.0 飞龙股份
002538 8.28 188839.16 司尔特
002540 4.94 160783.44 亚太科技
002622 3.14 86508.0 皓宸医疗
002635 14.28 229589.84 安洁科技
002640 3.41 493470.09 跨境通
002649 9.8 89766.24 博彦科技
002676 3.5 84926.8 顺威股份
002703 5.11 123561.0 浙江世宝
002705 18.32 129598.07 新宝股份
002721 3.61 228906.08 金一文化
002729 46.75 12770.76 好利科技
002759 23.31 177512.0 天际股份
002788 8.1 87203.97 鹭燕医药
002791 89.23 24940.93 坚朗五金
002842 8.15 34792.0 翔鹭钨业
002860 15.51 89484.28 星帅尔
002895 28.7 129860.31 川恒股份
002957 13.44 34278.96 科瑞技术
002959 56.86 39183.87 小熊电器
002988 12.56 20465.15 豪美新材
002993 31.14 21704.12 奥海科技
300001 15.5 264340.75 特锐德
300027 2.55 340058.75 华谊兄弟
300056 5.67 63333.77 中创环保
300079 4.85 238621.0 数码视讯
300141 8.75 50625.5 和顺电气
300169 4.92 135201.41 天晟新材
300206 9.65 38026.91 理邦仪器
300218 14.31 69287.19 安利股份
300219 7.84 125428.28 鸿利智汇
300224 13.0 427558.53 正海磁材
300233 29.97 126142.74 金城医药
300253 8.72 331344.69 卫宁健康
300269 3.95 223362.0 联建光电
300340 13.34 64880.6 科恒股份
300355 4.04 762800.5 蒙草生态
300365 6.49 69028.99 恒华科技
300390 63.2 258190.31 天华超净
300411 7.79 117347.82 金盾股份
300415 12.56 60626.0 伊之密
300432 23.45 376184.19 富临精工
300468 17.27 94821.71 四方精创
300477 6.87 273414.31 合纵科技
300481 21.15 29644.0 濮阳惠成
300501 14.31 69029.76 海顺新材
300517 13.44 39495.53 海波重科
300518 52.12 13301.22 盛讯达
300576 28.16 58530.39 容大感光
300602 11.03 53485.02 飞荣达
300604 39.6 65500.86 长川科技
300617 39.06 37620.28 安靠智电
300619 70.76 34197.09 金银河
300647 9.73 161549.27 超频三
300725 88.44 44824.62 药石科技
300748 30.64 203113.92 金力永磁
300770 35.59 25760.22 新媒股份
300779 13.23 18739.0 惠城环保
300802 25.5 13468.82 矩子科技
300831 12.7 117684.0 派瑞股份
300832 41.95 38209.37 新产业
300843 21.35 36033.0 胜蓝股份
300866 63.1 25583.69 安克创新
300881 22.98 27823.82 盛德鑫泰
300886 30.39 19364.44 华业香料
300896 503.99 25698.98 爱美客
300930 23.78 7572.43 屹通新材
300991 23.16 50851.26 创益通
301118 41.63 20061.37 恒光股份
301207 43.03 40502.55 华兰疫苗
301216 30.55 62284.06 万凯新材
301259 33.69 98288.23 艾布鲁
301288 28.19 79734.52 清研环境
600066 8.46 455516.88 宇通客车
600107 5.41 82006.01 美尔雅
600108 3.75 1309344.12 亚盛集团
600111 34.62 991748.75 北方稀土
600114 6.85 89527.18 东睦股份
600121 4.03 445399.19 郑州煤电
600128 7.78 59935.04 弘业股份
600141 36.35 301888.78 兴发集团
600153 14.29 369438.78 建发股份
600163 8.25 676523.0 中闽能源
600176 16.6 461273.16 中国巨石
600202 5.17 125941.69 哈空调
600210 5.19 512082.38 紫江企业
600219 3.51 2006461.0 南山铝业
600277 5.16 2108038.25 亿利洁能
600279 4.12 141341.55 重庆港
600292 5.87 101543.5 远达环保
600328 20.85 326967.91 中盐化工
600331 3.1 720369.0 宏达股份
600336 7.57 512304.53 澳柯玛
600551 8.84 49380.13 时代出版
600577 5.02 737967.94 精达股份
600615 9.27 18713.12 丰华股份
600650 12.29 210691.8 锦江在线
600693 4.56 493206.78 东百集团
600711 7.7 913164.12 盛屯矿业
600763 132.3 62473.98 通策医疗
600773 16.6 220210.61 西藏城投
600787 5.83 652060.0 中储股份
600830 5.65 183324.31 香溢融通
600844 3.29 155883.0 丹化科技
600971 7.87 342749.09 恒源煤电
600976 43.25 45127.57 健民集团
600988 15.64 633686.25 赤峰黄金
