000034 24.0 387449.03 神州数码
000600 5.16 784836.88 建投能源
000700 5.18 288440.28 模塑科技
000909 9.18 792277.75 数源科技
000999 49.8 155320.2 华润三九
002009 18.57 118641.37 天奇股份
002025 80.82 72115.68 航天电器
002046 13.7 151152.41 国机精工
002137 7.76 1960996.75 实益达
002155 13.92 296078.03 湖南黄金
002158 23.62 97848.72 汉钟精机
002164 6.0 208470.58 宁波东力
002385 9.17 1374259.0 大北农
002416 9.96 228283.08 爱施德
002438 11.27 172019.77 江苏神通
002486 3.62 1045723.06 嘉麟杰
002491 5.31 202636.06 通鼎互联
002514 14.61 963592.81 宝馨科技
002534 18.92 204815.64 西子洁能
002580 11.64 667033.12 圣阳股份
002665 4.29 2697626.5 首航高科
002837 37.3 119831.96 英维克
002892 14.0 65437.99 科力尔
300101 26.59 228310.52 振芯科技
300248 11.88 537088.06 新开普
300286 25.84 25724.83 安科瑞
300369 10.16 315360.5 绿盟科技
300393 16.35 381396.59 中来股份
300416 34.32 95266.95 苏试试验
300435 14.36 95256.99 中泰股份
300447 17.12 104236.98 全信股份
300511 6.66 186272.28 雪榕生物
300687 27.7 96738.27 赛意信息
300693 54.96 133691.48 盛弘股份
300699 81.72 73932.97 光威复材
300737 10.81 311137.31 科顺股份
300777 53.85 166754.12 中简科技
300848 25.13 50750.44 美瑞新材
300863 89.3 14654.29 卡倍亿
300971 24.04 19649.94 博亚精工
301030 33.55 71079.19 仕净科技
301160 37.22 14425.09 翔楼新材
301166 53.95 44689.48 优宁维
301192 21.68 28530.31 泰祥股份
301213 38.29 16514.06 观想科技
301256 8.43 91723.02 华融化学
301283 60.5 23621.35 聚胶股份
600085 52.68 177503.84 同仁堂
600152 12.72 796723.19 维科技术
600211 35.9 39354.49 西藏药业
600495 3.92 713091.94 晋西车轴
600536 64.09 543500.25 中国软件
600557 18.42 243112.91 康缘药业
600587 26.63 211042.12 新华医疗
600644 7.65 643499.88 乐山电力
600805 4.66 201226.27 悦达投资
600821 7.18 1018917.0 金开新能
600879 6.58 820605.44 航天电子
