000039 12.25 177190.41 中集集团
000155 15.98 548561.06 川能动力
000408 24.63 207946.64 藏格矿业
000548 4.24 368911.91 湖南投资
000552 3.61 1806347.88 靖远煤电
000625 9.52 1002657.75 长安汽车
000697 6.09 86635.1 炼石航空
000738 23.01 282720.09 航发控制
000762 30.95 378688.16 西藏矿业
000820 3.47 82461.98 神雾节能
000833 6.54 320845.72 粤桂股份
000893 36.68 250296.8 亚钾国际
000937 6.89 851874.62 冀中能源
002028 28.59 129390.49 思源电气
002030 17.58 273301.72 达安基因
002167 5.92 198147.72 东方锆业
002245 18.28 468902.44 蔚蓝锂芯
002267 6.7 216659.31 陕天然气
002384 16.04 311622.81 东山精密
002408 7.16 348717.91 齐翔腾达
002434 6.53 365672.84 万里扬
002475 29.39 937659.19 立讯精密
002484 17.45 115399.83 江海股份
002545 11.21 392282.16 东方铁塔
002630 1.88 357361.28 华西能源
002667 18.09 178818.05 鞍重股份
002756 98.9 124745.04 永兴材料
002812 189.88 109435.71 恩捷股份
002818 11.85 37210.06 富森美
002850 118.3 43296.1 科达利
002865 66.01 34687.96 钧达股份
002875 10.7 188748.56 安奈儿
002937 12.12 41942.39 兴瑞科技
002955 15.58 51816.04 鸿合科技
002972 15.75 6224.49 科安达
002996 11.35 46121.49 顺博合金
300009 8.11 280147.56 安科生物
300014 62.85 676402.06 亿纬锂能
300022 4.65 186943.23 吉峰科技
300035 25.08 299198.75 中科电气
300050 3.25 111459.0 世纪鼎利
300080 3.89 200820.84 易成新能
300101 14.61 142064.83 振芯科技
300182 4.5 1006162.5 捷成股份
300239 6.98 592329.69 东宝生物
300246 13.63 14918.81 宝莱特
300269 2.74 87702.0 联建光电
300305 10.11 52430.0 裕兴股份
300322 7.15 118719.28 硕贝德
300326 6.8 163509.09 凯利泰
300357 39.56 95116.09 我武生物
300390 58.98 277058.53 天华超净
300485 12.43 214667.92 赛升药业
300487 64.38 37134.29 蓝晓科技
300583 19.3 15778.0 赛托生物
300604 31.29 94621.77 长川科技
300619 66.41 41351.86 金银河
300627 30.54 41787.58 华测导航
300679 26.64 88688.95 电连技术
300776 191.19 13067.54 帝尔激光
300778 17.8 76332.68 新城市
300780 14.5 79293.9 德恩精工
300796 18.2 28090.0 贝斯美
300806 33.5 15575.54 斯迪克
300820 70.58 27835.0 英杰电气
300837 38.76 16548.8 浙矿股份
300893 19.99 54392.41 松原股份
300900 20.16 65963.65 广联航空
301058 19.07 137171.41 中粮科工
301091 24.78 23833.48 深城交
600054 9.87 142487.34 黄山旅游
600063 6.18 757298.12 皖维高新
600064 10.41 300480.06 南京高科
600096 23.34 1164969.5 云天化
600123 13.56 727637.12 兰花科创
600162 2.05 471457.47 香江控股
600256 8.52 1516073.25 广汇能源
600268 7.28 284526.09 国电南自
600284 6.51 378601.19 浦东建设
600295 27.85 176386.64 鄂尔多斯
600297 2.16 844880.44 广汇汽车
600348 10.97 512028.91 华阳股份
600358 5.5 330614.84 国旅联合
600387 5.78 70479.46 海越能源
600395 7.83 340754.62 盘江股份
600435 7.76 217044.08 北方导航
600617 4.1 196716.58 国新能源
600629 7.02 128280.89 华建集团
600702 148.18 98934.95 舍得酒业
600716 4.36 142664.09 凤凰股份
600757 5.16 279392.16 长江传媒
600795 3.0 2783667.75 国电电力
600805 4.59 576633.19 悦达投资
600838 7.33 345534.0 上海九百
600892 4.26 446593.69 大晟文化
600905 5.57 3799544.5 三峡能源
600966 7.05 168837.77 博汇纸业
600971 7.6 327680.31 恒源煤电
600985 14.61 297090.94 淮北矿业
600990 36.44 25878.93 四创电子
600997 7.22 418473.5 开滦股份
