000020 10.07 32441.03 深华发A
000049 44.79 111030.32 德赛电池
000056 8.38 413087.25 皇庭国际
000065 8.92 160040.0 北方国际
000422 18.98 783058.06 湖北宜化
000531 9.14 77921.94 穗恒运A
000628 10.61 93850.07 高新发展
000638 5.48 69603.74 万方发展
000681 17.31 458485.72 视觉中国
000712 15.08 130399.16 锦龙股份
000723 14.53 1490710.75 美锦能源
000727 2.75 594048.56 冠捷科技
000793 3.48 4311617.5 华闻集团
000818 35.24 103955.97 航锦科技
000831 36.45 551903.62 中国稀土
000848 9.93 246523.41 承德露露
000909 7.83 175297.06 数源科技
000915 35.57 62643.65 华特达因
000976 5.44 248660.56 华铁股份
000977 31.92 283955.81 浪潮信息
000993 11.67 112777.75 闽东电力
002009 17.16 113360.97 天奇股份
002057 8.72 266794.62 中钢天源
002136 15.33 53709.41 安纳达
002141 5.41 172610.0 贤丰控股
002145 10.74 185567.59 中核钛白
002167 7.73 158978.31 东方锆业
002226 5.78 160762.59 江南化工
002233 11.21 190891.66 塔牌集团
002258 31.75 83466.57 利尔化学
002310 2.93 384952.69 东方园林
002312 11.36 198521.31 川发龙蟒
002323 3.02 301875.97 雅博股份
002326 33.44 481442.03 永太科技
002335 30.38 164278.31 科华数据
002339 6.56 136733.5 积成电子
002347 4.8 63384.02 泰尔股份
002459 81.51 109725.26 晶澳科技
002463 17.12 333549.59 沪电股份
002472 24.25 155486.66 双环传动
002478 4.38 59904.02 常宝股份
002508 35.97 96799.55 老板电器
002518 22.14 103037.41 科士达
002538 9.06 201706.88 司尔特
002539 13.62 197069.12 云图控股
002542 3.67 2952511.0 中化岩土
002559 7.84 103926.18 亚威股份
002568 46.88 87904.46 百润股份
002579 9.29 62008.2 中京电子
002583 5.0 175815.2 海能达
002623 27.17 21035.75 亚玛顿
002646 17.8 65073.33 天佑德酒
002658 8.13 65095.2 雪迪龙
002663 2.24 1462420.12 普邦股份
002665 3.6 797381.75 首航高科
002743 8.0 180334.05 富煌钢构
002762 10.65 310077.31 金发拉比
002782 13.14 63069.74 可立克
002802 24.15 16186.0 洪汇新材
002809 10.51 16080.65 红墙股份
002822 6.61 679787.19 中装建设
002825 17.59 33901.8 纳尔股份
002837 31.69 93820.63 英维克
002838 14.74 50844.74 道恩股份
002841 84.17 55480.93 视源股份
002856 11.84 38664.0 美芝股份
002865 65.55 55248.85 钧达股份
002879 20.79 36514.92 长缆科技
002883 12.24 58765.2 中设股份
002932 78.39 47386.05 明德生物
002940 36.82 11085.18 昂利康
002957 18.6 34331.33 科瑞技术
002963 16.47 14238.0 豪尔赛
002965 24.86 25732.0 祥鑫科技
002968 38.53 14219.5 新大正
002979 23.56 49385.44 雷赛智能
300031 20.6 120559.15 宝通科技
300048 6.99 177037.41 合康新能
300052 25.75 332277.81 中青宝
300068 11.19 260388.28 南都电源
300081 10.94 454941.88 恒信东方
300087 25.8 100259.68 荃银高科
300091 4.93 183394.36 金通灵
300113 13.79 87420.31 顺网科技
300127 23.4 151183.47 银河磁体
300220 15.47 45880.6 金运激光
300228 8.2 188419.41 富瑞特装
300263 9.04 163324.19 隆华科技
300280 31.47 20087.18 紫天科技
300339 19.61 300499.38 润和软件
300342 12.19 65035.63 天银机电
300354 31.68 11009.27 东华测试
300355 5.17 804306.0 蒙草生态
300390 78.8 190478.88 天华超净
300402 23.56 43624.01 宝色股份
300425 5.5 242071.48 中建环能
300435 18.8 171310.52 中泰股份
300443 46.92 132895.84 金雷股份
300487 93.1 24126.86 蓝晓科技
300490 17.51 104936.53 华自科技
300499 12.61 144909.31 高澜股份
300500 25.96 199493.2 启迪设计
300506 6.31 196650.59 名家汇
300510 5.71 95222.0 金冠股份
300536 16.82 39260.62 农尚环境
300540 26.35 21040.19 蜀道装备
300554 16.86 25198.62 三超新材
300557 30.41 7604.0 理工光科
300607 13.6 54394.54 拓斯达
300620 42.14 25839.76 光库科技
300626 9.6 30114.86 华瑞股份
300632 13.9 52795.2 光莆股份
300639 29.69 118029.26 凯普生物
300653 67.73 15102.72 正海生物
300680 25.45 41070.3 隆盛科技
300689 22.89 18176.2 澄天伟业
300732 19.29 479464.62 设研院
300737 16.65 167260.88 科顺股份
300740 17.14 69562.98 水羊股份
300748 38.36 198097.06 金力永磁
300765 17.1 95067.64 新诺威
300778 21.15 34732.85 新城市
300802 32.13 11509.61 矩子科技
300834 42.39 22206.13 星辉环材
300835 59.31 43324.0 龙磁科技
300844 74.51 22176.04 山水比德
300848 30.86 7279.0 美瑞新材
300915 49.34 6036.0 海融科技
300920 31.13 9154.46 润阳科技
300927 30.09 7466.14 江天化学
300930 31.55 12236.64 屹通新材
300935 52.04 6309.0 盈建科
300948 21.43 24368.74 冠中生态
300968 11.68 17707.83 格林精密
300977 53.45 6897.91 深圳瑞捷
300983 79.93 7387.04 尤安设计
300988 33.19 6593.71 津荣天宇
300990 103.18 8603.25 同飞股份
301001 29.86 4092.0 凯淳股份
301002 44.07 7018.37 崧盛股份
301018 26.71 71880.95 申菱环境
301032 12.46 84285.29 新柴股份
301033 49.53 4176.19 迈普医学
301035 68.36 9197.57 润丰股份
301039 11.17 60239.55 中集车辆
301052 31.73 27956.51 果麦文化
301053 29.06 19616.0 远信工业
301058 16.53 114852.21 中粮科工
301060 26.26 54096.5 兰卫医学
301065 46.38 10242.0 本立科技
301072 31.05 29478.15 中捷精工
301100 29.93 28602.57 风光股份
301106 41.36 53161.33 骏成科技
301113 39.44 19981.94 雅艺科技
301128 40.34 10335.82 强瑞技术
301149 17.8 34523.71 隆华新材
301158 28.45 158803.12 德石股份
301166 79.58 27116.39 优宁维
301178 58.0 8525.58 天亿马
301179 48.52 17928.48 泽宇智能
301186 39.78 31539.28 超达装备
301188 21.12 21935.49 力诺特玻
301189 47.86 13163.46 奥尼电子
301193 29.17 10681.66 家联科技
301196 50.4 14136.18 唯科科技
301206 119.9 51828.83 三元生物
301217 19.71 485902.12 铜冠铜箔
600006 6.43 333204.81 东风汽车
600081 12.49 47086.01 东风科技
600096 19.37 807099.0 云天化
600111 46.15 1364100.62 北方稀土
600114 10.91 132913.33 东睦股份
600133 5.67 168469.2 东湖高新
600141 34.91 344286.41 兴发集团
600165 10.93 82981.8 新日恒力
600176 17.33 560399.5 中国巨石
600180 7.99 258713.88 瑞茂通
600248 6.34 1067204.88 陕西建工
600259 46.7 74794.16 广晟有色
600273 10.83 182072.06 嘉化能源
600284 6.83 198738.38 浦东建设
600330 13.4 286078.69 天通股份
600363 24.15 63194.42 联创光电
600366 12.64 467996.41 宁波韵升
600381 8.62 375986.91 青海春天
600383 12.8 516474.66 金地集团
600387 6.72 119026.2 海越能源
600392 18.55 465217.78 盛和资源
600418 13.67 557694.44 江淮汽车
600425 4.14 497090.72 青松建化
600455 22.86 13253.1 博通股份
600491 6.27 435025.31 龙元建设
600496 4.99 594200.06 精工钢构
600502 4.99 611525.69 安徽建工
600525 5.4 162803.31 长园集团
600528 8.98 263473.94 中铁工业
600529 32.94 167655.52 山东药玻
600549 21.28 175054.14 厦门钨业
600559 24.38 310378.47 老白干酒
600586 9.05 196533.52 金晶科技
600596 24.96 356220.16 新安股份
600651 3.61 508178.25 飞乐音响
600689 7.62 44986.28 上海三毛
600742 11.75 121770.97 一汽富维
600766 4.55 29196.7 园城黄金
600836 6.48 88738.18 上海易连
600877 14.22 75168.36 声光电科
600935 7.04 374808.88 华塑股份
600970 10.72 183596.86 中材国际
600980 17.24 44960.02 北矿科技
