000011 10.85 158740.02 深物业A 2.17
000069 5.06 1299283.62 华侨城A 2.64
000692 3.79 325823.5 惠天热电 4.41
000818 29.5 101465.61 航锦科技 3.15
000852 6.63 558188.94 石化机械 3.43
000886 4.4 160245.17 海南高速 1.15
002314 3.81 1178438.38 南山控股 5.25
002707 8.21 947464.06 众信旅游 7.32
300246 17.04 96016.51 宝莱特 3.9
300513 12.54 334591.03 恒实科技 4.07
300551 12.26 287928.09 古鳌科技 6.61
300604 59.32 138992.02 长川科技 4.58
300795 37.07 15152.22 米奥会展 3.0
300859 30.47 108645.83 西域旅游 5.8
300993 14.19 75903.87 玉马遮阳 3.12
600038 47.15 202283.41 中直股份 3.99
600057 11.3 292821.31 厦门象屿 0.89
600186 2.99 771578.75 莲花健康 6.41
600266 4.08 509689.66 城建发展 4.88
600493 6.39 398770.06 凤竹纺织 5.62
600572 4.85 633757.94 康恩贝 1.68
600708 2.41 341834.59 光明地产 1.26
600748 3.45 270455.19 上实发展 2.98
