000027 6.09 236040.72 深圳能源 1.16
000419 6.41 661592.25 通程控股 4.74
000679 6.29 328044.12 大连友谊 1.95
000736 19.71 897139.81 中交地产 4.07
000795 6.72 193887.31 英洛华 0.6
000875 6.12 643414.62 吉电股份 3.9
000960 14.23 638048.94 锡业股份 6.59
000962 9.0 30673.0 东方钽业 0.67
002114 6.94 219125.5 罗平锌电 3.89
002155 12.97 191640.56 湖南黄金 1.09
002237 10.59 96058.53 恒邦股份 2.12
002307 5.16 352623.31 北新路桥 0.98
002318 16.69 71125.22 久立特材 1.58
002378 7.46 356422.62 章源钨业 7.18
002626 21.01 242474.36 金达威 5.95
002762 8.89 444041.88 金发拉比 2.42
002821 138.62 71232.43 凯莱英 2.37
002853 19.6 48319.5 皮阿诺 5.89
300357 54.61 33217.53 我武生物 3.33
300748 29.65 138231.62 金力永磁 0.54
300898 26.78 147953.42 熊猫乳品 2.49
300990 94.51 21138.73 同飞股份 0.96
301100 22.83 55967.94 风光股份 1.11
600025 6.54 279058.47 华能水电 1.08
600331 2.94 385193.16 宏达股份 1.03
600491 6.24 237333.06 龙元建设 2.8
600738 7.19 254634.02 丽尚国潮 2.71
600830 6.2 140206.97 香溢融通 1.97
600875 21.48 352726.5 东方电气 4.02
