000597 6.54 494489.38 东北制药
000810 13.5 970775.81 创维数字
000836 3.28 2877897.25 富通信息
002019 20.93 343964.56 亿帆医药
002283 9.58 475996.62 天润工业
002338 24.09 73231.02 奥普光电
002463 17.13 573150.75 沪电股份
002540 8.44 339918.16 亚太科技
002552 15.82 49877.64 宝鼎科技
002634 6.39 182176.36 棒杰股份
002642 6.18 692794.56 荣联科技
002687 7.78 158203.69 乔治白
002728 19.0 269534.94 特一药业
002785 28.13 53443.0 万里石
002850 162.19 35754.27 科达利
002878 29.03 449504.56 元隆雅图
002917 11.28 82773.94 金奥博
300133 6.81 1091767.25 华策影视
300213 8.87 773614.62 佳讯飞鸿
300229 11.41 224987.66 拓尔思
300287 6.52 1459874.25 飞利信
300318 11.54 938899.44 博晖创新
300320 13.41 212909.95 海达股份
300337 7.92 436568.69 银邦股份
300396 20.45 127180.28 迪瑞医疗
300480 34.07 46568.03 光力科技
300593 55.35 37436.73 新雷能
300650 30.88 53398.08 太龙股份
300678 21.95 88855.57 中科信息
300683 61.3 35125.79 海特生物
300702 54.06 60590.44 天宇股份
300763 216.55 34112.94 锦浪科技
300887 79.03 44615.01 谱尼测试
301017 24.61 75172.08 漱玉平民
301060 41.8 216717.36 兰卫医学
301111 43.57 152927.7 粤万年青
600021 12.83 827545.88 上海电力
600161 31.73 285383.69 天坛生物
600343 12.8 388916.59 航天动力
600523 23.99 127371.89 贵航股份
600797 6.92 353427.41 浙大网新
