002028 39.9 101301.1 思源电气 2.31
002401 11.91 131442.45 中远海科 3.48
002566 10.03 387660.16 益盛药业 4.26
002826 13.52 243403.45 易明医药 5.46
300233 28.95 312246.81 金城医药 6.24
300439 14.25 258517.05 美康生物 4.4
300519 19.48 123820.02 新光药业 3.73
300643 17.43 141584.16 万通智控 2.95
300845 26.03 93696.0 捷安高科 5.38
301043 28.3 46520.03 绿岛风 5.87
301060 28.31 333065.25 兰卫医学 7.19
301087 44.86 94041.45 可孚医疗 5.45
301211 29.0 217667.36 亨迪药业 2.91
600406 26.81 434774.25 国电南瑞 1.55
600521 22.33 311025.16 华海药业 2.24
600572 4.94 1067273.25 康恩贝 4.44
