000610 8.66 129462.22 西安旅游
000960 13.07 410021.03 锡业股份
002072 7.13 54747.01 凯瑞德
002280 3.03 561549.94 联络互动
002362 15.17 177341.41 汉王科技
002368 21.24 181025.98 太极股份
002579 8.61 668914.94 中京电子
002587 5.38 304521.62 奥拓电子
002691 5.2 58645.0 冀凯股份
002835 12.26 122674.0 同为股份
300036 17.99 133017.22 超图软件
300237 2.38 564125.25 美晨生态
300253 8.36 632624.0 卫宁健康
300400 17.18 76148.25 劲拓股份
300406 18.0 69361.18 九强生物
300442 45.89 29735.12 润泽科技
300558 54.7 69222.94 贝达药业
300778 13.83 45402.0 新城市
300795 26.3 12763.61 米奥会展
300820 116.5 33167.76 英杰电气
600197 22.0 87776.41 伊力特
600280 3.0 617724.12 中央商场
600369 3.98 1241474.62 西南证券
600872 32.91 217428.38 中炬高新
600981 2.77 378211.81 汇鸿集团
