000023 11.66 47684.48 深天地A
000029 11.35 518717.88 深深房A
000042 9.13 72387.0 中洲控股
000055 4.35 181571.0 方大集团
000058 5.75 180489.72 深赛格
000514 5.07 535914.19 渝开发
000517 3.32 677370.56 荣安地产
000609 5.17 145882.09 中迪投资
000625 20.2 3363875.75 长安汽车
000679 4.26 75275.71 大连友谊
000681 15.23 485309.03 视觉中国
000690 4.65 417648.72 宝新能源
000695 8.52 39441.0 滨海能源
000736 17.06 842526.56 中交地产
000797 3.33 760275.12 中国武夷
000829 11.2 540197.62 天音控股
000837 7.88 278994.03 秦川机床
000892 3.01 149655.0 欢瑞世纪
000918 2.36 732804.5 嘉凯城
000925 7.67 359252.12 众合科技
000935 23.39 116805.52 四川双马
002003 11.03 97664.44 伟星股份
002043 10.43 257830.77 兔宝宝
002045 8.99 208002.77 国光电器
002083 4.35 196976.0 孚日股份
002133 3.68 354501.0 广宇集团
002148 4.69 150748.47 北纬科技
002184 11.03 130396.85 海得控制
002208 8.44 578120.38 合肥城建
002254 15.91 98966.3 泰和新材
002292 4.74 776343.62 奥飞娱乐
002314 4.19 1040671.94 南山控股
002337 3.66 205456.73 赛象科技
002384 22.25 691684.19 东山精密
002415 36.28 954209.25 海康威视
002425 5.51 426982.69 凯撒文化
002522 5.62 188196.0 浙江众成
002589 4.0 462851.19 瑞康医药
002605 17.79 110215.82 姚记科技
002633 9.3 42214.0 申科股份
002647 7.16 385402.91 仁东控股
002652 2.63 201530.0 扬子新材
002689 3.23 392179.69 远大智能
002718 13.38 22505.51 友邦吊顶
002761 33.24 722338.56 浙江建投
002775 4.24 203529.8 文科园林
002791 105.0 75837.85 坚朗五金
002801 27.99 39319.45 微光股份
002813 28.62 62598.5 路畅科技
002877 6.22 90953.39 智能自控
002879 16.33 100304.95 长缆科技
002925 21.98 96926.85 盈趣科技
002929 34.86 48927.62 润建股份
300025 4.57 105006.02 华星创业
300032 5.56 114667.0 金龙机电
300046 19.2 169159.41 台基股份
300050 3.99 175890.0 世纪鼎利
300052 24.36 623488.12 中青宝
300081 8.58 570419.94 恒信东方
300113 11.53 234415.05 顺网科技
300117 4.04 706445.19 嘉寓股份
300126 5.87 67467.8 锐奇股份
300133 4.64 382495.38 华策影视
300148 3.49 438466.0 天舟文化
300166 9.56 616515.19 东方国信
300167 5.21 145353.16 迪威迅
300181 9.35 347254.0 佐力药业
300195 5.58 91548.0 长荣股份
300212 17.82 278693.47 易华录
300220 13.7 92020.01 金运激光
300221 5.41 150158.12 银禧科技
300225 7.25 171486.0 金力泰
300249 10.36 506178.0 依米康
300264 6.05 293025.0 佳创视讯
300270 6.1 82845.82 中威电子
300299 6.19 494356.31 富春股份
300307 5.24 226418.0 慈星股份
300344 4.39 219485.84 立方数科
300366 8.59 238672.62 创意信息
300383 10.72 480076.75 光环新网
300386 11.49 144584.52 飞天诚信
300420 2.73 344522.56 五洋停车
300433 11.18 898609.44 蓝思科技
300459 3.79 2174567.5 汤姆猫
300461 15.06 30463.0 田中精机
300462 9.95 48101.0 华铭智能
300464 6.41 102975.1 星徽股份
300472 10.84 220113.0 新元科技
300508 22.89 26012.68 维宏股份
300528 6.74 96805.0 幸福蓝海
300536 17.85 34281.5 农尚环境
300541 13.08 312854.16 先进数通
300546 27.28 194327.77 雄帝科技
300556 19.8 108520.84 丝路视觉
300565 9.23 125497.23 科信技术
300576 27.18 83968.98 容大感光
300579 25.5 140285.36 数字认证
300612 17.86 178700.78 宣亚国际
300621 9.21 71438.28 维业股份
300622 25.22 29295.69 博士眼镜
300624 31.63 33447.41 万兴科技
300671 66.07 83357.03 富满微
300720 11.31 32853.38 海川智能
300729 18.15 78495.26 乐歌股份
300780 15.18 51712.0 德恩精工
300844 28.83 14849.76 山水比德
300852 34.89 25652.17 四会富仕
300857 20.88 27073.0 协创数据
300859 25.05 54974.0 西域旅游
300881 24.77 38426.03 盛德鑫泰
300895 30.1 47793.42 铜牛信息
300917 28.1 135791.16 特发服务
300927 17.68 41134.14 江天化学
300976 49.19 10296.53 达瑞电子
300977 22.89 11740.7 深圳瑞捷
301001 27.65 45724.21 凯淳股份
301013 12.91 50338.76 利和兴
301015 21.57 54999.2 百洋医药
301021 26.59 35709.45 英诺激光
301027 24.36 88644.77 华蓝集团
301059 17.45 31669.01 金三江
301066 19.65 38184.59 万事利
301085 32.92 23592.23 亚康股份
301097 56.77 26097.04 天益医疗
301120 18.24 185654.02 新特电气
301129 62.1 7788.96 瑞纳智能
301131 45.12 26374.71 聚赛龙
301183 33.97 51045.57 东田微
301207 51.7 77157.86 华兰疫苗
301235 36.72 22983.28 华康医疗
301236 33.98 88398.24 软通动力
301248 31.86 45056.39 杰创智能
301257 51.5 17026.12 普蕊斯
600011 7.22 2508400.0 华能国际
600106 4.19 446212.44 重庆路桥
600159 3.04 269947.0 大龙地产
600212 6.22 589021.81 绿能慧充
600322 2.16 882593.5 天房发展
600325 7.13 646085.5 华发股份
600466 1.74 947672.5 蓝光发展
600538 5.09 250952.02 国发股份
600570 45.2 274932.28 恒生电子
600576 5.34 80789.0 祥源文旅
600721 7.37 57195.06 百花医药
600736 5.36 456336.19 苏州高新
600756 14.79 234423.89 浪潮软件
600766 8.76 34982.8 园城黄金
600793 13.37 109538.2 宜宾纸业
600986 6.69 1080443.12 浙文互联
