000012 9.16 269587.59 南玻A
000014 8.48 47165.79 沙河股份
000017 3.53 36879.18 深中华A
000058 6.19 77263.01 深赛格
000068 3.24 109362.92 华控赛格
000157 7.51 790189.12 中联重科
000416 3.86 94153.02 民生控股
000417 4.56 114589.93 合肥百货
000428 3.62 692916.5 华天酒店
000501 11.11 114460.89 武商集团
000507 6.27 135067.47 珠海港
000532 11.4 36900.0 华金资本
000548 4.18 90255.51 湖南投资
000552 3.8 971957.62 靖远煤电
000555 14.58 277959.25 神州信息
000570 5.32 79446.97 苏常柴A
000612 7.18 198070.44 焦作万方
000619 5.61 90555.5 海螺新材
000628 9.85 41107.4 高新发展
000635 9.68 68394.18 英力特
000665 7.63 1595069.25 湖北广电
000691 4.87 54395.0 亚太实业
000702 4.96 79410.36 正虹科技
000708 23.89 179435.36 中信特钢
000723 14.35 1766371.38 美锦能源
000737 7.87 76636.33 北方铜业
000750 4.12 758114.88 国海证券
000751 3.78 154882.34 锌业股份
000767 3.86 373334.97 晋控电力
000768 27.18 317473.75 中航西飞
000778 5.34 2352979.75 新兴铸管
000798 7.29 96516.22 中水渔业
000803 23.0 42895.49 山高环能
000825 7.3 1035113.44 太钢不锈
000830 15.55 510188.09 鲁西化工
000836 2.94 684610.56 富通信息
000838 7.35 305608.09 财信发展
000851 5.83 634276.19 高鸿股份
000868 3.93 82945.0 安凯客车
000875 8.25 717144.0 吉电股份
000878 12.68 190556.2 云南铜业
000882 2.03 530209.06 华联股份
000888 7.56 470811.12 峨眉山A
000910 13.05 65423.48 大亚圣象
000912 5.52 181142.86 泸天化
000917 6.05 226342.41 电广传媒
000932 5.87 2115843.75 华菱钢铁
000937 5.66 748991.06 冀中能源
000951 14.57 140983.48 中国重汽
000952 7.33 35173.01 广济药业
000955 4.93 90321.0 欣龙控股
000958 4.59 142134.12 电投产融
000960 21.85 366051.91 锡业股份
000993 11.41 120668.98 闽东电力
000996 7.45 39017.53 中国中期
002034 20.08 48382.0 旺能环境
002061 6.41 860439.06 浙江交科
002066 10.54 31889.0 瑞泰科技
002067 3.92 173278.91 景兴纸业
002118 3.13 279235.0 紫鑫药业
002135 10.96 443204.88 东南网架
002140 12.41 198789.0 东华科技
002148 5.36 212952.86 北纬科技
002160 4.63 213527.0 常铝股份
002188 5.04 59768.26 中天服务
002195 2.6 2683472.25 二三四五
002215 6.01 85870.0 诺普信
002224 5.36 100272.64 三力士
002229 6.38 59571.9 鸿博股份
002231 5.82 50371.0 奥维通信
002232 17.31 140648.08 启明信息
002233 11.12 252579.44 塔牌集团
002243 11.25 145213.16 力合科创
002256 3.51 804474.38 兆新股份
002261 7.21 220056.28 拓维信息
002265 17.66 194791.84 西仪股份
002269 2.31 326349.0 美邦服饰
002277 3.25 216554.14 友阿股份
002295 7.26 76121.98 精艺股份
002298 6.92 83443.1 中电兴发
002342 4.41 202741.0 巨力索具
002362 16.16 28939.89 汉王科技
002374 6.09 1477561.0 中锐股份
002379 3.32 105026.0 宏创控股
002397 3.82 77999.0 梦洁股份
002400 4.79 348625.44 省广集团
002401 9.61 36843.8 中远海科
002418 3.54 140702.44 康盛股份
002426 2.31 586331.5 胜利精密
002437 2.64 249172.84 誉衡药业
002442 5.99 59960.0 龙星化工
002443 8.59 462335.59 金洲管道
002448 6.39 52077.0 中原内配
002468 9.28 249977.59 申通快递
002471 2.69 235545.0 中超控股
002474 6.37 152826.69 榕基软件
002480 5.71 384175.0 新筑股份
002492 6.09 160587.45 恒基达鑫
002526 2.31 383846.0 山东矿机
002532 9.0 433274.88 天山铝业
002537 7.86 941394.56 海联金汇
002546 4.17 96508.66 新联电子
002570 5.28 280941.03 贝因美
002574 4.95 59794.02 明牌珠宝
002578 4.25 304278.5 闽发铝业
002582 8.29 43465.0 好想你
002587 5.15 115790.6 奥拓电子
002610 3.9 1849939.38 爱康科技
002638 1.95 203695.0 勤上股份
002649 12.27 282131.47 博彦科技
002660 7.37 50626.32 茂硕电源
002669 14.85 108749.58 康达新材
002679 12.25 30117.5 福建金森
002682 5.01 223311.05 龙洲股份
002687 6.91 84050.0 乔治白
002689 3.42 155606.34 远大智能
002707 7.32 619414.62 众信旅游
002750 13.7 399523.41 龙津药业
002757 14.48 61635.9 南兴股份
002762 9.93 121727.81 金发拉比
002767 13.02 13649.5 先锋电子
002778 18.17 20494.6 中晟高科
002788 7.72 49874.28 鹭燕医药
002801 19.99 22290.75 微光股份
002863 5.65 123645.71 今飞凯达
002907 14.7 35498.23 华森制药
002941 12.92 262521.53 新疆交建
002945 14.61 537188.75 华林证券
002947 34.5 18463.43 恒铭达
002951 12.27 210145.0 金时科技
002958 3.87 367974.16 青农商行
002975 57.15 4741.25 博杰股份
002988 18.21 29214.92 豪美新材
002996 13.88 25457.0 顺博合金
002997 16.03 20891.0 瑞鹄模具
300002 5.55 537645.38 神州泰岳
300017 6.02 463171.56 网宿科技
300018 7.36 160518.84 中元股份
300074 3.98 147670.06 华平股份
300076 5.17 97786.0 GQY视讯
300111 3.24 304430.19 向日葵
300112 11.02 81006.5 万讯自控
300117 3.49 202938.16 嘉寓股份
300121 10.44 52777.16 阳谷华泰
300129 8.36 237948.31 泰胜风能
300138 16.86 51723.57 晨光生物
300152 3.82 166620.88 新动力
300168 12.24 213729.77 万达信息
300188 15.25 61824.41 美亚柏科
300189 4.38 256878.0 神农科技
300197 2.81 324401.0 节能铁汉
300230 4.45 88352.94 永利股份
300237 2.8 915006.25 美晨生态
300248 15.24 489076.62 新开普
300250 16.98 556598.12 初灵信息
300262 3.45 93498.5 巴安水务
300266 3.67 244308.0 兴源环境
300283 6.75 46958.37 温州宏丰
300288 12.12 110737.0 朗玛信息
300299 5.69 225459.77 富春股份
300310 5.14 469095.53 宜通世纪
300314 13.41 51817.03 戴维医疗
300332 10.21 195145.59 天壕环境
300335 5.18 68220.25 迪森股份
300375 4.22 80909.37 鹏翎股份
300377 14.45 890811.5 赢时胜
300383 13.63 268901.38 光环新网
300387 7.31 144478.7 富邦股份
300422 7.63 56723.5 博世科
300427 13.45 54928.45 红相股份
300440 8.43 60788.0 运达科技
300461 18.9 15192.0 田中精机
300464 7.25 59493.0 星徽股份
300472 12.9 84871.36 新元科技
300481 24.62 66963.93 濮阳惠成
300497 13.82 319248.16 富祥药业
300509 6.42 52406.57 新美星
300511 7.05 92676.85 雪榕生物
300533 18.17 21280.5 冰川网络
300535 15.7 14856.0 达威股份
300539 8.1 28346.8 横河精密
300569 14.59 301435.97 天能重工
300570 16.08 23340.8 太辰光
300594 18.25 7122.0 朗进科技
300605 16.67 135796.36 恒锋信息
300608 13.18 104614.64 思特奇
300612 19.9 91742.1 宣亚国际
300645 21.81 132766.17 正元智慧
300647 9.08 238512.44 超频三
300677 54.26 78094.86 英科医疗
300688 29.21 62899.34 创业黑马
300692 8.15 66015.15 中环环保
300727 29.18 76098.36 润禾材料
300771 18.41 10769.0 智莱科技
300773 26.94 110077.21 拉卡拉
300801 21.99 39751.0 泰和科技
300808 13.16 9598.0 久量股份
300848 29.86 6361.0 美瑞新材
300849 11.75 9721.0 锦盛新材
300859 22.88 39957.0 西域旅游
300871 25.4 10768.56 回盛生物
300879 18.2 10620.66 大叶股份
300886 25.77 6767.54 华业香料
300917 27.86 11803.74 特发服务
300948 20.95 17953.08 冠中生态
300971 34.66 5814.95 博亚精工
300972 14.29 25614.5 万辰生物
300978 16.66 12699.12 东箭科技
300982 65.38 15096.42 苏文电能
300995 25.74 6066.3 奇德新材
301018 24.6 44205.27 申菱环境
301042 40.97 2396.0 安联锐视
301043 31.1 10595.19 绿岛风
301056 10.57 26685.66 森赫股份
301066 26.18 50490.8 万事利
301068 33.75 30120.78 大地海洋
301078 20.92 247566.06 孩子王
301085 37.5 47137.04 亚康股份
301118 53.2 27745.72 恒光股份
301127 15.53 93373.08 天源环保
301169 54.02 79599.35 零点有数
301180 25.87 9934.33 万祥科技
301182 30.81 15254.0 凯旺科技
301185 23.33 15820.98 鸥玛软件
301186 38.15 21106.27 超达装备
600011 8.24 1380332.75 华能国际
600022 1.85 3382586.0 山东钢铁
600031 21.25 960919.81 三一重工
600072 16.03 301056.06 中船科技
600075 7.46 245413.61 新疆天业
600095 8.97 164992.95 湘财股份
600108 3.33 282983.0 亚盛集团
600116 11.56 169846.06 三峡水利
600121 4.33 176292.2 郑州煤电
600138 11.82 520890.16 中青旅
600150 21.5 393783.31 中国船舶
600156 4.09 48913.7 华升股份
600157 1.79 4129321.75 永泰能源
600159 3.17 327041.0 大龙地产
600169 2.74 370633.41 太原重工
600170 3.59 1025003.0 上海建工
600185 6.33 195902.36 格力地产
600188 26.09 434564.16 兖矿能源
600201 14.74 121013.87 生物股份
600213 7.56 51517.1 亚星客车
600217 6.03 161588.06 中再资环
600218 12.08 81942.08 全柴动力
600231 2.82 418531.59 凌钢股份
600235 5.97 99021.0 民丰特纸
600255 2.72 544471.0 鑫科材料
600277 4.89 812688.94 亿利洁能
600285 13.32 137283.55 羚锐制药
600295 23.95 159466.22 鄂尔多斯
600300 4.16 184503.31 维维股份
600307 2.32 1424764.25 酒钢宏兴
600316 31.66 73143.46 洪都航空
600328 16.06 144587.59 中盐化工
600333 5.34 158064.25 长春燃气
600336 6.41 107397.5 澳柯玛
600348 11.16 409388.75 华阳股份
600354 5.89 133167.19 敦煌种业
600370 2.91 168654.56 三房巷
600386 4.36 134340.48 北巴传媒
600389 40.76 37266.32 江山股份
600395 7.28 336365.91 盘江股份
600408 3.54 152665.02 安泰集团
600410 6.55 243565.16 华胜天成
600422 9.99 181715.19 昆药集团
600426 32.99 330309.5 华鲁恒升
600459 24.96 62011.11 贵研铂业
600470 6.59 98696.12 六国化工
600493 5.88 69353.0 凤竹纺织
600502 5.19 1066382.38 安徽建工
600503 3.2 197691.0 华丽家族
600508 10.16 75954.0 上海能源
600509 5.37 132928.44 天富能源
600512 3.6 1733668.75 腾达建设
600526 5.96 59298.63 菲达环保
600530 4.22 116271.0 交大昂立
600531 5.65 115048.95 豫光金铅
600571 10.58 172226.05 信雅达
600581 6.11 830151.0 八一钢铁
600594 6.61 168829.52 益佰制药
600596 23.24 192092.19 新安股份
600613 5.86 71439.01 神奇制药
600621 12.9 193537.31 华鑫股份
600651 3.51 258263.27 飞乐音响
600664 3.18 280202.31 哈药股份
600668 18.17 354802.69 尖峰集团
600684 3.52 91654.45 珠江股份
600689 7.4 38933.33 上海三毛
600694 20.34 40177.56 大商股份
600710 6.11 142207.42 苏美达
600712 4.0 87112.0 南宁百货
600713 4.73 124137.0 南京医药
600740 5.67 771761.88 山西焦化
600756 16.39 575825.0 浪潮软件
600758 3.74 187518.5 辽宁能源
600768 9.49 17645.0 宁波富邦
600775 9.94 85478.0 南京熊猫
600782 6.06 911701.62 新钢股份
600808 4.24 1683757.12 马钢股份
600818 10.45 53789.0 中路股份
600843 6.64 34780.0 上工申贝
600844 3.49 109224.0 丹化科技
600908 6.21 357153.31 无锡银行
600927 26.97 159077.3 永安期货
600941 61.3 393452.88 中国移动
600956 14.85 57004.23 新天绿能
600961 10.63 103935.46 株冶集团
600971 6.75 307433.41 恒源煤电
600979 3.43 237827.62 广安爱众
600989 17.14 489849.88 宝丰能源
600992 11.65 410966.78 贵绳股份
600997 7.27 352783.97 开滦股份
