000413 2.05 1227165.62 东旭光电 3.02
000510 6.58 279218.94 新金路 2.49
000567 16.08 127080.43 海德股份 1.77
000622 5.34 466117.0 恒立实业 2.1
000708 20.96 124295.5 中信特钢 1.8
000811 11.23 167193.34 冰轮环境 2.75
002013 12.2 572924.31 中航机电 0.99
002132 6.79 1076603.75 恒星科技 3.19
002179 65.14 99213.88 中航光电 1.62
002184 13.42 156742.03 海得控制 3.39
002218 6.36 1222840.0 拓日新能 3.58
002225 5.14 401809.69 濮耐股份 5.76
002549 18.09 183920.41 凯美特气 2.9
002610 3.93 2587435.0 爱康科技 2.61
002611 5.57 839013.75 东方精工 2.39
002660 9.07 190577.27 茂硕电源 2.37
002765 10.65 397317.28 蓝黛科技 4.72
002852 15.42 118574.72 道道全 3.35
002892 17.99 184315.7 科力尔 3.93
002909 11.91 583872.69 集泰股份 4.57
002917 11.24 323086.69 金奥博 1.9
002998 7.83 144635.58 优彩资源 1.56
300024 11.16 579175.81 机器人 1.46
300118 35.47 685061.25 东方日升 4.69
300160 9.15 399547.03 秀强股份 4.33
300335 5.65 227437.05 迪森股份 7.01
300393 21.03 1635025.5 中来股份 7.57
300410 9.6 49738.91 正业科技 0.73
300415 23.23 342497.59 伊之密 5.02
300532 14.8 110166.79 今天国际 2.28
300545 21.12 105573.69 联得装备 0.86
300553 41.88 17276.0 集智股份 4.1
300566 20.9 166983.22 激智科技 3.52
300594 19.19 25216.0 朗进科技 4.63
300618 56.59 102370.9 寒锐钴业 0.18
300647 11.64 147436.7 超频三 4.21
300697 11.1 42509.32 电工合金 2.59
300716 9.99 49830.0 国立科技 1.01
300777 48.98 87291.15 中简科技 0.02
300796 18.2 96484.0 贝斯美 3.29
300856 49.1 20770.46 科思股份 2.87
300953 142.38 18568.32 震裕科技 7.59
300956 18.1 28784.84 英力股份 1.91
301002 27.35 28513.55 崧盛股份 4.87
301040 30.34 59935.23 中环海陆 4.15
301067 44.07 8140.99 显盈科技 2.35
301079 27.59 47891.3 邵阳液压 4.55
301106 36.78 18589.0 骏成科技 1.41
301160 55.35 32524.17 翔楼新材 3.05
600038 45.9 233625.94 中直股份 2.96
600105 4.33 1173020.5 永鼎股份 5.1
600316 29.67 285452.53 洪都航空 3.09
600363 30.56 310953.41 联创光电 4.84
600617 5.29 276906.91 国新能源 2.12
600761 12.36 106393.48 安徽合力 3.52
