000409 6.94 198703.52 云鼎科技
000534 14.25 68925.0 万泽股份
000541 7.18 217082.05 佛山照明
000551 11.77 461941.91 创元科技
000679 4.9 52187.5 大连友谊
000777 11.38 71705.29 中核科技
000812 6.77 418265.88 陕西金叶
000868 6.13 554625.12 安凯客车
000893 36.65 179820.05 亚钾国际
000913 28.07 103314.89 钱江摩托
000922 10.16 235691.92 佳电股份
002006 34.25 88607.46 精功科技
002033 8.85 457083.84 丽江股份
002035 5.74 185398.2 华帝股份
002078 12.02 360183.44 太阳纸业
002140 11.87 207564.72 东华科技
002193 7.2 65860.15 如意集团
002249 6.71 892088.06 大洋电机
002354 4.08 423458.62 天娱数科
002374 5.28 516588.0 中锐股份
002483 6.55 149392.8 润邦股份
002495 2.85 469749.41 佳隆股份
002496 2.58 330945.97 辉丰股份
002615 7.04 58368.97 哈尔斯
002631 6.63 112908.02 德尔未来
002660 9.81 277019.78 茂硕电源
002696 7.17 133907.94 百洋股份
002698 16.32 107948.12 博实股份
002707 6.77 360743.53 众信旅游
002723 13.15 118970.22 小崧股份
002733 20.63 496596.0 雄韬股份
002763 8.36 37782.6 汇洁股份
002852 15.81 101408.75 道道全
002943 72.59 53363.12 宇晶股份
002948 3.42 372395.75 青岛银行
002985 46.98 39281.74 北摩高科
002999 7.51 361679.12 天禾股份
300051 6.17 54220.14 三五互联
300076 5.37 149774.0 GQY视讯
300091 4.81 528061.5 金通灵
300092 11.13 47254.5 科新机电
300093 54.23 66498.57 金刚光伏
300094 5.72 1126456.0 国联水产
300099 7.07 69798.0 精准信息
300105 7.68 411334.81 龙源技术
300121 12.98 81845.46 阳谷华泰
300277 7.21 41395.0 海联讯
300334 7.92 86622.01 津膜科技
300358 16.45 99002.65 楚天科技
300443 44.88 81564.29 金雷股份
300494 14.96 244273.7 盛天网络
300497 13.94 162888.17 富祥药业
300528 6.69 101793.79 幸福蓝海
300557 32.13 10324.88 理工光科
300578 16.79 31400.0 会畅通讯
300580 20.28 31835.39 贝斯特
300588 10.44 38439.26 熙菱信息
300627 32.66 72836.56 华测导航
300695 55.41 15864.0 兆丰股份
300700 35.5 42579.11 岱勒新材
300840 9.6 68249.56 酷特智能
300864 21.84 8581.55 南大环境
300876 27.3 7096.08 蒙泰高新
300889 14.69 23469.88 爱克股份
300898 19.44 20023.48 熊猫乳品
300933 8.76 98643.69 中辰股份
301000 32.01 16127.2 肇民科技
301009 11.99 22383.31 可靠股份
301067 43.28 7888.0 显盈科技
301076 29.27 18769.39 新瀚新材
301077 23.8 9871.75 星华新材
301108 36.88 5948.43 洁雅股份
301113 41.45 30058.91 雅艺科技
600061 6.62 677652.62 国投资本
600067 3.85 513725.41 冠城大通
600081 11.53 47560.63 东风科技
600099 9.16 50784.0 林海股份
600186 2.81 353424.41 莲花健康
600193 6.07 54944.48 创兴资源
600257 5.56 204227.52 大湖股份
600300 3.6 466623.22 维维股份
600319 6.58 99169.44 亚星化学
600386 4.71 410920.19 北巴传媒
600400 6.02 383980.47 红豆股份
600448 3.58 234041.7 华纺股份
600486 114.77 59174.23 扬农化工
600575 2.85 892518.5 淮河能源
600651 3.89 158590.86 飞乐音响
600684 3.35 120913.17 珠江股份
600730 5.46 99654.12 中国高科
600733 8.42 2101229.75 北汽蓝谷
600841 8.19 473752.62 动力新科
600846 8.05 71691.13 同济科技
600985 15.65 524008.0 淮北矿业
