000529 6.65 410520.38 广弘控股 3.1
000534 15.21 157477.12 万泽股份 2.15
000975 14.25 569360.81 银泰黄金 2.52
002014 8.08 71537.98 永新股份 0.25
002566 8.89 492948.56 益盛药业 5.33
002644 10.16 386427.53 佛慈制药 2.73
002912 26.46 88612.24 中新赛克 6.65
002981 23.87 15985.9 朝阳科技 0.93
002987 31.0 271485.56 京北方 3.47
300352 4.49 1076646.5 北信源 4.42
300364 7.49 478905.75 中文在线 2.74
300534 9.43 413386.81 陇神戎发 1.29
300541 12.08 158393.8 先进数通 1.26
300672 73.79 116776.25 国科微 7.57
300674 16.25 348281.44 宇信科技 1.69
300747 27.84 137781.09 锐科激光 4.5
301171 18.35 118240.89 易点天下 2.34
600520 13.66 381155.5 文一科技 2.4
600584 23.63 624831.88 长电科技 1.16
600892 3.95 155861.64 大晟文化 1.28
600976 58.85 72098.89 健民集团 1.41
600988 20.43 786978.06 赤峰黄金 5.75
