000040 3.43 447390.47 东旭蓝天
000058 6.01 199183.22 深赛格
000068 3.87 296563.47 华控赛格
000070 6.81 357201.72 特发信息
000559 6.1 362403.81 万向钱潮
000605 6.79 296040.09 渤海股份
000682 7.13 183855.72 东方电子
000690 4.98 894978.0 宝新能源
000887 19.5 424976.56 中鼎股份
000976 4.42 467792.62 华铁股份
002011 13.02 308023.97 盾安环境
002085 5.62 418363.44 万丰奥威
002112 8.62 106091.78 三变科技
002164 5.95 134259.0 宁波东力
002190 27.77 62823.08 成飞集成
002229 6.9 185036.23 鸿博股份
002283 6.68 179670.16 天润工业
002284 9.31 374469.12 亚太股份
002300 7.6 250692.22 太阳电缆
002373 10.71 366633.84 千方科技
002405 14.15 1284758.62 四维图新
002406 5.26 96530.0 远东传动
002471 2.67 387170.72 中超控股
002498 4.39 349273.12 汉缆股份
002519 4.62 680430.5 银河电子
002520 6.42 544390.38 日发精机
002540 6.69 320885.56 亚太科技
002546 3.93 243766.08 新联电子
002547 4.11 1137196.38 春兴精工
002590 8.64 133405.0 万安科技
002594 349.38 304648.75 比亚迪
002685 4.11 743849.5 华东重机
002796 8.24 49925.77 世嘉科技
002824 56.05 43098.3 和胜股份
002840 20.62 123341.44 华统股份
002865 99.33 36324.68 钧达股份
002868 14.05 26424.7 绿康生化
002869 15.13 134882.45 金溢科技
002871 10.42 26835.02 伟隆股份
002881 32.62 32630.55 美格智能
002896 21.57 184361.28 中大力德
002906 48.43 93016.61 华阳集团
002922 20.0 382460.53 伊戈尔
002931 11.0 48338.22 锋龙股份
002932 74.95 79339.47 明德生物
002952 12.58 36717.5 亚世光电
002984 32.15 84529.81 森麒麟
300051 6.02 119565.12 三五互联
300100 9.42 98111.45 双林股份
300112 10.2 131451.78 万讯自控
300120 7.1 101377.56 经纬辉开
300152 3.6 339812.69 新动力
300173 5.15 86441.33 福能东方
300179 16.45 163807.12 四方达
300259 3.64 89626.46 新天科技
300283 6.21 122172.01 温州宏丰
300327 47.5 95319.49 中颖电子
300351 16.95 144043.91 永贵电器
300375 4.36 170512.5 鹏翎股份
300393 16.54 593102.38 中来股份
300402 21.24 72277.0 宝色股份
300410 8.64 56069.8 正业科技
300447 20.97 58401.34 全信股份
300457 29.3 133843.94 赢合科技
300469 14.04 31525.32 信息发展
300473 18.73 39996.17 德尔股份
300484 13.23 91593.0 蓝海华腾
300496 136.04 46531.55 中科创达
300507 7.74 457325.84 苏奥传感
300543 11.23 120920.22 朗科智能
300547 17.45 70861.2 川环科技
300569 11.85 325214.75 天能重工
300580 20.88 50041.12 贝斯特
300581 24.91 170655.72 晨曦航空
300593 42.55 36517.87 新雷能
300602 15.52 137258.41 飞荣达
300617 45.93 37638.32 安靠智电
300665 8.37 66902.76 飞鹿股份
300666 62.55 101585.55 江丰电子
300681 58.85 48947.63 英搏尔
300683 43.75 31824.44 海特生物
300739 15.96 36962.9 明阳电路
300780 15.75 37914.48 德恩精工
300807 21.76 39486.0 天迈科技
300814 18.58 23606.49 中富电路
300835 39.99 83611.61 龙磁科技
300862 27.43 9370.59 蓝盾光电
300863 73.65 13764.48 卡倍亿
300871 23.11 22196.29 回盛生物
300890 60.8 46520.02 翔丰华
300910 65.37 19583.12 瑞丰新材
300916 47.76 28543.83 朗特智能
300928 54.28 31393.43 华安鑫创
300930 38.42 35403.59 屹通新材
300931 7.75 76032.49 通用电梯
300938 32.65 57538.51 信测标准
300980 28.37 59455.98 祥源新材
300993 13.08 65049.8 玉马遮阳
301097 51.8 6800.69 天益医疗
301119 31.05 14891.49 正强股份
301160 45.8 34750.77 翔楼新材
301221 61.6 22111.91 光庭信息
301229 33.01 26805.17 纽泰格
301266 52.72 42580.57 宇邦新材
600006 7.54 958781.19 东风汽车
600021 11.26 1052604.5 上海电力
600212 5.69 220315.0 绿能慧充
600237 8.03 280799.44 铜峰电子
600335 10.13 596333.75 国机汽车
600375 9.31 233156.22 汉马科技
600478 8.91 601331.31 科力远
600505 9.06 130865.9 西昌电力
600509 5.48 240678.61 天富能源
600609 6.28 346191.72 金杯汽车
600653 2.55 677171.44 申华控股
600660 43.03 238342.27 福耀玻璃
600807 4.13 356418.31 济南高新
600933 17.75 166695.45 爱柯迪
