000010 3.27 88022.4 美丽生态
000045 7.86 87950.0 深纺织A
000400 18.36 217322.12 许继电气
000403 19.07 62015.58 派林生物
000428 3.94 637695.69 华天酒店
000513 31.94 143243.06 丽珠集团
000519 21.88 748867.19 中兵红箭
000533 3.93 149001.09 顺钠股份
000615 5.83 161883.48 奥园美谷
000619 6.84 199384.77 海螺新材
000657 13.77 224443.88 中钨高新
000725 3.55 4215221.0 京东方A
000860 20.82 97541.37 顺鑫农业
000915 44.2 45041.33 华特达因
000929 9.91 359906.91 兰州黄河
002013 11.77 588050.06 中航机电
002036 15.0 211564.05 联创电子
002046 12.93 83367.61 国机精工
002057 10.67 322446.97 中钢天源
002075 3.93 245552.44 沙钢股份
002115 4.59 467972.16 三维通信
002125 17.06 231776.2 湘潭电化
002127 4.6 315666.44 南极电商
002130 6.27 130344.83 沃尔核材
002134 8.5 44641.74 天津普林
002144 9.49 39971.08 宏达高科
002156 15.15 298774.22 通富微电
002159 10.54 20639.0 三特索道
002199 6.74 49250.01 东晶电子
002216 16.64 90079.51 三全食品
002236 12.3 347400.44 大华股份
002297 7.6 110437.68 博云新材
002338 22.77 48449.98 奥普光电
002351 8.05 58717.36 漫步者
002398 5.85 125991.33 垒知集团
002407 38.62 267402.62 多氟多
002412 5.97 116780.73 汉森制药
002453 11.5 70828.0 华软科技
002529 16.36 65970.26 海源复材
002550 5.76 313769.0 千红制药
002560 6.35 298385.0 通达股份
002591 6.16 158911.09 恒大高新
002603 22.63 619772.5 以岭药业
002643 15.55 99064.47 万润股份
002668 6.14 786621.06 奥马电器
002707 6.37 303588.91 众信旅游
002733 17.88 120589.69 雄韬股份
002752 5.49 286567.25 N兴股份
002772 8.98 663870.25 众兴菌业
002773 17.54 375342.84 康弘药业
002774 6.15 57755.65 快意电梯
002793 7.82 239477.08 罗欣药业
002817 9.09 519511.38 黄山胶囊
002869 20.63 35332.5 金溢科技
002907 12.96 91331.97 华森制药
002950 12.56 93666.21 奥美医疗
002963 11.57 8998.0 豪尔赛
002967 19.79 35975.48 广电计量
002979 18.41 27253.69 雷赛智能
002984 28.62 69584.05 森麒麟
002988 14.21 18058.0 豪美新材
300083 9.21 168248.36 创世纪
300091 3.85 169858.69 金通灵
300097 6.18 121460.82 智云股份
300105 6.28 134272.0 龙源技术
300111 3.0 131322.0 向日葵
300137 6.51 150911.61 先河环保
300165 4.5 126504.0 天瑞仪器
300177 6.9 104334.94 中海达
300222 6.84 76106.75 科大智能
300233 26.45 71194.71 金城医药
300239 7.84 134354.0 东宝生物
300247 3.6 319649.0 融捷健康
300274 131.98 302988.0 阳光电源
300276 3.61 98331.06 三丰智能
300299 5.18 121629.27 富春股份
300328 7.64 116208.5 宜安科技
300436 32.1 23777.84 广生堂
300440 6.7 47814.42 运达科技
300445 11.13 19392.4 康斯特
300460 9.91 46059.6 惠伦晶体
300472 14.66 239807.09 新元科技
300476 13.58 129622.94 胜宏科技
300477 5.45 172240.02 合纵科技
300501 13.89 25481.02 海顺新材
300510 4.51 177810.0 金冠股份
300537 13.12 49699.0 广信材料
300554 20.69 38885.84 三超新材
300568 21.34 300635.0 星源材质
300581 18.06 48172.55 晨曦航空
300585 13.3 18240.99 奥联电子
300589 11.54 58274.38 江龙船艇
300609 13.43 30068.24 汇纳科技
300616 18.76 22634.0 尚品宅配
300667 13.69 16550.9 必创科技
300706 21.14 33490.6 阿石创
300729 17.81 45670.8 乐歌股份
300740 13.17 97381.75 水羊股份
300787 32.75 26430.0 海能实业
300792 25.94 40777.08 壹网壹创
300817 14.02 6402.76 双飞股份
300831 11.56 49543.5 派瑞股份
300836 22.24 6859.01 佰奥智能
300840 8.76 16687.0 酷特智能
300841 90.13 15065.75 康华生物
300861 55.36 51374.74 美畅股份
300866 57.44 26606.78 安克创新
300867 18.33 18469.33 圣元环保
300899 20.86 9786.24 上海凯鑫
300928 45.51 13654.65 华安鑫创
300936 24.08 4086.33 中英科技
300955 21.19 5319.0 嘉亨家化
300957 177.1 22272.62 贝泰妮
300962 15.8 29257.9 中金辐照
300978 13.23 50194.68 东箭科技
300994 21.79 20512.22 久祺股份
300995 18.32 3702.91 奇德新材
301008 23.67 2601.4 宏昌科技
301026 26.18 9662.3 浩通科技
301056 7.84 10869.46 森赫股份
301065 34.29 4202.15 本立科技
301079 19.92 8368.78 邵阳液压
301082 17.48 23036.45 久盛电气
301089 76.19 39568.81 拓新药业
301092 25.62 12263.0 争光股份
301130 31.5 16051.03 西点药业
301133 22.7 8711.6 金钟股份
301163 30.07 16576.15 宏德股份
301217 13.21 68124.16 铜冠铜箔
301339 14.91 73656.05 通行宝
600056 12.64 567195.06 中国医药
600062 18.41 363307.91 华润双鹤
600129 27.36 86067.97 太极集团
600171 17.88 109264.59 上海贝岭
600216 13.76 243363.78 浙江医药
600255 2.63 195567.73 鑫科材料
600380 11.03 198511.92 健康元
600478 8.45 397512.19 科力远
600481 17.25 559650.06 双良节能
600538 4.7 85160.0 国发股份
600562 14.23 79786.88 国睿科技
600566 27.0 177151.56 济川药业
600610 15.05 48876.06 中毅达
600647 15.9 16608.0 同达创业
600702 137.65 88540.66 舍得酒业
600715 2.16 196354.0 文投控股
600753 11.78 46195.0 东方银星
600789 6.3 145450.17 鲁抗医药
600866 6.39 208232.69 星湖科技
600889 4.82 50115.0 南京化纤
