000509 4.58 203055.08 华塑控股
000659 3.85 302762.19 珠海中富
000738 24.88 233243.7 航发控制
000810 13.36 293171.81 创维数字
002545 11.57 413113.59 东方铁塔
002670 8.9 367583.03 国盛金控
002817 11.59 236653.42 黄山胶囊
002822 6.88 868293.12 中装建设
300188 15.57 242070.8 美亚柏科
300479 25.2 437397.38 神思电子
300547 12.76 99694.09 川环科技
300579 47.69 162646.7 数字认证
300723 30.47 52291.33 一品红
300813 68.77 10361.0 泰林生物
300968 11.06 51582.21 格林精密
301083 15.67 45244.88 百胜智能
600151 10.32 419622.47 航天机电
600156 4.35 131099.0 华升股份
600582 4.55 1009457.38 天地科技
600657 4.21 586116.75 信达地产
600760 56.34 237522.58 中航沈飞
600862 23.96 220627.75 中航高科
600893 45.47 355553.38 航发动力
600988 17.84 936282.88 赤峰黄金
