000530 6.24 815081.12 冰山冷热
000605 7.92 510438.16 渤海股份
000627 3.66 1231159.62 天茂集团
000678 7.26 635150.88 襄阳轴承
000711 2.77 1026765.25 京蓝科技
000728 8.4 5366013.0 国元证券
000890 5.01 258388.77 法尔胜
002090 14.89 1076157.62 金智科技
002145 9.27 1368557.25 中核钛白
002537 9.32 1858725.88 海联金汇
002610 4.14 4155291.75 爱康科技
002842 11.82 334704.59 翔鹭钨业
002953 14.35 199728.16 日丰股份
300189 4.9 1087240.12 神农科技
300384 21.28 115700.84 三联虹普
300396 18.8 83867.19 迪瑞医疗
300615 12.9 94569.22 欣天科技
301018 50.0 95527.26 申菱环境
301120 29.57 207726.3 新特电气
600127 9.1 845625.75 金健米业
600156 5.08 179054.48 华升股份
600191 6.73 179477.0 华资实业
600223 9.32 218017.45 鲁商发展
600313 13.0 1778783.38 农发种业
600354 6.86 713289.62 敦煌种业
600818 25.88 153434.41 中路股份
