000020 9.53 45677.0 深华发A
000070 6.73 294702.16 特发信息
000534 15.23 140679.81 万泽股份
000622 5.05 392208.03 恒立实业
000628 18.05 109186.96 高新发展
000823 10.66 190718.77 超声电子
000983 12.39 863729.19 山西焦煤
002055 13.16 258148.12 得润电子
002138 24.63 89969.25 顺络电子
002169 9.29 332649.47 智光电气
002178 4.98 283568.03 延华智能
002184 13.56 196943.28 海得控制
002338 22.11 202463.64 奥普光电
002348 2.52 1176817.5 高乐股份
002376 7.74 201191.31 新北洋
002418 3.76 426829.0 康盛股份
002429 3.92 593432.19 兆驰股份
002434 9.85 328703.81 万里扬
002505 3.75 1996886.25 鹏都农牧
002547 8.2 3891322.0 春兴精工
002606 10.95 527707.62 大连电瓷
002615 7.64 89076.22 哈尔斯
002639 11.45 888879.5 雪人股份
002652 3.12 348024.81 扬子新材
002689 3.95 501002.81 远大智能
002703 10.08 603042.19 浙江世宝
002752 5.11 154096.75 N兴股份
002806 14.12 136448.02 华锋股份
002815 12.91 147641.86 崇达技术
002838 26.7 194580.2 道恩股份
002843 21.54 102535.48 泰嘉股份
002863 7.57 1008158.62 今飞凯达
002866 25.53 417933.03 传艺科技
002888 13.12 58564.43 惠威科技
002890 17.55 16394.34 弘宇股份
002892 17.92 281059.19 科力尔
002925 20.59 88358.69 盈趣科技
002929 38.3 22291.85 润建股份
002943 60.3 59077.76 宇晶股份
002957 17.8 151886.05 科瑞技术
002975 40.51 26435.76 博杰股份
002979 22.01 84959.86 雷赛智能
002983 21.3 19677.86 芯瑞达
002988 16.06 59890.73 豪美新材
002992 29.59 232707.88 宝明科技
002996 23.39 164334.7 顺博合金
300019 23.81 174481.5 硅宝科技
300066 6.88 413511.91 三川智慧
300083 12.04 411273.91 创世纪
300084 5.06 188922.42 海默科技
300091 4.67 686868.38 金通灵
300097 7.19 135220.02 智云股份
300107 5.96 68500.0 建新股份
300127 19.89 128559.31 银河磁体
300136 17.43 248537.95 信维通信
300151 22.4 137053.53 昌红科技
300170 8.76 211082.81 汉得信息
300177 8.52 285553.09 中海达
300204 13.1 289073.91 舒泰神
300217 7.78 889666.38 东方电热
300219 8.92 119687.12 鸿利智汇
300229 13.25 175868.5 拓尔思
300232 6.58 167657.45 洲明科技
300319 9.68 256949.48 麦捷科技
300323 7.44 272649.59 华灿光电
300328 10.55 738923.44 宜安科技
300331 17.92 43307.0 苏大维格
300351 17.49 163200.67 永贵电器
300354 39.26 10634.81 东华测试
300384 20.31 47655.25 三联虹普
300406 18.27 37892.77 九强生物
300412 7.49 653849.94 迦南科技
300440 7.03 109464.61 运达科技
300454 99.96 33706.06 深信服
300455 9.03 80235.7 康拓红外
300456 16.19 181749.88 赛微电子
300466 5.98 104635.02 赛摩智能
300480 16.48 35148.17 光力科技
300491 16.32 91880.68 通合科技
300552 28.25 99635.0 万集科技
300580 22.92 65960.28 贝斯特
300585 17.96 146851.41 奥联电子
300594 17.95 16966.01 朗进科技
300619 74.02 10570.16 金银河
300623 23.35 148211.19 捷捷微电
300626 9.75 55326.8 华瑞股份
300655 17.96 210518.88 晶瑞电材
300657 15.49 93712.62 弘信电子
300659 21.66 31863.05 中孚信息
300679 46.35 94930.46 电连技术
300683 45.16 15679.0 海特生物
300688 17.66 76340.72 创业黑马
300697 11.02 60150.23 电工合金
300701 9.85 42851.8 森霸传感
300705 20.9 48544.08 九典制药
300713 16.71 85825.57 英可瑞
300735 11.31 176822.88 光弘科技
300747 30.31 55825.2 锐科激光
300762 13.83 89055.99 上海瀚讯
300767 58.0 43126.71 震安科技
300791 29.3 12924.06 仙乐健康
300793 17.11 245290.05 佳禾智能
300806 28.83 21761.2 斯迪克
300809 26.87 138946.97 华辰装备
300812 19.25 44922.3 易天股份
300826 14.09 20073.06 测绘股份
300829 30.75 28273.24 金丹科技
300842 77.8 84818.71 帝科股份
300852 39.46 30313.4 四会富仕
300863 81.78 26621.71 卡倍亿
300866 75.86 45884.49 安克创新
300868 18.55 13161.03 杰美特
300910 73.82 11470.53 瑞丰新材
300922 19.1 43709.59 天秦装备
300956 17.88 18342.61 英力股份
300962 15.46 31958.95 中金辐照
300964 32.0 9060.0 本川智能
300975 8.53 68588.24 商络电子
300985 31.12 41684.66 致远新能
300988 28.31 113011.35 津荣天宇
301002 26.25 10529.03 崧盛股份
301013 12.48 133901.09 利和兴
301018 41.43 124681.71 申菱环境
301019 23.03 5756.25 宁波色母
301020 23.32 19026.67 密封科技
301033 40.35 3896.19 迈普医学
301112 45.83 67196.34 信邦智能
301119 33.43 22977.65 正强股份
301123 32.61 151890.3 奕东电子
301125 34.65 37795.58 腾亚精工
301131 44.31 17946.35 聚赛龙
301182 26.09 22822.59 凯旺科技
301200 54.36 40122.31 大族数控
301208 48.79 24706.09 中亦科技
301229 39.53 60887.39 纽泰格
301257 62.1 19629.86 普蕊斯
301312 89.72 24773.16 智立方
600011 6.95 1464315.5 华能国际
600123 15.02 319460.81 兰花科创
600131 16.23 189016.36 国网信通
600160 16.76 446717.78 巨化股份
600203 7.24 146134.0 福日电子
600210 6.01 343789.88 紫江企业
600218 11.12 322186.69 全柴动力
600295 18.43 169943.19 鄂尔多斯
600325 7.7 383382.53 华发股份
600353 10.78 139073.14 旭光电子
600392 21.24 349634.75 盛和资源
600549 26.66 301922.88 厦门钨业
600577 6.61 1187066.62 精达股份
600667 7.39 212602.12 太极实业
600765 32.15 259153.91 中航重机
600817 10.53 117839.09 宇通重工
600888 10.15 370901.03 新疆众和
600988 17.72 652066.19 赤峰黄金
600996 11.76 1103638.12 贵广网络
