000023 12.22 45930.0 深天地A 1.83
000506 3.47 777205.81 中润资源 4.2
000663 7.75 149997.11 永安林业 3.89
000679 5.06 104177.24 大连友谊 1.4
000820 4.86 346614.62 神雾节能 1.89
000925 7.92 217917.58 众合科技 2.46
002082 10.8 372173.91 万邦德 4.25
002093 7.97 1769371.0 国脉科技 3.91
002114 6.96 87241.03 罗平锌电 2.05
002118 2.66 745317.75 紫鑫药业 3.91
002198 6.65 328797.0 嘉应制药 5.05
002205 10.98 239952.69 国统股份 3.1
002247 2.62 273744.0 聚力文化 2.34
002343 5.21 110839.0 慈文传媒 0.77
002349 14.09 929264.19 精华制药 4.06
002530 8.23 467597.28 金财互联 1.48
002582 7.39 259081.12 好想你 4.53
002632 6.86 227123.48 道明光学 1.33
002947 22.92 93525.87 恒铭达 0.84
300044 3.66 549596.62 赛为智能 3.1
300113 11.21 156782.12 顺网科技 1.72
300147 5.9 775455.94 香雪制药 7.86
300171 30.52 188478.12 东富龙 3.39
300208 11.62 324261.12 青岛中程 5.73
300213 5.49 170486.16 佳讯飞鸿 0.37
300345 9.22 60311.0 华民股份 1.99
300436 35.06 62298.0 广生堂 2.79
300568 22.88 534209.19 星源材质 3.91
300609 14.99 55576.0 汇纳科技 0.94
300622 21.64 19409.01 博士眼镜 1.74
300624 32.21 58871.68 万兴科技 0.91
300656 34.8 28625.04 民德电子 1.73
300730 15.51 539136.5 科创信息 2.11
300779 17.31 67819.87 惠城环保 5.87
300785 31.07 61294.43 值得买 2.1
300987 15.32 39421.64 川网传媒 0.46
301051 53.66 15976.21 信濠光电 1.9
301169 33.5 40592.77 零点有数 4.17
301211 19.45 57162.24 亨迪药业 3.68
301296 15.84 90264.48 新巨丰 0.76
301300 36.81 19626.49 远翔新材 0.63
600156 4.83 109443.77 华升股份 2.98
600230 18.73 249828.97 沧州大化 1.02
600448 3.3 227287.8 华纺股份 1.54
600463 7.11 30643.0 空港股份 0.71
600531 5.4 292713.97 豫光金铅 2.66
600556 7.01 909671.12 天下秀 5.73
600903 7.92 65756.95 贵州燃气 0.38
600916 12.17 538548.69 中国黄金 4.73
600936 3.45 192836.88 广西广电 1.77
