000416 4.13 403530.0 民生控股 3.25
000779 10.9 224029.2 甘咨询 4.81
000938 18.18 315465.06 紫光股份 3.12
000987 6.15 290672.19 越秀资本 0.82
002027 5.87 2593182.5 分众传媒 2.98
002062 5.93 635558.75 宏润建设 4.4
002110 4.77 131664.33 三钢闽光 1.27
002362 16.58 258848.28 汉王科技 4.67
002508 25.32 338302.91 老板电器 5.72
300967 17.99 139164.7 晓鸣股份 4.65
600019 5.32 979714.81 宝钢股份 1.53
600053 16.76 96917.88 九鼎投资 5.01
600099 9.59 172350.67 林海股份 3.68
600149 6.31 382791.41 廊坊发展 7.13
600201 9.42 508572.12 生物股份 4.43
600337 2.95 200625.98 美克家居 4.24
600510 8.05 647625.0 黑牡丹 4.0
600743 1.92 448449.0 华远地产 3.23
600895 12.19 117332.55 张江高科 1.33
