000413 2.15 1699192.62 东旭光电 4.88
000415 2.24 396825.28 渤海租赁 3.7
000701 6.45 161043.02 厦门信达 2.54
002184 13.72 246749.02 海得控制 2.23
002273 14.38 708348.06 水晶光电 4.28
002549 19.5 300526.09 凯美特气 7.79
002597 45.64 91032.39 金禾实业 1.49
002648 23.37 169700.58 卫星化学 2.28
002660 9.37 246526.27 茂硕电源 3.31
002765 10.88 445314.25 蓝黛科技 2.16
300042 13.74 72905.38 朗科科技 1.93
300401 17.88 202060.23 花园生物 4.62
300415 25.06 385504.72 伊之密 7.88
300532 14.97 133043.52 今天国际 1.15
300589 15.2 267658.91 江龙船艇 1.81
300647 12.19 205939.5 超频三 4.72
300797 15.17 34070.28 钢研纳克 2.02
300903 16.25 177819.45 科翔股份 3.11
301002 27.69 31603.51 崧盛股份 1.24
301006 20.24 15069.72 迈拓股份 0.95
301160 58.33 36558.07 翔楼新材 5.38
600038 48.65 249229.86 中直股份 5.99
600500 6.99 394521.09 中化国际 4.02
600537 5.8 392145.72 亿晶光电 1.22
600761 12.48 117616.66 安徽合力 0.97
600866 6.68 293995.72 星湖科技 3.73
