000679 5.1 138624.52 大连友谊 4.08
002035 6.03 589581.25 华帝股份 5.05
002193 7.28 73109.36 如意集团 1.11
002399 16.38 90711.67 海普瑞 1.8
002946 11.56 60750.55 新乳业 1.14
002956 14.53 75946.48 西麦食品 4.38
002985 47.81 42104.62 北摩高科 1.77
300051 6.54 173645.48 三五互联 6.0
300578 17.29 43251.98 会畅通讯 2.98
300864 21.89 9765.87 南大环境 0.23
300871 24.22 67193.7 回盛生物 5.26
300876 28.11 7138.0 蒙泰高新 2.97
300889 15.26 40605.58 爱克股份 3.88
300898 19.67 22619.49 熊猫乳品 1.18
301009 12.47 57715.17 可靠股份 4.0
301067 44.03 7892.0 显盈科技 1.73
301108 37.67 7443.62 洁雅股份 2.14
600097 10.42 70448.04 开创国际 1.66
600249 5.13 83523.01 两面针 1.58
600257 5.6 221044.05 大湖股份 0.72
600775 9.8 221516.42 南京熊猫 4.14
