000736 24.18 1059404.38 中交地产
000738 26.0 230487.64 航发控制
000768 23.99 333585.56 中航西飞
000795 6.4 490047.31 英洛华
000812 5.28 384885.16 陕西金叶
000895 32.04 246096.86 双汇发展
000919 6.88 72392.02 金陵药业
002166 8.9 292816.56 莱茵生物
002198 5.24 224430.0 嘉应制药
002218 4.06 189265.78 拓日新能
002242 16.45 113475.47 九阳股份
002413 4.9 197925.08 雷科防务
002478 4.21 86343.42 常宝股份
002705 17.85 128837.65 新宝股份
002796 7.33 36022.5 世嘉科技
002799 11.27 114289.58 环球印务
002875 10.42 109555.56 安奈儿
002883 10.1 27395.6 中设股份
300039 6.91 884077.19 上海凯宝
300118 22.64 352994.12 东方日升
300182 5.07 888135.5 捷成股份
300224 12.1 187851.05 正海磁材
300243 9.64 27577.63 瑞丰高材
300581 19.52 99764.51 晨曦航空
300589 17.63 23426.8 江龙船艇
300609 13.08 35613.0 汇纳科技
300629 24.47 63011.5 新劲刚
300642 21.5 27625.8 透景生命
300683 33.6 20990.93 海特生物
300810 17.28 11060.5 中科海讯
300900 22.4 41074.36 广联航空
300902 34.23 18783.98 国安达
300903 23.57 28541.81 科翔股份
300922 24.89 21268.28 天秦装备
300970 19.42 22998.98 华绿生物
300975 11.7 25537.95 商络电子
301037 19.95 5392.11 保立佳
301068 23.98 10958.2 大地海洋
301127 11.36 41751.16 天源环保
301193 25.91 13479.47 家联科技
600191 5.28 60352.22 华资实业
600501 9.56 89609.2 航天晨光
600756 12.45 347928.94 浪潮软件
600764 22.08 76051.5 中国海防
600769 7.0 105352.8 祥龙电业
600843 4.96 54649.0 上工申贝
