000426 7.66 656791.25 兴业矿业 2.27
000506 3.96 682662.75 中润资源 3.67
000524 8.12 116770.8 岭南控股 5.46
000716 3.64 475192.53 黑芝麻 0.28
000890 4.91 63954.41 法尔胜 2.08
002980 34.59 38289.53 华盛昌 2.04
300141 12.67 75045.09 和顺电气 1.2
300347 123.14 111592.99 泰格医药 3.06
300588 14.31 93063.86 熙菱信息 2.43
300611 11.88 70133.04 美力科技 4.03
300700 15.54 77793.46 岱勒新材 2.24
300716 10.36 94127.3 国立科技 4.65
300928 64.52 36037.68 华安鑫创 3.96
600280 3.13 343836.5 中央商场 2.96
600497 5.28 1848453.75 驰宏锌锗 1.15
600778 4.89 77559.22 友好集团 2.73
