000031 4.14 609536.5 大悦城 5.34
000034 14.21 91073.07 神州数码 4.72
000099 7.03 98459.86 中信海直 3.08
000519 21.3 418409.91 中兵红箭 2.16
000708 18.56 99677.23 中信特钢 2.88
000767 3.08 263688.41 晋控电力 1.32
000919 6.65 72673.16 金陵药业 1.84
000935 18.1 68338.42 四川双马 3.31
000985 15.04 44859.52 大庆华科 2.31
002013 10.44 883058.5 中航机电 5.24
002016 6.22 101475.88 世荣兆业 6.33
002030 19.17 629462.25 达安基因 6.56
002049 190.06 89321.28 紫光国微 3.86
002074 27.58 327794.0 国轩高科 2.91
002267 7.26 254315.36 陕天然气 3.86
002414 16.08 190576.31 高德红外 4.21
002424 6.91 634092.38 贵州百灵 3.91
002552 12.22 15838.0 宝鼎科技 2.35
002597 40.39 97116.65 金禾实业 6.15
002664 11.3 35521.25 信质集团 2.26
002677 14.26 52814.26 浙江美大 1.14
002749 10.11 57524.97 国光股份 1.71
002977 49.0 7044.7 天箭科技 4.32
002983 19.36 33739.79 芯瑞达 2.54
300146 20.25 103153.32 汤臣倍健 0.9
300596 47.4 26844.43 利安隆 3.31
300653 55.81 13522.22 正海生物 1.84
300726 53.3 59792.39 宏达电子 4.65
300775 40.56 100774.23 三角防务 4.94
300865 19.88 9359.0 大宏立 1.95
301120 15.69 215273.8 新特电气 5.23
301187 27.05 213226.69 欧圣电气 4.16
600104 16.59 618953.44 上汽集团 4.01
600273 10.69 263687.09 嘉化能源 2.49
600380 11.36 203074.7 健康元 2.07
600426 31.5 199221.25 华鲁恒升 4.3
600620 9.08 48832.54 天宸股份 2.48
600663 10.64 109638.24 陆家嘴 0.57
600716 4.76 225841.23 凤凰股份 5.78
600741 20.23 210992.88 华域汽车 3.21
600760 52.6 203328.92 中航沈飞 5.41
600893 38.89 357048.75 航发动力 2.94
600956 11.43 46827.38 新天绿能 3.07
