000002 21.9 1191762.75 万科A 1.44
000733 123.23 92972.28 振华科技 1.07
000877 15.19 255718.84 天山股份 3.12
000983 9.19 1210331.38 山西焦煤 1.66
002051 7.33 158659.92 中工国际 1.81
002128 16.09 409035.69 电投能源 1.26
002244 6.03 631608.25 滨江集团 6.16
002271 52.23 330841.84 东方雨虹 2.21
002307 4.49 205835.19 北新路桥 1.35
002572 23.84 292726.44 索菲亚 0.72
300605 17.02 226691.31 恒锋信息 6.18
300732 13.48 225973.41 设研院 3.69
300859 23.53 36105.35 西域旅游 5.52
301027 20.1 119314.07 华蓝集团 3.71
600019 7.7 1530153.38 宝钢股份 1.85
600248 5.28 883549.62 陕西建工 1.93
600512 3.47 776539.94 腾达建设 2.06
600801 21.17 497221.62 华新水泥 6.54
600831 6.94 775218.31 广电网络 6.44
