000048 18.96 59679.99 京基智农
000159 8.42 199407.23 国际实业
000403 21.6 104138.33 派林生物
000409 6.77 222683.98 云鼎科技
000420 4.95 481620.88 吉林化纤
000531 8.27 251604.3 穗恒运A
000534 14.76 76741.66 万泽股份
000592 3.07 1824852.12 平潭发展
000655 7.94 143838.5 金岭矿业
000657 17.45 206502.95 中钨高新
000678 7.13 470786.81 襄阳轴承
000680 5.1 409870.91 山推股份
000700 5.83 367277.31 模塑科技
000702 6.21 233182.23 正虹科技
000709 2.78 2831526.0 河钢股份
000720 6.02 171926.31 新能泰山
000722 15.09 305105.81 湖南发展
000810 20.66 196662.05 创维数字
000811 11.76 231858.27 冰轮环境
000856 9.55 157941.16 冀东装备
000859 7.3 183017.0 国风新材
000887 20.22 373307.91 中鼎股份
000899 10.61 905325.25 赣能股份
000909 8.8 202808.0 数源科技
000922 10.04 159297.75 佳电股份
002006 31.52 73980.01 精功科技
002017 13.7 84292.69 东信和平
002026 13.82 197428.0 山东威达
002034 23.89 42648.62 旺能环境
002053 13.29 204127.02 云南能投
002058 14.79 41856.37 威尔泰
002068 20.6 354313.03 黑猫股份
002077 19.98 1521391.38 大港股份
002080 28.14 274681.75 中材科技
002084 4.04 98363.85 海鸥住工
002085 6.94 565119.19 万丰奥威
002100 11.15 480447.97 天康生物
002114 8.22 427156.59 罗平锌电
002125 22.03 335697.19 湘潭电化
002126 15.65 274304.12 银轮股份
002130 7.05 596393.19 沃尔核材
002168 4.37 698206.5 惠程科技
002169 9.06 282636.53 智光电气
002182 26.14 457245.84 云海金属
002249 6.52 644349.75 大洋电机
002262 15.59 220220.69 恩华药业
002283 7.07 275802.97 天润工业
002284 10.9 354628.47 亚太股份
002300 8.88 376545.41 太阳电缆
002324 18.4 245949.92 普利特
002334 7.77 520174.75 英威腾
002335 42.91 356971.19 科华数据
002339 8.67 834249.12 积成电子
002364 8.4 175121.66 中恒电气
002391 7.92 229882.72 长青股份
002409 75.99 86262.61 雅克科技
002438 16.15 281093.47 江苏神通
002455 13.35 259294.59 百川股份
002478 5.51 364474.81 常宝股份
002494 4.75 165677.3 华斯股份
002505 3.3 808491.69 鹏都农牧
002533 8.8 504552.59 金杯电工
002547 6.68 1592757.0 春兴精工
002548 6.83 192514.2 金新农
002552 16.79 99577.35 宝鼎科技
002560 7.8 517951.47 通达股份
002567 9.05 568365.62 唐人神
002585 26.42 545484.31 双星新材
002598 12.03 306946.97 山东章鼓
002616 5.43 115870.0 长青集团
002638 2.47 360765.53 勤上股份
002686 6.35 141196.53 亿利达
002703 9.53 355040.16 浙江世宝
002706 15.34 114126.16 良信股份
002712 4.8 789030.5 思美传媒
002714 57.4 359573.75 牧原股份
002718 15.57 24211.0 友邦吊顶
002741 23.68 85019.36 光华科技
002765 11.66 515480.97 蓝黛科技
002768 28.95 78864.32 国恩股份
002789 15.83 63959.01 建艺集团
002806 14.33 88990.05 华锋股份
002812 223.0 75329.43 恩捷股份
002816 22.25 28637.31 和科达
002829 38.1 35270.34 星网宇达
002848 12.75 63194.5 高斯贝尔
002856 13.79 55034.95 美芝股份
002869 24.18 105044.17 金溢科技
002876 59.94 89837.86 三利谱
002877 7.92 247441.81 智能自控
002882 11.5 136419.2 金龙羽
002884 20.06 31150.48 凌霄泵业
002896 39.75 283326.41 中大力德
002909 12.3 640747.19 集泰股份
002915 22.88 334901.12 中欣氟材
002952 16.51 45063.98 亚世光电
002965 64.31 174348.59 祥鑫科技
002983 22.69 23923.68 芯瑞达
002993 47.18 46388.3 奥海科技
002997 29.49 134759.33 瑞鹄模具
300018 6.72 188397.02 中元股份
300041 25.4 198006.92 回天新材
300057 13.19 392318.81 万顺新材
300066 6.48 243503.27 三川智慧
300080 6.74 794770.5 易成新能
300092 11.39 70799.43 科新机电
300095 12.26 224622.64 华伍股份
300111 3.15 239014.41 向日葵
300115 14.18 701626.56 长盈精密
300116 2.04 902296.0 保力新
300121 13.59 135420.8 阳谷华泰
300129 9.33 341381.97 泰胜风能
300140 7.89 168878.41 中环装备
300152 3.75 124792.47 新动力
300174 21.15 144579.81 元力股份
300196 18.1 43595.68 长海股份
300259 3.92 125221.4 新天科技
300337 15.05 523806.72 银邦股份
300343 15.7 596946.25 联创股份
300351 19.52 184426.16 永贵电器
300376 8.73 539964.62 易事特
300395 59.35 57067.62 菲利华
300405 6.54 51101.82 科隆股份
300411 8.6 82958.2 金盾股份
300427 18.08 45428.85 红相股份
300437 23.39 212786.8 清水源
300441 7.58 168174.59 鲍斯股份
300450 60.46 193977.73 先导智能
300455 10.03 133790.89 康拓红外
300457 31.27 133934.92 赢合科技
300484 14.65 102695.17 蓝海华腾
300490 15.05 217068.27 华自科技
300499 13.8 210102.88 高澜股份
300500 18.12 68954.38 启迪设计
300517 14.44 34826.4 海波重科
300545 22.11 71621.58 联得装备
300553 42.53 9258.0 集智股份
300569 11.7 358290.81 天能重工
300575 19.49 43007.05 中旗股份
300593 46.48 49923.69 新雷能
300626 10.03 35783.09 华瑞股份
300629 28.38 163025.14 新劲刚
300680 28.21 34543.84 隆盛科技
300684 16.25 65698.31 中石科技
300699 78.04 74082.01 光威复材
300707 24.75 73261.55 威唐工业
300712 66.07 66772.56 永福股份
300713 16.58 35926.83 英可瑞
300720 15.4 76996.49 海川智能
300737 11.59 216123.69 科顺股份
300745 55.63 56735.93 欣锐科技
300747 31.88 91488.07 锐科激光
300757 61.97 18634.0 罗博特科
300762 14.31 77234.35 上海瀚讯
300776 233.48 21648.53 帝尔激光
300791 30.13 18134.91 仙乐健康
300828 19.1 56572.98 锐新科技
300831 16.52 184946.84 派瑞股份
300850 91.0 90749.14 新强联
300855 51.4 44972.45 图南股份
300870 55.5 13168.42 欧陆通
300876 28.48 10880.33 蒙泰高新
300890 60.91 49580.38 翔丰华
300899 24.48 13069.13 上海凯鑫
300907 22.8 17915.0 康平科技
300933 9.2 180277.77 中辰股份
300940 26.41 63810.02 南极光
300943 19.7 195383.59 春晖智控
300980 27.99 28507.87 祥源新材
301002 28.49 28145.12 崧盛股份
301010 24.15 56409.92 晶雪节能
301031 189.73 6730.69 中熔电气
301040 30.06 53890.13 中环海陆
301049 28.8 31723.52 超越科技
301062 11.26 20318.24 上海艾录
301076 29.55 14185.1 新瀚新材
301099 95.2 12262.56 雅创电子
301107 37.09 14617.64 瑜欣电子
301149 16.48 78320.85 隆华新材
301162 100.97 15856.55 国能日新
301179 49.96 37232.54 泽宇智能
301180 24.43 51003.29 万祥科技
301181 53.36 48216.25 标榜股份
301186 37.82 10800.66 超达装备
301187 22.37 41309.73 欧圣电气
301196 41.97 35198.13 唯科科技
301278 105.76 45543.29 快可电子
301298 24.67 60108.73 东利机械
600027 5.23 1120611.12 华电国际
600089 25.6 1815775.0 特变电工
600101 10.79 467616.78 明星电力
600110 11.47 797629.31 诺德股份
600114 11.38 283696.38 东睦股份
600149 6.04 99229.0 廊坊发展
600150 25.61 729697.56 中国船舶
600169 2.91 584349.12 太原重工
600243 5.04 325251.19 青海华鼎
600251 11.23 357637.84 冠农股份
600257 5.42 288028.03 大湖股份
600293 4.03 749022.5 三峡新材
600322 1.98 210585.08 天房发展
600353 13.5 229650.45 旭光电子
600367 25.47 213938.06 红星发展
600393 1.59 483769.34 粤泰股份
600444 15.21 112149.53 国机通用
600452 13.85 277395.62 涪陵电力
600458 11.85 374710.19 时代新材
600487 17.13 531553.44 亨通光电
600491 7.41 535554.5 龙元建设
600517 5.73 276254.56 国网英大
600520 16.25 529521.81 文一科技
600522 25.08 846431.38 中天科技
600525 5.83 365225.59 长园集团
600561 5.53 35539.1 江西长运
600586 11.26 2281407.75 金晶科技
600592 9.03 100034.55 龙溪股份
600698 5.05 233755.39 湖南天雁
600780 6.27 263552.47 通宝能源
600819 5.71 288182.28 耀皮玻璃
600864 5.43 752991.19 哈投股份
600883 8.45 28843.01 博闻科技
600884 29.29 485057.56 杉杉股份
600885 41.83 201399.78 宏发股份
600935 5.84 310595.53 华塑股份
600975 9.0 356956.75 新五丰
600987 5.54 181500.3 航民股份
