000766 5.11 112631.63 通化金马 0.59
002058 12.34 40147.27 威尔泰 2.83
002307 5.24 421379.72 北新路桥 1.35
002455 11.45 400246.38 百川股份 2.14
002580 11.36 843133.81 圣阳股份 6.57
002733 19.32 176055.28 雄韬股份 2.82
300153 7.41 174299.94 科泰电源 1.79
300248 10.09 483605.91 新开普 7.91
300487 79.02 27935.05 蓝晓科技 2.09
300510 4.77 202773.0 金冠股份 0.42
300580 18.66 23008.44 贝斯特 3.49
300693 52.05 167390.05 盛弘股份 6.22
300705 27.23 171112.59 九典制药 6.53
301001 23.7 39956.38 凯淳股份 3.49
301046 31.63 59899.04 能辉科技 3.54
301120 22.35 93133.8 新特电气 1.31
301125 27.42 41405.89 腾亚精工 2.7
600861 16.95 66787.44 北京城乡 1.56
