000735 6.47 265264.66 罗牛山
002118 2.47 852702.56 紫鑫药业
002165 4.86 1145983.75 红宝丽
002432 45.0 296762.69 九安医疗
002486 3.3 580450.81 嘉麟杰
002795 7.75 139683.73 永和智控
002802 15.83 31915.4 洪汇新材
002828 9.29 470040.03 贝肯能源
002853 15.3 66868.48 皮阿诺
002880 26.46 32401.66 卫光生物
002911 12.95 236953.28 佛燃能源
002917 10.39 264361.19 金奥博
002951 10.61 200288.72 金时科技
002952 16.04 160407.84 亚世光电
300228 7.11 563487.06 富瑞特装
300992 26.35 97123.73 泰福泵业
301081 13.51 27848.98 严牌股份
301111 20.28 39982.31 粤万年青
301296 15.05 49210.27 新巨丰
600216 13.27 303595.72 浙江医药
600333 5.7 214216.0 长春燃气
600336 6.03 227812.78 澳柯玛
600539 7.53 349057.91 狮头股份
600721 5.9 165566.73 百花医药
600903 8.15 143342.05 贵州燃气
