000679 4.64 49280.4 大连友谊 3.57
000908 4.63 994473.81 景峰医药 2.89
002054 10.77 239413.56 德美化工 5.49
002129 41.36 619686.75 TCL中环 4.84
002274 12.91 586362.0 华昌化工 2.14
002513 5.57 124493.66 蓝丰生化 4.7
002826 11.63 45077.5 易明医药 2.11
002895 24.84 233909.5 川恒股份 5.39
300194 5.14 806338.62 福安药业 1.78
300233 33.78 267885.25 金城医药 6.19
300343 17.48 1058365.0 联创股份 4.73
300407 9.23 65061.0 凯发电气 2.9
300998 34.73 32284.31 宁波方正 2.21
301075 40.88 34339.83 多瑞医药 2.2
301186 42.92 29530.35 超达装备 2.02
600215 9.16 139171.55 派斯林 5.65
600513 10.08 80656.16 联环药业 1.0
600618 13.16 333093.88 氯碱化工 5.28
600711 10.96 1058232.5 盛屯矿业 6.2
