000040 3.97 628985.81 东旭蓝天
000049 52.3 161427.25 德赛电池
000422 15.66 256111.48 湖北宜化
000539 5.54 530381.25 粤电力A
000543 4.91 800166.75 皖能电力
000593 8.32 256428.2 德龙汇能
000595 7.9 819698.75 宝塔实业
000617 5.55 1675028.0 中油资本
000629 5.46 2901780.75 钒钛股份
000688 19.03 186099.0 国城矿业
000707 10.03 319262.31 双环科技
000722 15.28 512173.12 湖南发展
000881 8.16 199856.92 中广核技
000899 9.35 530182.44 赣能股份
000961 2.42 1176728.75 中南建设
000975 15.4 297562.88 银泰黄金
002009 15.86 94020.76 天奇股份
002053 11.57 94012.93 云南能投
002133 4.02 1514177.75 广宇集团
002171 7.83 464004.25 楚江新材
002244 11.36 512569.72 滨江集团
002245 17.4 684846.25 蔚蓝锂芯
002314 3.48 382547.84 南山控股
002319 13.0 30613.0 乐通股份
002326 26.9 912210.94 永太科技
002332 11.14 209838.12 仙琚制药
002334 8.44 515632.16 英威腾
002386 7.4 135911.12 天原股份
002388 8.43 348711.19 新亚制程
002444 22.85 268250.72 巨星科技
002452 7.32 198467.0 长高电新
002455 10.69 163094.05 百川股份
002478 6.86 221375.77 常宝股份
002537 9.03 1288233.0 海联金汇
002543 9.86 195533.52 万和电气
002554 3.91 626366.62 惠博普
002580 11.28 487608.97 圣阳股份
002598 13.36 447827.12 山东章鼓
002641 4.71 234927.42 公元股份
002667 28.17 88034.71 鞍重股份
002703 10.41 807473.94 浙江世宝
002709 45.83 345753.91 天赐材料
002733 18.64 135907.27 雄韬股份
002778 15.85 19515.8 中晟高科
002789 14.94 162066.06 建艺集团
002882 13.59 218498.38 金龙羽
002932 71.0 133513.88 明德生物
002971 20.31 21043.87 和远气体
002981 25.15 31107.28 朝阳科技
300041 17.7 69428.82 回天新材
300068 21.05 952086.06 南都电源
300073 62.3 150905.66 当升科技
300153 7.64 77127.01 科泰电源
300180 4.4 651516.75 华峰超纤
300228 5.94 199169.2 富瑞特装
300305 13.33 166320.47 裕兴股份
300343 11.29 310141.19 联创股份
300351 13.85 84893.87 永贵电器
300360 17.88 181058.2 炬华科技
300409 16.0 147856.84 道氏技术
300410 12.39 139511.34 正业科技
300481 29.48 161598.12 濮阳惠成
300489 16.84 23874.0 光智科技
300539 10.51 70556.4 横河精密
300542 14.16 384864.0 新晨科技
300758 13.59 320452.47 七彩化学
300880 16.79 28473.54 迦南智能
300887 38.49 51093.57 谱尼测试
300988 23.04 35419.61 津荣天宇
301120 20.74 69535.2 新特电气
301152 55.79 57472.96 天力锂能
301158 18.85 63830.4 德石股份
301238 27.15 126720.66 瑞泰新材
301268 46.03 26926.84 铭利达
600063 6.6 538606.88 皖维高新
600152 15.05 1156463.0 维科技术
600192 6.81 609462.19 长城电工
600325 10.09 328440.34 华发股份
600348 16.7 667057.81 华阳股份
600376 5.91 279373.22 首开股份
600389 44.74 45972.22 江山股份
600393 1.64 1519295.0 粤泰股份
600409 6.48 276353.03 三友化工
600531 5.58 182762.0 豫光金铅
600603 7.79 150534.3 广汇物流
600605 11.04 106390.1 汇通能源
600630 5.78 431198.38 龙头股份
600817 9.58 41997.51 宇通重工
600847 17.84 30766.32 万里股份
600906 8.7 1020345.5 财达证券
600993 24.45 90266.64 马应龙
