000567 15.94 136059.05 海德股份
000570 5.31 204039.92 苏常柴A
000601 6.17 833972.38 韶能股份
000626 11.57 86846.42 远大控股
000976 4.76 246724.36 华铁股份
002036 15.4 667302.94 联创电子
002040 7.08 96561.0 南京港
002049 213.0 72424.97 紫光国微
002099 7.44 241573.84 海翔药业
002101 33.98 526170.94 广东鸿图
002138 25.33 126327.12 顺络电子
002163 13.2 166563.28 海南发展
002174 9.52 223824.72 游族网络
002218 6.03 1013684.94 拓日新能
002251 6.84 1118625.88 步步高
002270 8.94 489804.47 华明装备
002343 5.61 213058.41 慈文传媒
002350 8.11 415433.12 北京科锐
002354 3.8 303056.59 天娱数科
002371 280.57 144680.12 北方华创
002425 5.47 462649.69 凯撒文化
002468 12.93 332130.03 申通快递
002472 33.77 166130.77 双环传动
002484 26.85 93871.37 江海股份
002488 8.31 695636.5 金固股份
002505 3.69 1355146.88 鹏都农牧
002514 15.75 1564783.88 宝馨科技
002534 22.46 407653.41 西子洁能
002624 14.96 1214977.62 完美世界
002708 7.57 138517.0 光洋股份
002724 11.53 64641.05 海洋王
002749 10.71 42599.15 国光股份
002800 16.13 42819.4 天顺股份
002846 6.55 67838.78 英联股份
002863 7.2 1072190.62 今飞凯达
002871 12.22 31774.25 伟隆股份
002876 41.65 80786.6 三利谱
002885 41.05 70315.75 京泉华
002892 16.49 185925.88 科力尔
002907 14.1 96661.55 华森制药
002967 22.51 60159.8 广电计量
002978 46.91 189274.84 安宁股份
002990 28.86 54779.0 盛视科技
300066 6.28 370432.0 三川智慧
300109 20.25 143050.5 新开源
300117 4.28 659841.38 嘉寓股份
300141 10.81 181345.05 和顺电气
300223 92.6 113133.24 北京君正
300311 7.06 468966.69 任子行
300332 13.76 305037.53 天壕环境
300344 4.64 185930.19 立方数科
300354 36.68 13722.0 东华测试
300373 66.6 199560.34 扬杰科技
300384 19.59 74289.92 三联虹普
300444 6.04 581425.62 双杰电气
300458 27.6 438656.91 全志科技
300473 21.52 75566.97 德尔股份
300480 17.15 55941.5 光力科技
300491 16.38 180715.05 通合科技
300531 14.04 117555.51 优博讯
300545 18.02 45474.0 联得装备
300550 13.23 47811.1 和仁科技
300571 47.49 94223.94 平治信息
300647 11.7 209695.0 超频三
300706 26.23 145755.77 阿石创
300709 30.09 85623.39 精研科技
300725 99.12 25435.53 药石科技
300745 49.5 66000.27 欣锐科技
300751 488.29 20121.47 迈为股份
300782 106.98 84275.75 卓胜微
300814 19.78 64989.43 中富电路
300857 20.39 24949.0 协创数据
300895 30.9 78193.84 铜牛信息
300964 31.67 10348.97 本川智能
301099 92.81 20854.02 雅创电子
301155 116.02 86873.77 海力风电
301159 30.91 14716.0 三维天地
301182 25.95 45014.66 凯旺科技
600026 11.54 783451.25 中远海能
600055 23.41 151728.23 万东医疗
600185 5.9 470056.06 格力地产
600207 7.11 219830.0 安彩高科
600238 13.78 272910.75 海南椰岛
600249 5.17 240595.69 两面针
600315 34.95 100523.24 上海家化
600353 9.4 117512.16 旭光电子
600480 9.53 287301.12 凌云股份
600593 14.23 33476.4 大连圣亚
600630 6.85 542172.12 龙头股份
600699 20.6 794190.44 均胜电子
600731 8.53 431975.97 湖南海利
600732 33.23 375347.38 爱旭股份
600736 5.48 551584.25 苏州高新
600833 10.93 125609.61 第一医药
600864 5.03 285260.47 哈投股份
600876 23.31 126499.65 洛阳玻璃
600880 6.05 509134.59 博瑞传播
600882 41.45 62480.81 妙可蓝多
600903 7.93 175551.56 贵州燃气
