000014 10.1 168023.12 沙河股份
000034 14.42 123997.37 神州数码
000498 8.57 322264.19 山东路桥
000713 9.99 847326.75 丰乐种业
000716 3.47 1020655.38 黑芝麻
000797 3.22 1471677.88 中国武夷
000876 16.84 914664.62 新希望
002030 18.82 448221.44 达安基因
002100 12.73 357535.0 天康生物
002274 11.53 429977.12 华昌化工
002506 3.55 1184327.25 协鑫集成
002530 9.03 935928.06 金财互联
002567 11.07 516372.16 唐人神
002589 4.32 820297.44 瑞康医药
002661 11.91 144682.0 克明食品
002696 6.46 169633.08 百洋股份
002726 9.73 222696.59 龙大美食
002737 16.09 188854.48 葵花药业
002749 9.43 28909.16 国光股份
002795 12.39 101267.27 永和智控
002960 39.5 29559.2 青鸟消防
002966 6.94 268076.84 苏州银行
002968 34.48 13732.88 新大正
002987 37.44 112723.75 京北方
002999 8.74 400369.41 天禾股份
300004 7.0 144783.89 南风股份
300039 9.27 1372135.0 上海凯宝
300087 26.0 244742.08 荃银高科
300147 8.15 631652.38 香雪制药
300213 6.67 313804.0 佳讯飞鸿
300244 29.03 142514.69 迪安诊断
300406 18.5 136747.44 九强生物
300439 17.14 209200.0 美康生物
300485 16.44 246641.81 赛升药业
300546 36.96 209569.66 雄帝科技
300548 26.56 32208.6 博创科技
300610 16.55 100016.29 晨化股份
300615 11.76 48280.01 欣天科技
300887 67.77 32103.87 谱尼测试
300929 26.85 56498.93 华骐环保
300942 32.28 88832.57 易瑞生物
301019 36.98 16945.83 宁波色母
301075 37.85 32608.0 多瑞医药
600063 5.98 1611055.0 皖维高新
600085 45.95 277410.34 同仁堂
600128 9.07 341369.34 弘业股份
600227 3.71 1015292.5 圣济堂
600249 6.29 477250.03 两面针
600283 12.64 60706.59 钱江水利
600301 17.19 28533.6 南化股份
600328 16.14 177086.16 中盐化工
600331 3.24 713886.12 宏达股份
600348 12.14 382274.66 华阳股份
600370 2.88 230951.5 三房巷
600395 8.66 403877.84 盘江股份
600426 33.0 214920.73 华鲁恒升
600546 14.16 614894.44 山煤国际
600582 4.96 791442.0 天地科技
600596 28.59 546175.81 新安股份
600618 12.1 162673.16 氯碱化工
600661 10.27 148305.56 昂立教育
600749 14.41 248611.11 西藏旅游
600771 37.1 360404.31 广誉远
600798 4.69 854494.75 宁波海运
600811 3.43 1382917.38 东方集团
600971 7.82 242840.05 恒源煤电
600985 15.13 321341.06 淮北矿业
