000019 7.51 94669.68 深粮控股
000023 13.7 49055.0 深天地A
000430 6.63 269766.81 张家界
000524 9.56 138471.69 岭南控股
000592 2.83 1309893.5 平潭发展
000607 4.99 762889.25 华媒控股
000617 6.03 2677160.5 中油资本
000666 8.69 139105.02 经纬纺机
000679 5.0 60398.42 大连友谊
000697 7.81 153506.19 炼石航空
000716 4.78 957155.5 黑芝麻
000723 9.87 631272.62 美锦能源
000759 5.26 335844.62 中百集团
000802 4.25 127362.23 北京文化
000863 4.93 2097669.5 三湘印象
000905 7.63 204689.62 厦门港务
000928 6.46 434855.47 中钢国际
000930 8.71 259709.45 中粮科技
000978 6.85 196427.0 桂林旅游
000980 6.19 1657877.88 众泰汽车
002059 6.36 190035.0 云南旅游
002066 13.78 424507.19 瑞泰科技
002080 23.24 257321.56 中材科技
002151 29.61 74911.41 北斗星通
002243 8.75 283029.06 力合科创
002251 5.95 365787.97 步步高
002269 1.82 694089.25 美邦服饰
002343 5.48 182656.31 慈文传媒
002419 5.54 141482.14 天虹股份
002421 3.4 574842.06 达实智能
002436 12.43 735131.5 兴森科技
002471 2.99 548478.81 中超控股
002561 8.39 194250.42 徐家汇
002682 4.55 202973.56 龙洲股份
002686 6.54 258143.0 亿利达
002739 12.3 381333.84 万达电影
002761 24.03 502601.62 浙江建投
002847 108.4 13612.03 盐津铺子
002849 18.79 44452.0 威星智能
002928 11.95 105147.75 华夏航空
002960 31.67 77765.58 青鸟消防
300144 13.19 377773.0 宋城演艺
300510 5.53 328913.09 金冠股份
300767 49.0 21850.89 震安科技
300788 22.74 116277.9 中信出版
301052 26.1 61243.55 果麦文化
301091 27.99 173796.12 深城交
301102 29.92 12427.55 兆讯传媒
301109 16.59 60676.7 军信股份
301113 30.34 25695.26 雅艺科技
301175 7.13 734636.0 中科环保
301211 25.54 129653.85 亨迪药业
600004 13.88 294746.28 白云机场
600009 53.4 211085.66 上海机场
600054 11.14 100369.24 黄山旅游
600088 10.25 328686.38 中视传媒
600197 23.22 146747.61 伊力特
600199 26.87 271471.72 金种子酒
600258 22.39 138493.69 首旅酒店
600318 7.43 358712.38 新力金融
600328 16.49 530880.56 中盐化工
600358 6.23 95288.93 国旅联合
600379 12.57 278137.97 宝光股份
600398 4.78 525980.25 海澜之家
600693 4.04 124410.43 东百集团
600795 4.68 2098458.75 国电电力
600818 33.8 34557.79 中路股份
600977 12.25 294438.41 中国电影
600982 4.64 205279.36 宁波能源
