000416 4.0 808520.19 民生控股 4.17
000666 9.0 347707.72 经纬纺机 0.11
000957 17.66 2035813.25 中通客车 5.43
002157 6.1 1349892.62 正邦科技 5.35
002166 9.63 464812.09 莱茵生物 0.31
002222 16.24 270876.12 福晶科技 1.44
002242 17.11 137258.0 九阳股份 0.65
002568 39.03 106560.43 百润股份 2.33
002690 20.62 56255.24 美亚光电 4.04
002797 6.62 3208782.0 第一创业 2.32
002851 24.81 174965.64 麦格米特 3.76
300368 7.5 218655.59 汇金股份 2.74
300399 11.1 96158.4 天利科技 2.3
300561 11.09 231280.28 汇金科技 3.26
300761 39.4 55699.59 立华股份 4.93
300871 22.5 44466.66 回盛生物 2.37
600418 13.95 3688022.0 江淮汽车 4.73
600446 11.45 712772.25 金证股份 7.31
600517 5.52 587833.44 国网英大 1.84
600706 10.94 318523.12 曲江文旅 4.69
600739 15.51 240082.41 辽宁成大 3.06
600909 4.92 1804214.75 华安证券 2.29
