000751 4.07 777203.06 锌业股份 3.3
000937 7.95 1465319.38 冀中能源 6.28
002176 19.96 931232.19 江特电机 4.07
002695 12.84 145847.77 煌上煌 5.25
300016 8.88 253260.38 北陆药业 6.86
300257 14.9 55531.64 开山股份 3.19
300931 9.7 85587.44 通用电梯 4.53
301127 13.16 82536.63 天源环保 2.41
600121 4.52 483045.12 郑州煤电 4.63
600328 20.13 572103.06 中盐化工 6.39
600343 9.88 137885.98 航天动力 1.86
600497 6.0 2961170.25 驰宏锌锗 4.17
600508 11.0 188745.2 上海能源 4.17
600645 23.68 129942.33 中源协和 4.73
600650 11.3 183861.16 锦江在线 3.01
600758 4.33 530931.06 辽宁能源 3.59
600782 6.55 1405906.25 新钢股份 4.47
600792 4.75 641300.12 云煤能源 2.81
600855 12.19 126813.33 航天长峰 2.27
600997 9.06 775433.06 开滦股份 6.97
