000026 10.49 56455.0 飞亚达
000029 10.7 195534.58 深深房A
000063 25.12 632710.19 中兴通讯
000066 12.51 3219847.0 中国长城
000400 21.97 440928.28 许继电气
000403 21.05 170136.34 派林生物
000510 6.66 278694.62 新金路
000615 6.35 313143.75 奥园美谷
000623 15.9 240685.92 吉林敖东
000650 7.26 1654599.0 仁和药业
000710 14.09 111892.74 贝瑞基因
000756 25.26 749880.81 新华制药
000766 6.14 533627.94 通化金马
000915 49.38 48824.52 华特达因
000938 19.37 488979.59 紫光股份
000955 4.92 220440.98 欣龙控股
002019 13.58 263768.59 亿帆医药
002028 39.0 87097.74 思源电气
002030 18.44 516167.03 达安基因
002045 14.31 554937.19 国光电器
002090 12.73 221037.22 金智科技
002162 4.48 421610.62 悦心健康
002178 4.94 905272.5 延华智能
002184 11.89 176637.12 海得控制
002252 5.79 1210113.0 上海莱士
002286 9.49 137085.16 保龄宝
002306 4.72 232302.88 中科云网
002315 15.41 113082.85 焦点科技
002349 15.42 930299.75 精华制药
002401 11.51 127817.23 中远海科
002435 5.1 459726.16 长江健康
002463 13.32 742294.19 沪电股份
002487 45.88 264896.94 大金重工
002501 2.22 487783.69 利源精制
002544 19.69 90681.85 普天科技
002558 8.76 739982.06 巨人网络
002559 8.87 522633.75 亚威股份
002565 4.54 929173.94 顺灏股份
002566 9.62 345554.72 益盛药业
002612 23.6 288829.44 朗姿股份
002622 4.48 525372.0 皓宸医疗
002643 16.65 260489.23 万润股份
002644 12.09 304141.25 佛慈制药
002659 4.95 472836.0 凯文教育
002686 6.43 465819.53 亿利达
002698 16.03 132462.94 博实股份
002773 17.5 185878.59 康弘药业
002808 8.49 351204.19 恒久科技
002828 9.57 400326.88 贝肯能源
002864 46.79 160026.75 盘龙药业
002880 29.23 27837.97 卫光生物
002900 15.98 226598.0 哈三联
002950 12.93 103662.93 奥美医疗
300002 4.82 1200982.75 神州泰岳
300018 7.22 267482.69 中元股份
300026 7.26 1635401.62 红日药业
300031 17.4 388381.91 宝通科技
300039 7.1 1102230.12 上海凯宝
300054 21.73 254920.28 鼎龙股份
300092 14.74 101305.5 科新机电
300093 45.23 72338.73 金刚光伏
300114 11.09 134669.52 中航电测
300147 7.25 1090063.0 香雪制药
300204 15.26 353731.88 舒泰神
300233 27.25 207964.62 金城医药
300261 12.88 682159.06 雅本化学
300265 8.99 100506.89 通光线缆
300300 4.38 256066.77 海峡创新
300412 7.16 449040.09 迦南科技
300439 13.65 230442.8 美康生物
300442 46.81 22780.62 润泽科技
300451 8.81 500662.41 创业慧康
300453 9.8 149968.73 三鑫医疗
300463 20.31 244866.41 迈克生物
300485 13.23 166260.19 赛升药业
300519 18.78 120475.02 新光药业
300533 28.6 105615.93 冰川网络
300548 22.19 97134.12 博创科技
300584 32.68 82130.93 海辰药业
300601 37.94 212526.62 康泰生物
300630 28.81 104100.36 普利制药
300640 6.9 207657.0 德艺文创
300643 16.93 125313.53 万通智控
300658 9.77 63060.5 延江股份
300747 29.53 94045.28 锐科激光
300751 464.18 19482.36 迈为股份
300779 20.34 48124.62 惠城环保
300802 22.17 60410.78 矩子科技
300831 16.5 250439.8 派瑞股份
300925 12.77 383521.91 法本信息
300929 12.99 83745.07 华骐环保
300952 17.96 39816.93 恒辉安防
300962 17.21 39063.0 中金辐照
300966 28.68 66540.46 共同药业
301053 24.03 23661.76 远信工业
301078 11.47 250254.31 孩子王
301087 42.54 81886.7 可孚医疗
301088 17.83 59770.38 戎美股份
301093 29.05 48844.3 华兰股份
301130 36.7 43534.8 西点药业
301155 95.98 44155.97 海力风电
301207 54.4 57613.57 华兰疫苗
301211 28.18 208166.59 亨迪药业
301220 38.42 16118.04 亚香股份
600050 3.78 4206501.0 中国联通
600249 5.46 292801.91 两面针
600312 8.94 392347.03 平高电气
600373 9.36 259774.47 中文传媒
600452 14.36 166919.27 涪陵电力
600479 11.15 250708.98 千金药业
600491 6.61 354512.97 龙元建设
600513 10.92 200826.8 联环药业
600521 21.84 246041.23 华海药业
600535 12.96 811119.5 天士力
600572 4.73 701168.5 康恩贝
600789 7.05 420746.34 鲁抗医药
600881 2.68 805774.62 亚泰集团
600996 11.08 574513.19 贵广网络
