000008 2.32 332486.28 神州高铁
000009 9.55 668704.19 中国宝安
000049 31.96 55803.5 德赛电池
000055 4.12 94279.0 方大集团
000065 7.77 219551.84 北方国际
000090 7.0 783775.75 天健集团
000155 17.58 367344.69 川能动力
000301 12.96 433327.41 东方盛虹
000400 16.51 366921.47 许继电气
000407 3.62 153010.0 胜利股份
000416 3.86 597531.0 民生控股
000428 3.33 606638.56 华天酒店
000498 10.79 1020307.25 山东路桥
000505 9.51 608843.5 京粮控股
000509 3.47 88169.0 华塑控股
000524 9.12 327559.47 岭南控股
000529 6.04 73010.5 广弘控股
000531 8.48 72333.64 穗恒运A
000537 10.8 300595.97 广宇发展
000543 4.0 485951.28 皖能电力
000553 10.56 226867.2 安道麦A
000582 7.84 547225.06 北部湾港
000591 6.92 762005.94 太阳能
000600 4.24 171272.09 建投能源
000605 5.68 79223.6 渤海股份
000619 5.7 124361.0 海螺新材
000636 16.42 130649.29 风华高科
000668 11.9 24088.68 荣丰控股
000671 2.63 5260865.5 阳光城
000679 4.24 130951.01 大连友谊
000713 8.97 727460.25 丰乐种业
000721 4.0 264960.5 西安饮食
000723 10.4 905209.25 美锦能源
000751 3.09 195695.92 锌业股份
000753 3.37 181847.52 漳州发展
000755 4.07 125923.3 山西路桥
000776 15.49 690242.19 广发证券
000778 4.92 1208393.12 新兴铸管
000797 3.69 2191246.75 中国武夷
000803 13.23 46869.0 山高环能
000819 9.96 56399.24 岳阳兴长
000831 25.92 645364.19 中国稀土
000856 7.61 108694.42 冀东装备
000859 5.63 135046.98 国风新材
000862 6.55 248297.08 银星能源
000899 5.24 220668.12 赣能股份
000908 3.52 163012.0 景峰医药
000911 9.48 175077.0 南宁糖业
000920 7.61 52039.01 沃顿科技
000925 7.05 97345.36 众合科技
000928 5.99 160620.48 中钢国际
000930 8.51 285763.69 中粮科技
000948 10.75 98636.64 南天信息
000966 4.98 189733.78 长源电力
000978 5.35 159091.91 桂林旅游
000999 41.49 128998.54 华润三九
002009 15.07 73087.1 天奇股份
002017 9.84 106260.6 东信和平
002026 9.52 162844.0 山东威达
002033 6.09 106801.74 丽江股份
002034 19.84 51572.94 旺能环境
002036 11.63 235098.44 联创电子
002037 9.51 445622.84 保利联合
002045 7.78 54199.01 国光电器
002046 10.17 70820.69 国机精工
002047 3.06 300600.12 宝鹰股份
002060 7.75 1984432.12 粤水电
002061 7.56 1756619.5 浙江交科
002068 8.61 100482.52 黑猫股份
002074 29.0 359929.03 国轩高科
002079 9.09 152262.22 苏州固锝
002096 11.42 76327.27 南岭民爆
002108 4.69 254520.42 沧州明珠
002116 8.67 194603.98 中国海诚
002132 4.63 224287.38 恒星科技
002135 9.19 291696.62 东南网架
002140 9.21 108245.0 东华科技
002149 10.63 93292.31 西部材料
002154 4.06 277228.0 报喜鸟
002156 13.31 180689.98 通富微电
002162 4.61 410737.91 悦心健康
002164 4.83 56785.09 宁波东力
002172 3.46 123775.0 澳洋健康
002182 17.5 165321.08 云海金属
002184 9.38 45973.16 海得控制
002187 9.62 263659.25 广百股份
002202 11.55 576339.81 金风科技
002209 6.46 21044.0 达意隆
002214 11.11 54921.45 大立科技
002227 12.64 77929.05 奥特迅
002240 45.09 298509.34 盛新锂能
002254 14.0 84799.0 泰和新材
002255 4.46 147197.02 海陆重工
002256 2.52 358796.0 兆新股份
002266 4.36 290019.88 浙富控股
002270 6.41 157040.59 华明装备
002273 9.78 270904.91 水晶光电
002276 6.69 143703.7 万马股份
002282 8.02 76114.02 博深股份
002283 5.55 100905.08 天润工业
002284 6.27 96651.41 亚太股份
002288 4.82 143308.88 超华科技
002289 5.19 31072.5 宇顺电子
002296 5.98 36927.15 辉煌科技
002297 6.68 88186.03 博云新材
002300 6.6 108333.04 太阳电缆
002305 2.9 2651432.25 南国置业
002314 4.44 954772.81 南山控股
002327 8.29 81835.27 富安娜
002334 4.89 192739.0 英威腾
002335 20.7 79240.44 科华数据
002338 16.17 27303.89 奥普光电
002362 12.37 30192.0 汉王科技
002374 4.02 664362.0 中锐股份
002375 5.48 594315.38 亚厦股份
002396 22.3 168386.95 星网锐捷
002402 13.95 233154.05 和而泰
002419 7.15 539615.5 天虹股份
002436 8.83 195889.8 兴森科技
002438 12.14 78876.02 江苏神通
002443 8.95 925880.62 金洲管道
002455 8.89 125490.02 百川股份
002457 9.65 422345.09 青龙管业
002483 5.43 179385.2 润邦股份
002490 3.61 83542.0 山东墨龙
002496 2.83 121322.93 辉丰股份
002497 26.32 334065.91 雅化集团
002500 5.16 419294.12 山西证券
002506 2.88 898815.5 协鑫集成
002516 4.11 110359.0 旷达科技
002520 5.35 129828.0 日发精机
002528 3.11 199454.44 英飞拓
002529 12.32 78001.0 海源复材
002530 6.69 314992.0 金财互联
002537 7.88 939251.44 海联金汇
002542 2.88 523475.97 中化岩土
002549 14.79 69776.53 凯美特气
002576 9.56 52011.13 通达动力
002580 6.6 59552.54 圣阳股份
002585 13.6 244232.41 双星新材
002587 4.04 168490.5 奥拓电子
002598 7.5 41738.01 山东章鼓
002606 7.53 111254.0 大连电瓷
002610 3.05 2236536.75 爱康科技
002617 8.23 389047.47 露笑科技
002622 2.97 130808.0 皓宸医疗
002628 4.09 1007834.62 成都路桥
002636 7.84 78489.4 金安国纪
002646 17.74 180583.59 天佑德酒
002652 2.6 104950.6 扬子新材
002655 9.22 152638.28 共达电声
002657 13.59 341801.31 中科金财
002669 10.47 56271.31 康达新材
002682 3.97 222305.0 龙洲股份
002689 2.98 168107.2 远大智能
002694 5.08 235692.66 顾地科技
002721 2.99 139236.94 金一文化
002733 11.6 39194.53 雄韬股份
002735 24.25 20056.39 王子新材
002743 5.76 109028.89 富煌钢构
002747 15.33 86913.42 埃斯顿
002748 11.12 50669.0 世龙实业
002749 10.22 42118.02 国光股份
002757 12.53 82271.86 南兴股份
002765 6.01 62893.03 蓝黛科技
002773 14.5 70155.08 康弘药业
002775 4.0 225637.38 文科园林
002785 25.97 65686.41 万里石
002790 6.09 52133.4 瑞尔特
002795 10.46 27616.25 永和智控
002805 26.48 42817.0 丰元股份
002811 8.08 28422.0 郑中设计
002818 12.87 58817.47 富森美
002822 5.33 469399.09 中装建设
002827 8.92 38989.0 高争民爆
002830 10.52 40757.86 名雕股份
002833 19.85 21663.46 弘亚数控
002850 129.15 28012.64 科达利
002862 10.38 9477.5 实丰文化
002865 77.46 20689.23 钧达股份
002885 14.62 80028.25 京泉华
002892 14.48 19631.2 科力尔
002898 12.08 153093.2 赛隆药业
002902 9.58 35118.76 铭普光磁
002908 14.91 60417.0 德生科技
002915 22.31 111176.68 中欣氟材
002917 8.62 40006.8 金奥博
002922 12.5 78566.7 伊戈尔
002935 24.39 34154.45 天奥电子
002941 18.84 656371.75 新疆交建
002949 13.54 28159.0 华阳国际
002953 12.25 25204.93 日丰股份
002963 11.62 8815.0 豪尔赛
002965 21.33 8656.0 祥鑫科技
002967 16.04 42705.12 广电计量
002971 19.0 14405.0 和远气体
002977 50.9 5968.3 天箭科技
002979 15.85 23490.51 雷赛智能
002982 35.83 20891.78 湘佳股份
002989 17.49 31328.49 中天精装
002997 12.77 30703.0 瑞鹄模具
300001 13.72 145013.23 特锐德
300007 15.17 72858.74 汉威科技
300009 9.43 226411.69 安科生物
300011 5.59 105701.56 鼎汉技术
300017 5.03 372185.09 网宿科技
300021 5.22 308556.56 大禹节水
300034 35.6 147202.12 钢研高纳
300040 6.36 88594.75 九洲集团
300044 2.84 185004.05 赛为智能
300046 14.28 44198.16 台基股份
300054 17.76 118980.4 鼎龙股份
300062 10.25 201462.84 中能电气
300065 11.13 193588.7 海兰信
300070 4.82 622975.75 碧水源
300077 15.54 286701.53 国民技术
300081 8.79 167414.2 恒信东方
300087 16.35 232092.52 荃银高科
300088 6.07 615382.75 长信科技
300092 9.13 33233.0 科新机电
300093 31.96 58688.6 金刚光伏
300095 10.3 51790.01 华伍股份
300100 8.92 153476.95 双林股份
300101 16.55 127144.63 振芯科技
300112 8.6 45727.12 万讯自控
300125 16.48 53951.22 聆达股份
300127 16.37 72592.2 银河磁体
300131 4.43 168102.8 英唐智控
300139 8.02 65278.89 晓程科技
300151 16.69 86229.5 昌红科技
300160 7.1 117228.96 秀强股份
300161 18.35 69289.86 华中数控
300163 3.33 176627.0 先锋新材
300176 4.75 45515.11 派生科技
300177 7.15 181359.72 中海达
300183 11.87 32934.0 东软载波
300184 4.78 174735.28 力源信息
300185 2.55 451087.69 通裕重工
300189 4.74 740716.62 神农科技
300192 5.48 50560.0 科德教育
300197 2.41 448467.28 节能铁汉
300207 23.68 520372.97 欣旺达
300210 3.21 75059.0 森远股份
300213 5.25 96225.0 佳讯飞鸿
300217 3.98 403111.44 东方电热
300219 7.26 118050.51 鸿利智汇
300223 74.84 93394.6 北京君正
300225 6.47 83813.5 金力泰
300234 6.05 99316.0 开尔新材
300236 27.88 32789.67 上海新阳
300239 7.39 500132.0 东宝生物
300241 4.92 68544.02 瑞丰光电
300248 9.25 134799.62 新开普
300250 12.15 133529.52 初灵信息
300253 8.46 349526.81 卫宁健康
300261 15.54 1186687.5 雅本化学
300263 7.0 117992.42 隆华科技
300264 5.37 144281.0 佳创视讯
300274 67.36 413315.59 阳光电源
300275 12.45 71144.0 梅安森
300279 5.3 130432.03 和晶科技
300286 18.95 17888.04 安科瑞
300287 3.83 342578.88 飞利信
300296 6.14 444166.47 利亚德
300305 11.08 25002.0 裕兴股份
300306 11.39 243940.56 远方信息
300317 5.05 115539.5 珈伟新能
300319 7.53 154448.02 麦捷科技
300322 8.12 115485.2 硕贝德
300351 9.23 46085.98 永贵电器
300359 4.6 128093.5 全通教育
300360 8.25 130270.26 炬华科技
300363 73.12 77997.8 博腾股份
300376 6.58 286659.53 易事特
300384 17.23 27030.85 三联虹普
300386 10.15 48217.5 飞天诚信
300389 8.77 37775.0 艾比森
300393 15.81 563518.25 中来股份
300398 23.02 120577.5 飞凯材料
300399 9.77 36862.3 天利科技
300401 13.27 75401.23 花园生物
300412 12.77 150089.75 迦南科技
300416 28.24 51748.37 苏试试验
300421 8.35 52405.0 力星股份
300422 5.97 58425.12 博世科
300425 4.41 81952.83 中建环能
300430 9.43 43704.36 诚益通
300432 21.03 312578.59 富临精工
300440 6.07 64392.93 运达科技
300451 6.37 369028.97 创业慧康
300456 13.68 118517.19 赛微电子
300460 10.84 56389.46 惠伦晶体
300462 8.65 18329.0 华铭智能
300467 11.17 41096.0 迅游科技
300468 16.28 95431.53 四方精创
300469 13.27 27863.59 信息发展
300471 13.69 80221.78 厚普股份
300479 18.58 129017.45 神思电子
300488 22.3 37003.85 恒锋工具
300489 14.45 17519.5 光智科技
300490 10.84 96556.36 华自科技
300499 8.72 130484.55 高澜股份
300502 24.8 122510.72 新易盛
300503 8.47 45047.24 昊志机电
300507 10.26 322657.0 苏奥传感
300514 9.19 30025.6 友讯达
300517 11.75 32345.6 海波重科
300528 5.79 123747.27 幸福蓝海
300532 13.45 280398.5 今天国际
300539 7.11 14845.0 横河精密
300546 27.42 146253.73 雄帝科技
300548 24.03 19547.0 博创科技
300555 7.35 24399.0 路通视信
300571 39.03 13076.0 平治信息
300582 12.37 77323.25 英飞特
300587 14.45 54474.46 天铁股份
300590 16.52 75844.39 移为通信
300593 49.25 33668.34 新雷能
300594 15.58 13760.0 朗进科技
300595 37.28 117518.72 欧普康视
300604 33.68 115161.48 长川科技
300605 12.8 110761.57 恒锋信息
300607 10.35 43736.95 拓斯达
300613 110.41 20539.78 富瀚微
300618 51.7 36109.06 寒锐钴业
300621 8.65 80019.65 维业股份
300623 19.14 97144.56 捷捷微电
300631 25.8 21804.63 久吾高科
300655 24.98 76727.59 晶瑞电材
300665 7.66 52707.21 飞鹿股份
300668 16.79 8662.5 杰恩设计
300671 58.68 82579.56 富满微
300672 62.2 54775.57 国科微
300675 17.04 103947.78 建科院
300679 28.68 36160.48 电连技术
300681 68.99 10052.8 英搏尔
300684 11.87 31055.57 中石科技
300688 14.88 102311.48 创业黑马
300690 14.46 28222.5 双一科技
300692 7.01 88184.02 中环环保
300693 19.32 60060.78 盛弘股份
300700 19.34 56822.51 岱勒新材
300706 18.85 19952.0 阿石创
300707 12.22 43430.0 威唐工业
300708 10.56 105209.8 聚灿光电
300712 35.35 53709.53 永福股份
300713 12.32 14087.01 英可瑞
300724 62.44 96834.83 捷佳伟创
300726 54.47 31982.15 宏达电子
300733 20.23 16425.25 西菱动力
300737 11.12 221908.64 科顺股份
300745 28.55 36990.0 欣锐科技
300751 338.98 16523.14 迈为股份
300753 13.31 17389.52 爱朋医疗
300766 11.41 128805.94 每日互动
300767 54.0 19908.28 震安科技
300780 15.07 60283.06 德恩精工
300793 14.48 44766.6 佳禾智能
300808 10.56 15585.06 久量股份
300812 14.15 10057.8 易天股份
300817 15.55 7653.08 双飞股份
300820 79.9 17190.31 英杰电气
300825 18.45 42181.34 阿尔特
300826 16.21 18192.4 测绘股份
300831 11.3 54127.37 派瑞股份
300836 27.72 4870.97 佰奥智能
300842 36.92 20489.43 帝科股份
300852 30.26 7786.4 四会富仕
300855 52.4 22391.17 图南股份
300859 18.76 19994.0 西域旅游
300873 24.89 40660.24 海晨股份
300883 7.35 367274.56 龙利得
300894 33.3 30202.88 火星人
300909 38.6 8976.72 汇创达
300912 15.5 17918.12 凯龙高科
300917 34.38 90993.89 特发服务
300920 20.31 6963.0 润阳科技
300926 20.05 47424.95 博俊科技
300929 14.1 87761.82 华骐环保
300931 7.71 60081.59 通用电梯
300939 44.58 16167.03 秋田微
300941 29.07 26937.81 创识科技
300943 20.82 25670.14 春晖智控
300947 35.19 40235.52 德必集团
300950 23.2 7060.72 德固特
300955 23.48 5389.45 嘉亨家化
300956 16.8 30975.69 英力股份
300960 17.74 7553.69 通业科技
300961 13.1 33894.68 深水海纳
300962 14.48 38519.5 中金辐照
300965 45.56 3094.0 恒宇信通
300971 22.89 9385.7 博亚精工
300977 35.8 12789.5 深圳瑞捷
300979 76.38 18295.14 华利集团
300982 41.24 27834.02 苏文电能
300983 58.85 6098.74 尤安设计
300989 51.39 53194.82 蕾奥规划
300991 21.93 11955.89 创益通
300992 21.06 27072.31 泰福泵业
300998 27.2 33809.04 宁波方正
301002 30.51 15217.54 崧盛股份
301004 21.36 36660.99 嘉益股份
301013 20.24 54552.46 利和兴
301023 58.89 2163.07 江南奕帆
301026 35.7 5670.36 浩通科技
301032 8.78 15665.43 新柴股份
301040 24.03 17122.85 中环海陆
301041 18.3 11388.97 金百泽
301046 30.62 25170.34 能辉科技
301047 118.3 9129.69 义翘神州
301048 10.39 54499.36 金鹰重工
301053 22.71 5489.4 远信工业
301056 8.41 29419.34 森赫股份
301057 21.32 21305.2 汇隆新材
301063 25.48 17706.16 海锅股份
301076 29.18 7416.0 新瀚新材
301079 24.0 14737.74 邵阳液压
301082 17.5 15933.84 久盛电气
301101 34.88 20858.36 明月镜片
301106 30.41 11104.45 骏成科技
301109 27.8 85913.63 军信股份
301116 21.32 91863.06 益客食品
301118 41.38 21513.03 恒光股份
301120 17.55 313609.84 新特电气
301123 24.67 52971.37 奕东电子
301137 17.57 85519.56 哈焊华通
301149 12.5 59335.19 隆华新材
301150 108.0 18602.64 中一科技
301155 57.21 44724.44 海力风电
301168 31.2 24853.68 通灵股份
301169 36.71 17771.9 零点有数
301178 45.61 9616.05 天亿马
301179 35.07 19411.53 泽宇智能
301180 17.61 13429.64 万祥科技
301182 22.58 9681.44 凯旺科技
301186 29.65 10842.05 超达装备
301190 23.5 25736.56 善水科技
301199 19.84 11816.73 迈赫股份
301215 6.18 201471.23 中汽股份
301221 44.75 13247.95 光庭信息
301222 30.62 30979.15 浙江恒威
301229 32.96 31495.55 纽泰格
301248 33.41 76233.73 杰创智能
301263 25.59 128391.94 泰恩康
301268 21.67 80326.18 铭利达
301279 27.22 57736.97 金道科技
600007 15.92 162765.47 中国国贸
600027 3.8 817932.19 华电国际
600032 12.29 122424.92 浙江新能
600035 3.23 205701.56 楚天高速
600051 6.54 134607.0 宁波联合
600054 9.43 83359.52 黄山旅游
600059 9.64 260775.39 古越龙山
600077 4.27 1577893.75 宋都股份
600082 3.79 834654.06 海泰发展
600095 6.56 144040.16 湘财股份
600110 9.02 431093.41 诺德股份
600129 18.56 121028.03 太极集团
600133 6.01 813437.38 东湖高新
600171 16.24 220208.66 上海贝岭
600184 12.11 63397.85 光电股份
600192 4.36 98054.0 长城电工
600197 23.99 119799.19 伊力特
600198 6.7 166500.02 大唐电信
600210 4.83 247336.89 紫江企业
600211 38.29 37849.84 西藏药业
600222 5.83 146486.31 太龙药业
600223 8.51 122706.32 鲁商发展
600237 6.21 124510.51 铜峰电子
600238 12.39 198357.5 海南椰岛
600268 7.33 143497.69 国电南自
600277 4.7 1106537.75 亿利洁能
600279 4.07 141828.52 重庆港
600284 7.58 767546.0 浦东建设
600310 3.81 283482.41 桂东电力
600312 6.74 153470.05 平高电气
600318 7.56 776020.5 新力金融
600326 5.73 168570.02 西藏天路
600330 8.77 168967.8 天通股份
600353 6.73 85394.59 旭光电子
600354 5.94 379089.56 敦煌种业
600358 5.67 214559.0 国旅联合
600360 6.33 156994.67 华微电子
600363 18.51 67779.6 联创光电
600371 15.91 335789.56 万向德农
600379 9.47 47973.26 宝光股份
600396 2.88 453019.62 金山股份
600399 15.21 609785.19 抚顺特钢
600403 5.18 278945.47 大有能源
600405 4.78 82465.7 动力源
600425 4.23 896300.81 青松建化
600444 12.27 57569.0 国机通用
600456 51.05 90858.89 宝钛股份
600458 8.47 110680.39 时代新材
600460 42.75 378793.5 士兰微
600477 3.52 384257.78 杭萧钢构
600496 4.58 663095.62 精工钢构
600499 14.62 339385.81 科达制造
600505 7.6 110093.01 西昌电力
600510 9.97 1106212.62 黑牡丹
600512 3.43 1720184.88 腾达建设
600520 7.94 31773.0 文一科技
600529 22.18 93258.66 山东药玻
600533 4.01 911271.62 栖霞建设
600572 4.75 494055.16 康恩贝
600577 4.32 293449.78 精达股份
600580 11.47 131506.83 卧龙电驱
600584 23.5 320065.09 长电科技
600586 5.85 159897.02 金晶科技
600602 6.89 401034.75 云赛智联
600603 4.17 587509.69 广汇物流
600604 5.35 208695.16 市北高新
600616 6.49 147327.95 金枫酒业
600622 4.37 1470489.88 光大嘉宝
600639 14.97 169796.55 浦东金桥
600644 5.97 88677.06 乐山电力
600647 15.36 36436.0 同达创业
600661 8.33 140719.31 昂立教育
600668 14.7 277103.78 尖峰集团
600678 5.77 317439.78 四川金顶
600684 3.38 307431.62 珠江股份
600693 4.51 616759.0 东百集团
600703 18.64 554364.31 三安光电
600706 10.65 243560.92 曲江文旅
600716 5.06 150347.89 凤凰股份
600718 9.13 246216.44 东软集团
600725 3.47 147465.41 云维股份
600728 6.21 223829.3 佳都科技
600749 10.4 85595.99 西藏旅游
600753 11.66 53574.2 东方银星
600768 8.04 22412.01 宁波富邦
600770 8.89 1280605.0 综艺股份
600785 15.75 146355.84 新华百货
600797 5.47 247701.06 浙大网新
600802 6.25 171588.59 福建水泥
600819 4.86 134215.0 耀皮玻璃
600820 6.05 1282657.25 隧道股份
600821 5.77 495094.59 金开新能
600822 8.28 169856.22 上海物贸
600827 11.36 204695.8 百联股份
600836 5.9 84498.02 上海易连
600838 8.92 872499.81 上海九百
600846 7.64 71517.67 同济科技
600847 13.24 15809.0 万里股份
600850 22.8 49208.63 电科数字
600855 10.3 54154.43 航天长峰
600862 23.62 182089.31 中航高科
600874 6.78 233178.2 创业环保
600875 12.88 488859.97 东方电气
600905 5.88 2298261.0 三峡能源
600933 11.66 142360.05 爱柯迪
600956 11.34 52686.0 新天绿能
600970 8.27 187717.95 中材国际
600989 14.52 251502.48 宝丰能源
600996 7.36 376684.03 贵广网络
