000153 8.95 234070.0 丰原药业
000670 8.43 1564428.0 盈方微
000981 1.73 866024.81 山子股份
002119 12.61 639877.94 康强电子
002159 11.03 44234.0 三特索道
002230 33.8 240404.92 科大讯飞
002234 18.0 116314.31 民和股份
002253 11.92 72126.27 川大智胜
002478 6.19 655218.38 常宝股份
002782 17.91 241973.23 可立克
002877 7.35 81407.13 智能自控
002899 13.24 35999.98 英派斯
002917 11.51 371941.31 金奥博
002963 12.27 26381.1 豪尔赛
002967 21.55 49253.88 广电计量
300119 22.12 58407.29 瑞普生物
300170 7.95 228556.56 汉得信息
300329 6.49 88159.47 海伦钢琴
300436 33.49 30660.0 广生堂
300445 12.3 37402.7 康斯特
300446 9.61 32503.0 乐凯新材
300454 110.0 42488.86 深信服
300518 56.65 23066.72 盛讯达
300550 13.21 34460.15 和仁科技
300557 30.64 12828.0 理工光科
300559 12.11 350758.56 佳发教育
300647 9.14 128567.1 超频三
300667 15.07 39164.06 必创科技
300669 8.69 18753.23 沪宁股份
300711 12.8 56580.09 广哈通信
300860 41.08 26378.56 锋尚文化
301024 25.25 9797.17 霍普股份
301066 10.57 46164.7 万事利
301117 66.44 9637.94 佳缘科技
301195 70.0 10122.95 北路智控
301302 58.19 11488.68 华如科技
600129 31.33 94969.58 太极集团
600195 14.99 171703.56 中牧股份
600196 32.35 503631.12 复星医药
600272 10.32 137274.8 开开实业
600387 8.78 113881.49 海越能源
600422 13.49 272958.41 昆药集团
600476 13.94 41940.6 湘邮科技
600510 7.2 194260.16 黑牡丹
600515 4.43 1467956.0 海南机场
600846 8.71 174452.31 同济科技
