000555 12.9 228583.41 神州信息 2.87
000656 5.14 2395425.25 金科股份 4.68
000668 15.78 135156.94 荣丰控股 3.14
000886 4.53 758615.69 海南高速 7.6
000905 8.14 250636.16 厦门港务 5.71
002029 5.62 51207.8 七匹狼 2.18
002352 49.0 431465.44 顺丰控股 7.22
002467 4.8 317129.66 二六三 1.91
002717 3.62 1433872.5 岭南股份 4.62
002786 6.95 204198.08 银宝山新 3.42
002948 4.09 280011.47 青岛银行 3.02
002972 17.6 11988.0 科安达 2.21
300066 5.01 104806.99 三川智慧 1.21
300235 12.33 92698.3 方直科技 1.73
300561 12.29 127001.05 汇金科技 0.57
300688 35.35 173607.69 创业黑马 3.09
300844 61.84 8470.16 山水比德 1.38
300876 26.13 7800.34 蒙泰高新 1.75
300902 39.94 27383.05 国安达 3.42
300951 67.33 4304.84 博硕科技 1.25
300964 36.56 7094.0 本川智能 1.13
600017 3.0 607991.56 日照港 4.17
600126 5.61 293902.34 杭钢股份 0.36
600185 7.0 1259079.88 格力地产 6.22
600295 27.04 183038.12 鄂尔多斯 5.79
600370 3.06 251404.0 三房巷 3.38
600397 3.88 950881.0 安源煤业 4.58
600476 13.49 62726.95 湘邮科技 1.43
600515 3.74 485106.38 海南机场 5.06
600649 5.05 1437601.25 城投控股 6.54
600693 4.05 192115.08 东百集团 3.32
600721 9.05 111332.1 百花医药 4.99
600770 8.1 480797.16 综艺股份 3.05
600784 7.39 295862.06 鲁银投资 4.38
600919 7.32 1782188.0 江苏银行 3.83
600926 14.9 391294.16 杭州银行 5.75
600986 6.91 1822128.88 浙文互联 7.3
