000045 11.24 314569.44 深纺织A
000636 16.52 370049.59 风华高科
000670 8.29 956102.5 盈方微
000681 12.66 300734.62 视觉中国
000793 2.48 1797379.25 华闻集团
000800 8.5 368694.69 一汽解放
000837 10.6 505616.44 秦川机床
000851 5.01 266490.59 高鸿股份
000925 7.17 80392.8 众合科技
000980 5.81 973061.94 众泰汽车
002011 13.68 291586.75 盾安环境
002045 13.09 388551.62 国光电器
002093 6.95 403367.28 国脉科技
002119 13.78 431775.59 康强电子
002137 6.83 886336.5 实益达
002185 9.32 894053.69 华天科技
002199 7.39 152010.0 东晶电子
002234 20.69 147067.25 民和股份
002248 10.86 623835.56 华东数控
002253 12.91 130431.17 川大智胜
002279 5.91 666701.94 久其软件
002290 11.16 69289.0 禾盛新材
002295 7.22 72278.0 精艺股份
002296 8.4 236314.59 辉煌科技
002337 5.21 187886.0 赛象科技
002395 10.37 42855.37 双象股份
002454 7.61 117920.0 松芝股份
002536 7.98 64250.5 飞龙股份
002559 7.56 90981.0 亚威股份
002576 12.35 22805.53 通达动力
002617 10.7 581506.5 露笑科技
002636 9.03 247177.36 金安国纪
002657 16.35 207946.2 中科金财
002724 9.05 74176.37 海洋王
002725 8.99 70326.3 跃岭股份
002741 19.38 44377.44 光华科技
002753 9.41 56042.13 永东股份
002763 8.33 90505.67 汇洁股份
002791 110.63 27506.82 坚朗五金
002845 16.13 548330.69 同兴达
002903 23.13 56840.12 宇环数控
002907 23.65 126374.14 华森制药
002909 9.57 171752.44 集泰股份
300014 92.2 217698.72 亿纬锂能
300035 22.94 106595.55 中科电气
300037 41.99 63307.34 新宙邦
300046 17.0 177021.52 台基股份
300052 20.35 211276.16 中青宝
300075 18.54 167961.95 数字政通
300161 26.45 118722.79 华中数控
300183 13.19 45500.24 东软载波
300229 13.16 216041.64 拓尔思
300250 11.71 41001.04 初灵信息
300263 7.84 224380.0 隆华科技
300283 5.33 93114.52 温州宏丰
300293 9.74 80525.16 蓝英装备
300302 7.2 49002.89 同有科技
300306 10.37 35564.84 远方信息
300319 8.4 149114.27 麦捷科技
300333 6.31 76089.23 兆日科技
300339 19.66 234422.55 润和软件
300346 32.26 207609.05 南大光电
300366 10.79 300881.25 创意信息
300379 22.27 138100.78 东方通
300405 5.71 80966.38 科隆股份
300428 27.13 59501.39 立中集团
300456 16.45 392661.44 赛微电子
300458 22.11 320259.28 全志科技
300484 11.41 26736.0 蓝海华腾
300486 9.08 83216.26 东杰智能
300493 7.24 210284.52 润欣科技
300508 22.17 8075.2 维宏股份
300537 15.72 197596.72 广信材料
300545 17.43 38757.03 联得装备
300561 9.62 29074.4 汇金科技
300576 22.8 38764.62 容大感光
300582 13.78 63840.44 英飞特
300608 8.6 82427.13 思特奇
300613 56.89 69100.54 富瀚微
300647 8.26 54407.0 超频三
300648 39.06 25325.29 星云股份
300656 35.2 22700.75 民德电子
300659 25.18 45466.21 中孚信息
300660 25.25 45000.68 江苏雷利
300681 43.82 18854.45 英搏尔
300708 10.39 140652.41 聚灿光电
300739 14.12 59555.42 明阳电路
300785 32.1 88612.67 值得买
300809 20.33 34904.16 华辰装备
300831 14.68 98110.82 派瑞股份
300842 51.85 19567.24 帝科股份
300852 35.6 31465.03 四会富仕
300893 27.46 12864.24 松原股份
300895 31.89 145040.98 铜牛信息
300921 18.23 24570.79 南凌科技
300925 13.26 181539.84 法本信息
300959 29.91 9513.13 线上线下
300978 12.46 31067.89 东箭科技
300982 50.59 7185.88 苏文电能
300987 15.81 47107.91 川网传媒
301013 9.13 44922.5 利和兴
301032 8.49 19877.98 新柴股份
301041 18.97 63860.05 金百泽
301066 11.65 62375.63 万事利
301072 22.61 12236.93 中捷精工
301119 28.98 6637.0 正强股份
301169 36.0 26312.97 零点有数
301178 27.31 17158.2 天亿马
301181 38.48 13442.64 标榜股份
301229 31.53 10468.31 纽泰格
301248 26.78 10293.05 杰创智能
301268 48.68 9543.77 铭利达
301278 101.42 10586.31 快可电子
301313 30.16 47429.15 凡拓数创
301316 21.55 64770.13 慧博云通
301338 54.99 12068.16 凯格精机
600113 7.45 231140.14 浙江东日
600171 19.78 339721.03 上海贝岭
600520 15.38 575214.62 文一科技
600536 63.0 256069.88 中国软件
600584 25.4 560483.81 长电科技
600633 8.8 966555.94 浙数文化
600703 18.5 693912.31 三安光电
600763 149.0 80512.7 通策医疗
600765 30.47 167564.45 中航重机
600847 14.28 61785.3 万里股份
