000506 3.37 1072332.62 中润资源 6.98
000552 4.71 1978699.88 靖远煤电 1.29
002490 4.41 342507.25 山东墨龙 3.04
002538 9.57 833059.06 司尔特 3.91
300332 10.16 296054.25 天壕环境 3.99
300498 18.77 481594.31 温氏股份 2.79
300505 27.74 419517.91 川金诺 4.13
300715 13.13 118840.91 凯伦股份 5.8
300769 345.0 29411.64 德方纳米 0.74
600075 6.79 701138.25 新疆天业 3.35
600256 11.29 2058727.12 广汇能源 4.63
600546 21.09 1083536.75 山煤国际 7.11
600583 4.57 338099.84 海油工程 0.66
600596 21.38 1546674.12 新安股份 6.47
600779 82.25 130675.33 水井坊 1.16
600938 19.72 1219732.62 中国海油 2.18
