000739 35.0 691811.25 普洛药业 5.17
000952 7.72 137263.03 广济药业 3.07
000997 18.26 783552.94 新大陆 5.86
002001 36.07 436263.62 新和成 0.19
002017 14.83 297059.28 东信和平 2.99
002350 7.72 271642.38 北京科锐 1.58
002403 7.26 36917.3 爱仕达 1.4
002467 4.56 363551.91 二六三 2.24
002581 18.73 313602.38 未名医药 3.83
002788 8.81 581473.5 鹭燕医药 1.38
002935 34.97 48018.0 天奥电子 1.48
002950 13.4 115457.97 奥美医疗 1.75
300052 25.14 392122.28 中青宝 2.53
300142 46.07 568575.88 沃森生物 4.56
300147 8.28 1054785.5 香雪制药 2.48
300158 8.39 785326.19 振东制药 2.82
300233 37.46 181753.88 金城医药 3.34
300386 14.15 154770.91 飞天诚信 1.14
300663 19.9 351439.28 科蓝软件 2.37
300677 50.41 230877.27 英科医疗 3.15
300887 66.0 51665.78 谱尼测试 6.92
301052 30.21 51126.99 果麦文化 4.97
301111 41.0 131168.27 粤万年青 4.3
301188 20.57 49218.31 力诺特玻 2.95
600267 15.02 592060.12 海正药业 4.16
600521 26.9 1243984.5 华海药业 7.77
600624 6.51 133769.95 复旦复华 2.04
600746 13.69 91015.42 江苏索普 1.03
600769 9.73 664049.44 祥龙电业 2.1
600962 9.91 61513.0 国投中鲁 1.96
