000868 6.22 734596.75 安凯客车 2.3
002250 19.59 126658.12 联化科技 4.48
002284 11.48 535667.19 亚太股份 2.32
002384 28.76 1018608.88 东山精密 7.67
002540 6.89 291650.53 亚太科技 1.18
002608 7.11 176519.05 江苏国信 4.56
002747 29.48 473963.28 埃斯顿 4.17
002979 22.99 105075.01 雷赛智能 1.91
300345 8.06 128229.59 华民股份 1.51
300499 14.88 336542.16 高澜股份 4.28
300508 28.95 61436.85 维宏股份 3.17
300691 17.23 176353.48 联合光电 6.23
300695 57.13 8940.63 兆丰股份 2.11
300853 30.16 35095.4 申昊科技 3.15
301042 39.67 20323.95 安联锐视 1.56
301199 32.85 85351.98 迈赫股份 2.91
301279 30.09 68621.1 金道科技 5.21
600699 22.01 740761.25 均胜电子 2.13
