000592 2.89 720144.25 平潭发展
000623 15.56 360295.97 吉林敖东
000661 178.38 89664.22 长春高新
000663 8.5 164460.47 永安林业
000686 7.1 331975.28 东北证券
000712 13.94 114881.26 锦龙股份
000728 7.1 1473610.75 国元证券
000750 3.51 642897.25 国海证券
000756 25.59 1033443.38 新华制药
000776 16.05 1604349.75 广发证券
000915 48.2 45280.74 华特达因
000999 59.57 268703.81 华润三九
002107 7.29 414193.75 沃华医药
002156 19.26 1045176.25 通富微电
002157 4.22 663531.19 正邦科技
002185 9.17 775852.25 华天科技
002198 6.95 200388.72 嘉应制药
002216 16.76 160619.41 三全食品
002223 40.74 960494.25 鱼跃医疗
002231 7.66 161609.09 奥维通信
002236 12.62 419875.28 大华股份
002254 20.72 182694.66 泰和新材
002273 12.84 219059.48 水晶光电
002360 7.61 41008.37 同德化工
002368 29.2 380923.97 太极股份
002376 7.5 106286.73 新北洋
002409 60.87 47728.69 雅克科技
002439 26.55 169609.55 启明星辰
002444 23.8 316414.94 巨星科技
002467 6.15 4733978.5 二六三
002500 5.69 413252.62 山西证券
002511 11.28 183609.16 中顺洁柔
002609 9.1 124339.53 捷顺科技
002635 13.9 143828.48 安洁科技
002673 6.47 423693.62 西部证券
002797 6.05 1241584.25 第一创业
002813 30.12 22619.54 路畅科技
002900 15.53 162116.34 哈三联
002923 19.16 150406.2 润都股份
002926 8.25 377950.31 华西证券
002939 9.03 619223.25 长城证券
002952 18.5 50295.34 亚世光电
002959 64.36 23874.05 小熊电器
002970 23.65 13846.07 锐明技术
002972 21.8 184943.23 科安达
002998 7.12 42256.29 优彩资源
300010 3.83 1136619.0 豆神教育
300046 16.8 120073.66 台基股份
300059 19.06 4362496.0 东方财富
300085 11.17 386029.84 银之杰
300096 6.71 155893.47 易联众
300102 7.18 213371.2 乾照光电
300107 5.76 57240.0 建新股份
300119 21.03 36933.45 瑞普生物
300120 7.07 92567.7 经纬辉开
300125 28.68 168605.2 聆达股份
300134 8.61 75656.05 大富科技
300136 17.16 157113.44 信维通信
300170 9.2 479827.31 汉得信息
300193 7.97 55699.47 佳士科技
300211 7.91 30740.0 亿通科技
300219 7.97 97943.41 鸿利智汇
300239 8.63 216729.41 东宝生物
300241 5.19 113837.0 瑞丰光电
300242 3.33 173826.0 佳云科技
300248 10.73 224933.77 新开普
300306 10.53 46732.02 远方信息
300323 7.99 298566.31 华灿光电
300333 6.6 155257.0 兆日科技
300339 21.13 1015112.56 润和软件
300346 34.66 234199.48 南大光电
300353 9.75 159775.31 东土科技
300359 5.4 161524.0 全通教育
300368 6.85 182520.05 汇金股份
300369 11.78 345531.16 绿盟科技
300373 58.44 170823.05 扬杰科技
300383 9.2 413082.47 光环新网
300399 10.89 48558.23 天利科技
300407 8.16 23944.0 凯发电气
300418 14.68 308199.03 昆仑万维
300433 10.71 637620.75 蓝思科技
300460 10.74 96614.68 惠伦晶体
300461 14.44 10748.84 田中精机
300474 66.18 112807.29 景嘉微
300493 6.84 89452.34 润欣科技
300502 27.6 136128.73 新易盛
300508 24.89 19396.21 维宏股份
300513 11.11 55320.0 恒实科技
300519 18.46 104158.31 新光药业
300525 21.77 114725.88 博思软件
300532 19.64 93644.71 今天国际
300533 26.13 34088.18 冰川网络
300537 14.45 78620.66 广信材料
300543 9.53 34886.38 朗科智能
300549 13.55 14648.75 优德精密
300552 21.83 28597.16 万集科技
300558 51.8 54647.82 贝达药业
300561 10.86 207727.28 汇金科技
300563 12.91 98551.84 神宇股份
300566 25.46 112600.71 激智科技
300578 16.93 81167.8 会畅通讯
300588 10.97 81208.2 熙菱信息
300590 12.3 109349.2 移为通信
300595 33.37 175904.58 欧普康视
300601 37.21 200046.08 康泰生物
300614 27.85 46903.53 百川畅银
300620 36.9 34748.6 光库科技
300624 34.91 101508.11 万兴科技
300629 28.68 144833.95 新劲刚
300634 19.68 123581.01 彩讯股份
300652 25.62 26596.38 雷迪克
300655 16.96 185619.2 晶瑞电材
300656 34.98 24387.49 民德电子
300659 27.61 196127.98 中孚信息
300686 16.98 106740.0 智动力
300691 15.33 65859.46 联合光电
300706 27.88 90351.4 阿石创
300730 14.6 478831.38 科创信息
300733 25.97 27577.74 西菱动力
300736 12.44 23917.4 百邦科技
300738 9.57 155391.02 奥飞数据
300739 14.88 54133.37 明阳电路
300765 17.0 70187.65 新诺威
300768 16.33 86208.33 迪普科技
300770 35.4 41575.58 新媒股份
300777 54.21 60408.69 中简科技
300780 16.34 72225.24 德恩精工
300809 24.66 87057.62 华辰装备
300818 32.39 9625.53 耐普矿机
300831 15.49 131384.08 派瑞股份
300848 24.26 27544.5 美瑞新材
300864 20.99 17540.79 南大环境
300903 12.52 63532.9 科翔股份
300912 14.5 35052.21 凯龙高科
300919 83.69 85005.9 中伟股份
300932 17.04 13556.48 三友联众
300936 26.94 10449.43 中英科技
300938 39.38 13337.96 信测标准
300940 19.78 44498.13 南极光
300942 20.22 106104.69 易瑞生物
300946 35.4 31054.42 恒而达
300964 29.16 20672.0 本川智能
300980 20.72 9609.0 祥源新材
300984 23.41 10721.96 金沃股份
300995 20.36 9317.48 奇德新材
300996 46.45 32406.8 普联软件
301003 24.53 10046.0 江苏博云
301017 18.76 103961.93 漱玉平民
301041 18.57 43521.13 金百泽
301075 26.75 27746.46 多瑞医药
301080 123.01 15415.37 百普赛斯
301123 24.68 28840.24 奕东电子
301130 36.37 29033.01 西点药业
301132 29.04 41441.58 满坤科技
301180 19.75 13567.51 万祥科技
301182 21.41 9180.49 凯旺科技
301190 20.92 18068.41 善水科技
301213 40.5 15404.04 观想科技
301270 37.49 70402.69 汉仪股份
301282 32.23 51702.95 金禄电子
301319 62.5 30685.52 唯特偶
301321 23.8 37386.69 翰博高新
301366 52.86 14061.3 一博科技
600072 12.85 184793.2 中船科技
600109 9.18 1091756.0 国金证券
600131 17.22 298905.81 国网信通
600155 7.68 355306.0 华创阳安
600171 19.97 345837.69 上海贝岭
600193 6.77 96338.3 创兴资源
600237 6.61 286241.41 铜峰电子
600463 7.71 64526.01 空港股份
600536 67.69 567896.31 中国软件
600566 34.52 347925.12 济川药业
600570 43.1 283241.81 恒生电子
600585 29.09 508538.12 海螺水泥
600621 12.07 304666.94 华鑫股份
600664 3.05 716032.62 哈药股份
600727 7.11 81901.5 鲁北化工
600763 145.24 99919.27 通策医疗
600774 11.61 41423.81 汉商集团
600850 21.62 104543.09 电科数字
600918 7.07 383141.44 中泰证券
600993 24.6 96173.81 马应龙
