000419 5.58 284509.84 通程控股
000501 11.0 232975.36 武商集团
000521 4.02 742286.38 长虹美菱
000526 20.25 149526.92 学大教育
000798 8.56 338719.84 中水渔业
002051 9.1 693916.25 中工国际
002336 7.57 175168.36 人人乐
002443 8.34 547998.31 金洲管道
002492 6.68 347072.0 恒基达鑫
002638 2.05 310476.0 勤上股份
002702 6.2 739091.81 海欣食品
002868 13.09 101325.4 绿康生化
002888 12.66 14415.09 惠威科技
002956 16.32 14677.84 西麦食品
002959 45.06 21840.51 小熊电器
002990 26.3 25717.71 盛视科技
300005 8.04 156757.52 探路者
300240 8.9 554645.19 飞力达
300504 17.94 55823.0 天邑股份
300557 30.56 9141.26 理工光科
300639 33.06 84040.53 凯普生物
300720 11.6 27995.2 海川智能
300730 17.25 95392.08 科创信息
300856 42.43 11821.6 科思股份
300887 62.1 12521.6 谱尼测试
300892 29.4 15595.6 品渥食品
300909 40.79 10163.64 汇创达
301028 12.69 55381.02 东亚机械
301263 29.47 178866.88 泰恩康
600137 16.0 39206.1 浪莎股份
600190 4.12 1148850.5 锦州港
600278 8.31 270165.25 东方创业
600280 3.0 493241.75 中央商场
600313 8.01 2501978.75 农发种业
600435 8.71 224476.89 北方导航
600467 3.19 623221.19 好当家
600597 11.35 144960.16 光明乳业
600628 8.02 279224.72 新世界
600697 14.18 88186.01 欧亚集团
600724 6.49 1365464.88 宁波富达
600785 12.79 62018.18 新华百货
600822 9.02 95403.09 上海物贸
600873 8.99 374343.94 梅花生物
600996 9.58 1320699.75 贵广网络
