000012 9.42 280252.31 南玻A 2.84
000020 9.69 17833.01 深华发A 1.57
000035 5.9 226758.44 中国天楹 3.51
000060 4.94 611956.19 中金岭南 2.49
000096 9.03 16427.0 广聚能源 1.92
000538 95.29 48156.68 云南白药 1.86
000555 15.59 444838.47 神州信息 6.93
000560 3.2 348697.25 我爱我家 1.91
000702 5.26 293698.16 正虹科技 6.05
000708 24.8 188906.2 中信特钢 3.81
000715 5.05 41206.96 中兴商业 2.85
000719 8.4 122571.8 中原传媒 3.58
000720 4.87 146554.66 新能泰山 4.96
000751 3.84 182270.2 锌业股份 1.59
000758 5.23 253812.84 中色股份 1.55
000767 3.96 534453.69 晋控电力 2.59
000768 27.81 338547.47 中航西飞 2.32
000828 10.22 37382.27 东莞控股 0.79
000830 15.97 686513.75 鲁西化工 2.7
000836 3.08 892829.5 富通信息 4.76
000875 8.47 908502.38 吉电股份 2.67
000878 13.01 213560.77 云南铜业 2.6
000885 11.58 114496.71 城发环境 2.93
000910 13.12 73716.58 大亚圣象 0.54
000951 14.69 166523.16 中国重汽 0.82
000952 7.42 35390.22 广济药业 1.23
000960 22.03 443835.0 锡业股份 0.82
000962 11.05 81701.26 东方钽业 3.27
000963 38.42 200395.31 华东医药 1.1
000987 8.79 219688.94 越秀资本 4.15
000993 11.74 143548.52 闽东电力 2.89
002039 18.5 36653.38 黔源电力 1.93
002066 11.05 52341.02 瑞泰科技 4.84
002118 3.2 312403.0 紫鑫药业 2.24
002148 5.57 257604.69 北纬科技 3.92
002160 4.78 276280.03 常铝股份 3.24
002181 4.39 59781.6 粤传媒 2.09
002195 2.68 2777976.0 二三四五 3.08
002224 5.49 135631.0 三力士 2.42
002226 5.82 468331.75 江南化工 3.01
002229 6.47 62377.53 鸿博股份 1.41
002231 5.97 59886.01 奥维通信 2.58
002232 17.45 180452.12 启明信息 0.81
002256 3.55 915440.75 兆新股份 1.14
002261 7.55 314746.81 拓维信息 4.72
002265 18.25 253267.84 西仪股份 3.34
002298 7.18 172007.56 中电兴发 3.76
002362 16.62 33130.89 汉王科技 2.85
002373 14.15 148718.58 千方科技 2.17
002388 5.55 76554.0 新亚制程 2.21
002400 4.85 349185.62 省广集团 1.25
002401 10.04 62663.01 中远海科 4.47
002474 6.85 239445.59 榕基软件 7.54
002587 5.35 178428.0 奥拓电子 3.88
002674 10.76 15168.38 兴业科技 0.66
002682 5.09 233111.44 龙洲股份 1.6
002701 6.37 359348.84 奥瑞金 3.41
002750 14.3 515114.59 龙津药业 4.38
002757 15.19 112116.48 南兴股份 4.9
002809 10.39 13541.8 红墙股份 0.68
002842 9.56 26160.24 翔鹭钨业 1.27
002863 5.72 194178.64 今飞凯达 1.24
002907 15.21 57309.92 华森制药 3.47
002931 13.64 33744.97 锋龙股份 1.64
002996 14.22 38031.96 顺博合金 2.45
300002 5.69 646365.19 神州泰岳 2.52
300017 6.23 634657.38 网宿科技 3.49
300018 7.58 192044.56 中元股份 2.99
300074 4.11 157787.91 华平股份 3.27
300111 3.26 338118.31 向日葵 0.62
300112 11.41 85241.0 万讯自控 3.54
300121 11.2 148715.83 阳谷华泰 7.28
300168 12.78 270048.91 万达信息 4.41
300180 5.4 1103409.5 华峰超纤 6.93
300187 7.58 94743.97 永清环保 0.93
300189 4.45 277331.0 神农科技 1.6
300262 3.51 100227.5 巴安水务 1.74
300283 6.79 53515.17 温州宏丰 0.59
300292 5.06 2468610.5 吴通控股 1.81
300299 5.99 324711.62 富春股份 5.27
300310 5.55 986642.56 宜通世纪 7.98
300332 10.78 236721.27 天壕环境 5.58
300377 14.75 1212962.12 赢时胜 2.08
300383 14.02 334387.53 光环新网 2.86
300387 7.49 171551.41 富邦股份 2.46
300388 7.49 35424.84 节能国祯 1.08
300422 7.89 78966.47 博世科 3.41
300424 14.28 28913.13 航新科技 2.0
300497 13.99 342822.09 富祥药业 1.23
300511 7.14 97233.24 雪榕生物 1.28
300533 18.94 27978.0 冰川网络 4.24
300570 17.04 51296.77 太辰光 5.97
300594 18.35 9788.45 朗进科技 0.55
300605 17.27 197179.34 恒锋信息 3.6
300608 14.02 154072.69 思特奇 6.37
300612 20.72 192224.0 宣亚国际 4.12
300647 9.16 249519.36 超频三 0.88
300677 54.48 86135.93 英科医疗 0.41
300771 18.92 12221.0 智莱科技 2.77
300808 13.33 9602.0 久量股份 1.29
300848 30.43 6438.0 美瑞新材 1.91
300871 26.0 12296.85 回盛生物 2.36
300972 14.54 29195.3 万辰生物 1.75
300978 16.68 13521.1 东箭科技 0.12
301012 52.89 41012.82 扬电科技 2.54
301018 26.06 86901.99 申菱环境 5.93
301024 51.98 25670.02 霍普股份 4.04
301042 41.6 2826.0 安联锐视 1.54
301043 31.95 11190.27 绿岛风 2.73
301048 13.71 78815.86 金鹰重工 1.56
301066 27.43 51033.15 万事利 4.78
301078 22.18 257188.92 孩子王 6.02
301127 15.89 122603.23 天源环保 2.32
301169 55.9 91602.51 零点有数 3.48
301180 26.13 10068.76 万祥科技 1.0
301185 23.6 17990.92 鸥玛软件 1.16
301186 38.89 24555.54 超达装备 1.94
600007 14.62 38263.52 中国国贸 1.6
600009 55.7 257334.09 上海机场 2.84
600011 8.75 1670343.38 华能国际 6.19
600025 6.35 336314.38 华能水电 1.44
600050 4.05 2549036.25 中国联通 3.32
600051 7.48 22020.0 宁波联合 1.49
600057 8.64 303652.09 厦门象屿 1.65
600094 3.77 390952.91 大名城 1.07
600103 2.87 484941.12 青山纸业 2.13
600108 3.4 352717.0 亚盛集团 2.1
600155 9.67 194349.0 华创阳安 1.79
600159 3.29 546137.0 大龙地产 3.79
600187 2.53 340759.22 国中水务 2.85
600188 27.31 481232.84 兖矿能源 4.68
600255 2.79 650704.25 鑫科材料 2.57
600271 14.12 334817.59 航天信息 4.44
600279 4.07 74528.01 重庆港 2.52
600285 14.21 183102.53 羚锐制药 6.68
600348 11.4 439120.91 华阳股份 2.15
600350 5.76 213676.66 山东高速 1.77
600354 6.01 196687.52 敦煌种业 2.04
600373 12.6 215798.84 中文传媒 6.42
600403 4.51 126762.01 大有能源 1.35
600409 8.72 533466.38 三友化工 1.51
600422 10.4 241564.88 昆药集团 4.1
600497 5.16 1124365.75 驰宏锌锗 3.82
600530 4.26 117219.25 交大昂立 0.95
600531 5.78 153877.48 豫光金铅 2.3
600551 8.22 34636.18 时代出版 4.45
600578 3.04 141962.05 京能电力 2.36
600588 36.45 250669.44 用友网络 0.83
600594 6.79 230749.41 益佰制药 2.72
600596 23.59 208661.19 新安股份 1.51
600622 3.21 169280.0 光大嘉宝 0.94
600628 7.57 38130.86 新世界 0.93
600638 5.62 36803.19 新黄浦 1.08
600644 6.67 73815.5 乐山电力 1.99
600647 13.48 14670.61 同达创业 3.93
600657 3.98 108389.32 信达地产 0.76
600668 19.2 524577.75 尖峰集团 5.67
600674 12.08 166636.09 川投能源 2.72
600684 3.56 111860.63 珠江股份 1.14
600757 5.72 237232.84 长江传媒 5.73
600821 8.95 705740.56 金开新能 0.11
600826 8.7 29030.68 兰生股份 2.59
600900 23.33 388550.75 长江电力 0.47
600961 10.92 126320.18 株冶集团 2.73
600967 10.41 152466.0 内蒙一机 1.86
