000031 4.09 377497.44 大悦城 4.34
000036 4.01 115827.88 华联控股 1.78
000514 4.32 406761.84 渝开发 1.89
000519 21.7 901758.56 中兵红箭 6.69
000551 8.9 44962.49 创元科技 1.6
000566 5.06 476537.38 海南海药 0.2
000608 3.48 596108.0 阳光股份 4.82
000628 11.35 34828.0 高新发展 1.98
000735 6.37 133610.0 罗牛山 1.27
000736 7.86 363884.28 中交地产 2.08
000797 2.84 547260.25 中国武夷 3.27
000833 7.43 612513.19 粤桂股份 5.09
000876 16.06 749511.19 新希望 3.02
000897 2.88 781559.81 津滨发展 2.13
000911 10.49 153187.02 南宁糖业 0.77
000926 4.7 471595.25 福星股份 4.21
002046 12.97 101875.74 国机精工 3.68
002145 10.27 282618.91 中核钛白 0.39
002157 6.48 564083.06 正邦科技 0.94
002305 2.42 2671632.25 南国置业 7.08
002314 3.83 521817.38 南山控股 1.59
002374 5.34 1244535.62 中锐股份 3.29
002397 3.59 97396.98 梦洁股份 0.84
002440 8.81 389756.56 闰土股份 2.92
002480 5.48 463363.0 新筑股份 3.98
002660 8.26 340454.0 茂硕电源 3.64
002735 28.35 53314.51 王子新材 5.78
002765 7.56 182910.0 蓝黛科技 1.34
002767 11.57 55073.0 先锋电子 0.35
002816 19.96 55983.0 和科达 4.72
002835 12.4 82171.0 同为股份 2.4
002840 17.72 83682.99 华统股份 3.75
002858 14.11 37406.0 力盛体育 4.06
002878 20.61 230058.05 元隆雅图 5.91
002947 26.6 64997.84 恒铭达 0.95
300025 4.43 224220.41 华星创业 2.31
300154 6.89 63559.0 瑞凌股份 1.32
300275 15.4 114575.01 梅安森 2.12
300281 5.9 71358.5 金明精机 3.51
300295 12.27 448610.0 三六五网 3.37
300354 33.18 17928.57 东华测试 4.21
300437 24.3 211568.72 清水源 2.19
300517 14.18 39359.0 海波重科 1.5
300808 14.9 80022.01 久量股份 2.76
300940 31.0 22282.78 南极光 3.2
301020 26.85 16412.97 密封科技 1.67
301113 36.38 17055.75 雅艺科技 1.82
301133 28.59 15382.42 金钟股份 1.53
600083 10.8 67865.11 博信股份 4.96
600173 5.96 81729.0 卧龙地产 1.88
600234 9.66 13523.06 科新发展 1.15
600266 4.7 471727.12 城建发展 5.38
600376 5.75 121360.11 首开股份 4.36
600444 13.6 72147.0 国机通用 1.64
600495 3.99 363743.16 晋西车轴 5.28
600565 2.55 705290.44 迪马股份 3.66
600576 7.25 470581.47 祥源文旅 3.87
600629 7.83 183179.5 华建集团 1.43
600675 3.15 264840.22 中华企业 2.27
600708 2.76 609782.38 光明地产 0.73
600743 2.25 960840.62 华远地产 3.21
600748 4.12 241221.14 上实发展 2.74
600768 9.83 81141.87 宁波富邦 1.45
600847 18.87 86070.52 万里股份 4.83
