000011 10.89 105087.83 深物业A
000014 8.57 118016.71 沙河股份
000029 10.54 138136.89 深深房A
000069 5.81 779242.75 华侨城A
000151 13.34 189998.69 中成股份
000514 4.66 378288.56 渝开发
000555 11.28 135663.95 神州信息
000573 3.3 391948.09 粤宏远A
000608 2.97 237186.05 阳光股份
000609 5.53 93608.21 中迪投资
000620 2.51 457553.25 新华联
000656 2.68 2211058.0 金科股份
000659 3.93 403225.31 珠海中富
000797 3.16 749960.19 中国武夷
000820 4.16 107600.05 神雾节能
000821 24.0 1841230.38 京山轻机
000897 2.47 405363.19 津滨发展
000926 4.66 372861.59 福星股份
000965 5.35 867709.12 天保基建
000997 14.74 818168.25 新大陆
002043 9.79 123028.71 兔宝宝
002104 9.2 1049149.12 恒宝股份
002133 3.55 176641.8 广宇集团
002146 2.83 795257.38 荣盛发展
002155 11.73 367210.97 湖南黄金
002175 3.29 502987.0 东方智造
002188 6.49 107738.63 中天服务
002267 7.85 164016.17 陕天然气
002285 3.15 637533.94 世联行
002314 3.75 352263.44 南山控股
002339 7.52 767346.06 积成电子
002576 14.68 154458.91 通达动力
002632 6.88 87208.53 道明光学
002705 23.27 114824.87 新宝股份
002713 6.45 46162.8 东易日盛
002737 16.96 178173.84 葵花药业
002746 8.74 98119.67 仙坛股份
002748 14.79 103761.96 世龙实业
002753 10.02 171428.64 永东股份
002905 7.65 58550.46 金逸影视
300130 14.29 256294.5 新国都
300249 10.2 355328.38 依米康
300260 60.27 26534.9 新莱应材
300295 9.37 93501.38 三六五网
300318 7.88 907791.62 博晖创新
300452 13.56 120223.77 山河药辅
300479 22.45 306767.97 神思电子
300483 14.75 55723.37 首华燃气
300517 12.92 26360.8 海波重科
300541 12.42 134592.31 先进数通
300546 25.52 116064.7 雄帝科技
300588 10.7 70303.84 熙菱信息
300603 10.68 95844.41 立昂技术
300612 19.41 99800.2 宣亚国际
300645 22.25 31490.07 正元智慧
300653 51.3 38928.26 正海生物
300666 74.66 82544.33 江丰电子
300737 10.73 171846.08 科顺股份
300767 54.5 21474.42 震安科技
300793 16.15 227175.92 佳禾智能
300846 13.23 168780.05 首都在线
300860 45.13 22803.74 锋尚文化
300887 44.94 20002.1 谱尼测试
300897 30.15 5672.51 山科智能
300941 22.4 94234.35 创识科技
301149 16.1 125891.38 隆华新材
301221 61.31 31136.07 光庭信息
600048 17.03 1246777.88 保利发展
600077 3.61 535685.19 宋都股份
600082 3.47 244936.2 海泰发展
600153 11.96 382916.78 建发股份
600159 2.93 195857.16 大龙地产
600223 9.57 218256.22 鲁商发展
600322 2.09 427467.0 天房发展
600325 7.49 490555.41 华发股份
600340 3.08 885431.69 华夏幸福
600549 25.5 446926.38 厦门钨业
600565 2.19 305409.97 迪马股份
600622 3.53 938461.94 光大嘉宝
600665 3.29 182360.8 天地源
600708 2.4 482740.31 光明地产
600743 1.99 386221.94 华远地产
600791 4.47 214387.25 京能置业
600797 6.85 615523.62 浙大网新
600881 2.72 543843.12 亚泰集团
