000009 11.8 1261959.25 中国宝安
000554 5.1 165172.41 泰山石油
000700 4.53 183034.0 模塑科技
000727 2.16 401573.38 冠捷科技
000776 16.29 954801.12 广发证券
000811 9.34 102771.99 冰轮环境
000819 10.72 40696.01 岳阳兴长
000922 8.43 111211.41 佳电股份
000929 7.84 55155.0 兰州黄河
000988 18.9 192166.44 华工科技
002055 10.75 86494.61 得润电子
002056 19.02 552584.12 横店东磁
002057 8.0 198502.84 中钢天源
002066 9.83 45511.21 瑞泰科技
002073 5.26 126614.54 软控股份
002101 10.77 150847.88 广东鸿图
002126 8.72 162708.94 银轮股份
002194 9.13 416410.0 武汉凡谷
002236 15.49 387172.41 大华股份
002265 14.86 224586.12 西仪股份
002283 6.07 188195.36 天润工业
002284 7.07 189346.23 亚太股份
002288 4.96 113398.96 超华科技
002378 7.6 177159.19 章源钨业
002434 7.19 204570.44 万里扬
002436 9.45 389361.72 兴森科技
002438 13.15 50770.0 江苏神通
002454 5.74 116416.0 松芝股份
002488 5.79 168444.77 金固股份
002516 4.33 142395.23 旷达科技
002520 5.57 107362.0 日发精机
002547 3.44 209545.23 春兴精工
002576 9.98 42863.1 通达动力
002615 5.61 74934.72 哈尔斯
002655 11.29 291817.97 共达电声
002664 12.26 86531.39 信质集团
002703 4.75 83727.9 浙江世宝
002709 40.76 583297.94 天赐材料
002753 7.32 59234.11 永东股份
002756 112.75 91896.81 永兴材料
002813 25.13 37712.0 路畅科技
002892 15.23 17467.98 科力尔
002897 31.3 60798.71 意华股份
002908 15.5 99437.07 德生科技
300001 14.68 245982.0 特锐德
300034 36.73 71944.66 钢研高纳
300040 6.68 93593.49 九洲集团
300065 11.41 181874.86 海兰信
300068 12.75 237324.08 南都电源
300088 6.8 1653554.12 长信科技
300093 34.19 45200.84 金刚光伏
300115 8.52 283176.59 长盈精密
300117 4.06 1032533.94 嘉寓股份
300118 25.04 710383.06 东方日升
300123 5.63 123794.56 亚光科技
300174 14.91 59143.9 元力股份
300179 12.69 174812.23 四方达
300261 17.69 1208161.25 雅本化学
300262 2.86 98518.5 巴安水务
300274 77.01 300282.41 阳光电源
300286 20.3 23100.22 安科瑞
300319 8.18 269849.84 麦捷科技
300331 15.24 52020.13 苏大维格
300345 5.22 64679.94 华民股份
300351 10.74 80058.4 永贵电器
300402 19.04 52607.5 宝色股份
300410 7.55 79737.03 正业科技
300447 17.75 31933.41 全信股份
300454 89.7 38614.7 深信服
300473 16.6 20405.37 德尔股份
300499 9.51 160591.38 高澜股份
300508 24.45 16397.6 维宏股份
300510 4.18 116501.58 金冠股份
300567 36.82 36916.13 精测电子
300586 11.3 54442.75 美联新材
300602 10.7 58052.0 飞荣达
300643 12.74 188029.08 万通智控
300680 21.37 44209.96 隆盛科技
300684 12.56 26458.0 中石科技
300707 13.04 34929.0 威唐工业
300722 29.41 60637.99 新余国科
300745 36.27 128338.02 欣锐科技
300757 34.94 16378.7 罗博特科
300763 215.03 21653.01 锦浪科技
300816 28.18 15602.0 艾可蓝
300850 139.67 31942.92 新强联
300857 19.86 21836.44 协创数据
300859 21.34 25015.0 西域旅游
300887 69.5 28693.36 谱尼测试
300888 60.52 15046.13 稳健医疗
300984 26.79 14293.15 金沃股份
300986 34.76 20392.52 志特新材
300990 77.32 4680.0 同飞股份
301046 31.85 31569.8 能辉科技
301048 10.78 94872.12 金鹰重工
301051 59.41 3518.0 信濠光电
301101 38.36 19489.34 明月镜片
301169 40.54 50292.26 零点有数
301177 63.28 16489.91 迪阿股份
301178 46.0 8088.0 天亿马
301215 6.9 650393.0 中汽股份
301219 184.18 21121.04 腾远钴业
600071 32.6 65668.13 凤凰光学
600081 10.54 36081.31 东风科技
600110 9.78 457102.66 诺德股份
600131 13.23 102459.71 国网信通
600178 6.12 78328.11 东安动力
600213 7.18 132711.33 亚星客车
600218 9.0 91636.8 全柴动力
600262 18.93 24576.34 北方股份
600360 7.04 306111.0 华微电子
600444 12.78 89780.0 国机通用
600480 8.06 93778.38 凌云股份
600550 4.56 259904.44 保变电气
600576 5.13 98679.02 祥源文旅
600699 12.07 491464.47 均胜电子
600707 4.33 331540.94 彩虹股份
600732 21.22 817013.12 爱旭股份
600821 5.9 397385.16 金开新能
600877 10.27 131931.94 声光电科
600938 16.15 1515140.5 中国海油
600941 66.39 42952.17 中国移动
600958 9.2 1647943.38 东方证券
600961 8.12 124958.01 株冶集团
