000523 3.15 45338.8 广州浪奇 0.96
000820 3.64 90207.48 神雾节能 4.9
000935 17.52 55036.94 四川双马 4.72
002028 30.08 147867.05 思源电气 5.21
002030 17.99 282454.47 达安基因 2.33
002056 15.29 542259.94 横店东磁 3.1
002267 6.99 252815.59 陕天然气 4.33
002285 3.22 994388.25 世联行 4.54
002475 30.88 957451.44 立讯精密 5.07
002812 202.95 114980.64 恩捷股份 6.88
002813 24.29 44173.0 路畅科技 5.01
002818 12.22 49455.25 富森美 3.12
002850 122.0 43528.25 科达利 3.13
300050 3.5 120377.78 世纪鼎利 7.69
300101 15.62 157073.41 振芯科技 6.91
300182 4.82 1244991.88 捷成股份 7.11
300233 29.0 153789.84 金城医药 6.23
300246 13.84 16961.0 宝莱特 1.54
300269 2.93 111857.22 联建光电 6.93
300326 6.98 165871.23 凯利泰 2.65
300390 61.18 289122.41 天华超净 3.73
300427 14.23 50498.2 红相股份 1.14
300485 12.88 216411.92 赛升药业 3.62
300487 67.12 38665.68 蓝晓科技 4.26
300893 20.25 58489.2 松原股份 1.3
301058 19.2 142297.64 中粮科工 0.68
301091 24.99 39857.7 深城交 0.85
600064 10.82 379907.94 南京高科 3.94
600395 8.24 379178.0 盘江股份 5.24
600582 4.51 522177.88 天地科技 4.4
600617 4.4 218256.77 国新能源 7.32
600690 25.91 795679.69 海尔智家 5.63
600716 4.5 154672.38 凤凰股份 3.21
600736 5.21 726966.81 苏州高新 0.97
600741 19.6 194012.69 华域汽车 4.37
600795 3.02 2873440.0 国电电力 0.67
600854 6.83 769905.44 春兰股份 5.24
