000089 7.89 419874.19 深圳机场
000428 5.52 1078580.38 华天酒店
000430 7.82 456452.59 张家界
000721 9.12 1443613.25 西安饮食
000888 9.13 1019523.62 峨眉山A
002019 13.43 164293.17 亿帆医药
002033 11.78 520060.84 丽江股份
002043 10.86 420584.47 兔宝宝
002059 7.98 817952.62 云南旅游
002120 14.44 592507.25 韵达股份
002149 15.45 173532.0 西部材料
002166 11.01 308275.75 莱茵生物
002240 43.98 326068.44 盛新锂能
002299 26.6 272455.53 圣农发展
002306 4.34 345165.0 中科云网
002320 5.51 348553.38 海峡股份
002563 5.54 296411.25 森马服饰
002565 4.89 550296.94 顺灏股份
002570 5.25 347242.41 贝因美
002585 15.78 980494.06 双星新材
002707 9.34 1045288.94 众信旅游
002709 51.32 592090.5 天赐材料
002746 10.69 402133.97 仙坛股份
002812 139.0 201596.91 恩捷股份
002850 119.07 97130.71 科达利
002928 13.22 176480.69 华夏航空
300005 8.49 177000.0 探路者
300014 90.72 360174.03 亿纬锂能
300037 43.13 196675.31 新宙邦
300073 65.15 265492.81 当升科技
300253 10.75 1058517.88 卫宁健康
300331 18.8 67051.42 苏大维格
300568 24.58 504359.72 星源材质
300592 15.75 59732.0 华凯易佰
300643 15.66 52903.06 万通智控
300707 16.17 42440.86 威唐工业
300718 27.08 43838.47 长盛轴承
300761 35.79 70265.69 立华股份
300763 192.37 40466.52 锦浪科技
300786 16.95 45342.4 国林科技
300859 34.41 165945.75 西域旅游
300919 79.26 94282.52 中伟股份
300952 19.85 30521.13 恒辉安防
300982 53.84 13656.91 苏文电能
301063 34.01 19769.73 海锅股份
301073 73.38 35753.97 君亭酒店
301116 17.29 65372.09 益客食品
301150 77.21 23792.61 中一科技
301153 97.24 11734.6 中科江南
301326 43.89 16169.0 捷邦科技
600054 12.89 171501.59 黄山旅游
600238 11.64 440710.53 海南椰岛
600398 5.45 686443.56 海澜之家
600563 161.01 38589.36 法拉电子
600571 12.6 1252198.0 信雅达
600605 12.03 264938.69 汇通能源
600738 7.3 218520.2 丽尚国潮
600749 12.8 126363.01 西藏旅游
600755 8.12 495535.31 厦门国贸
