000001 14.74 3413543.75 平安银行
000002 18.34 1571865.12 万科A
000031 3.85 360743.62 大悦城
000036 4.32 190560.56 华联控股
000046 1.54 1550934.5 泛海控股
000050 9.84 321952.69 深天马A
000069 5.66 1357696.5 华侨城A
000166 4.46 3319137.5 申万宏源
000333 54.44 915077.75 美的集团
000402 5.84 395342.31 金融街
000415 2.25 555334.38 渤海租赁
000517 3.29 815340.0 荣安地产
000524 10.48 259981.0 岭南控股
000563 3.34 1895412.12 陕国投A
000623 15.42 308061.84 吉林敖东
000651 32.35 926427.5 格力电器
000656 2.84 3188092.25 金科股份
000672 15.1 217752.41 上峰水泥
000685 8.02 184779.12 中山公用
000686 7.26 699684.5 东北证券
000750 3.83 1788265.25 国海证券
000776 20.0 2033516.62 广发证券
000799 173.0 98107.58 酒鬼酒
000828 10.42 172561.2 东莞控股
000850 3.91 172612.41 华茂股份
000921 11.53 238796.2 海信家电
000959 4.75 840585.38 首钢股份
002016 6.47 123677.51 世荣兆业
002095 13.5 82026.85 生意宝
002205 14.11 453451.75 国统股份
002210 2.6 312282.88 飞马国际
002213 14.9 111573.0 大为股份
002233 9.11 282587.25 塔牌集团
002236 16.15 591734.31 大华股份
002377 3.48 249688.08 国创高新
002397 3.66 199725.91 梦洁股份
002500 6.0 1091223.62 山西证券
002508 29.0 191255.08 老板电器
002537 8.37 1594567.0 海联金汇
002560 5.68 116895.03 通达股份
002585 16.02 505620.69 双星新材
002600 4.79 1072015.62 领益智造
002673 6.91 1064579.88 西部证券
002727 22.4 107611.55 一心堂
002807 4.57 867554.38 江阴银行
002836 9.99 21441.64 新宏泽
002839 5.34 933662.75 张家港行
002926 8.0 489787.0 华西证券
002941 15.72 237767.64 新疆交建
002961 18.4 97834.34 瑞达期货
002966 6.26 461650.09 苏州银行
300059 25.3 7890018.5 东方财富
300109 15.52 95642.27 新开源
300122 93.2 218250.31 智飞生物
300284 7.11 375937.31 苏交科
300390 80.82 288884.0 天华超净
300418 15.45 330209.81 昆仑万维
300559 11.33 99584.03 佳发教育
300592 14.36 16182.0 华凯易佰
300732 10.45 103798.88 设研院
300755 38.52 48042.8 华致酒行
300787 27.76 18842.2 海能实业
300893 22.0 95392.11 松原股份
300941 21.84 94904.82 创识科技
301038 26.2 85543.04 深水规院
301057 24.38 27296.58 汇隆新材
600030 21.87 3870782.25 中信证券
600048 15.87 1868929.75 保利发展
600053 18.06 131084.19 九鼎投资
600061 6.83 1037563.25 国投资本
600094 3.79 228741.14 大名城
600109 9.72 2198191.5 国金证券
600155 9.0 823743.62 华创阳安
600159 3.1 360272.0 大龙地产
600248 6.04 1158528.25 陕西建工
600276 32.6 910668.75 恒瑞医药
600287 5.04 58084.18 江苏舜天
600298 44.88 183496.5 安琪酵母
600318 8.63 1312005.0 新力金融
600325 6.72 583735.19 华发股份
600369 4.19 1104038.75 西南证券
600383 11.97 768476.5 金地集团
600390 5.21 945893.19 五矿资本
600425 4.26 724527.31 青松建化
600426 30.9 419718.47 华鲁恒升
600496 4.36 514046.75 精工钢构
600521 20.54 374089.66 华海药业
600533 3.68 496430.38 栖霞建设
600570 43.86 351414.28 恒生电子
600588 19.9 500465.28 用友网络
600597 11.86 282420.41 光明乳业
600611 3.31 670698.0 大众交通
600622 3.69 1022816.69 光大嘉宝
600635 3.34 269351.38 大众公用
600643 6.42 379772.81 爱建集团
600648 13.77 117871.54 外高桥
600720 12.59 623617.88 祁连山
600766 8.1 51414.4 园城黄金
600782 5.94 1648193.88 新钢股份
600790 3.93 356897.47 轻纺城
600791 4.49 270943.0 京能置业
600801 18.27 351749.53 华新水泥
600820 6.33 1240719.88 隧道股份
600837 10.09 1808218.38 海通证券
600872 31.7 684636.62 中炬高新
600882 39.3 89288.84 妙可蓝多
600908 5.75 568195.88 无锡银行
600918 8.15 1294236.88 中泰证券
600958 10.55 3561426.75 东方证券
600976 50.15 67190.69 健民集团
600984 7.76 245834.27 建设机械
600999 15.37 987814.56 招商证券
