000537 12.79 936294.25 广宇发展 6.14
000554 5.26 221683.16 泰山石油 3.14
000586 7.87 26836.05 汇源通信 1.16
002066 10.09 51188.21 瑞泰科技 2.65
002265 14.93 253868.09 西仪股份 0.47
002438 13.49 58167.0 江苏神通 2.59
002506 3.31 1038791.38 协鑫集成 3.76
002576 10.33 47722.0 通达动力 3.51
002741 16.24 22930.1 光华科技 0.37
002865 80.1 38383.6 钧达股份 2.54
300040 6.82 117730.88 九洲集团 2.1
300118 26.99 965408.25 东方日升 7.79
300274 82.32 413209.0 阳光电源 6.89
300319 8.8 534538.44 麦捷科技 7.58
300331 15.58 96654.72 苏大维格 2.23
300351 10.97 113985.05 永贵电器 2.14
300763 227.0 27426.5 锦浪科技 5.57
300850 145.5 37759.96 新强联 4.17
300859 21.77 44460.98 西域旅游 2.02
300882 13.63 29902.23 万胜智能 3.97
300990 79.57 6051.56 同飞股份 2.91
301057 22.95 27767.88 汇隆新材 3.33
301177 63.93 17190.8 迪阿股份 1.03
600110 9.84 505302.44 诺德股份 0.61
600192 4.74 165204.41 长城电工 4.18
600213 7.54 161418.12 亚星客车 5.01
600262 19.22 26783.26 北方股份 1.53
600821 6.23 695754.25 金开新能 5.59
600961 8.41 128219.04 株冶集团 3.57
