000007 8.06 121300.89 全新好
000545 4.02 223998.0 金浦钛业
000552 3.65 703832.62 靖远煤电
000683 7.43 605758.5 远兴能源
000790 4.46 104744.86 华神科技
000807 9.21 749320.31 云铝股份
000908 3.15 136010.05 景峰医药
000933 16.79 633659.25 神火股份
000937 7.25 758582.19 冀中能源
000952 7.42 148752.75 广济药业
000953 5.88 171393.06 河化股份
002072 6.54 37901.0 凯瑞德
002082 8.67 69563.72 万邦德
002210 2.36 376724.38 飞马国际
002246 10.11 621293.25 北化股份
002412 5.59 68695.82 汉森制药
002532 7.16 817370.62 天山铝业
002537 7.53 921573.75 海联金汇
002566 7.51 71649.27 益盛药业
002773 16.67 254784.19 康弘药业
002864 30.64 56465.89 盘龙药业
002873 14.66 40821.61 新天药业
300314 9.84 23161.88 戴维医疗
300320 10.32 139484.55 海达股份
300345 9.49 210230.69 华民股份
300348 11.48 322397.53 长亮科技
300393 16.15 434010.03 中来股份
300519 14.88 18755.0 新光药业
300525 16.05 114608.22 博思软件
300553 43.39 15522.99 集智股份
300634 12.72 88599.19 彩讯股份
300635 14.0 32999.0 中达安
300716 10.17 98679.5 国立科技
300799 87.13 16160.34 左江科技
300872 14.53 249569.48 天阳科技
300982 44.73 7553.57 苏文电能
300986 35.47 21179.95 志特新材
301015 22.45 30637.97 百洋医药
301017 15.8 27375.33 漱玉平民
600080 7.5 39348.33 金花股份
600123 15.59 540788.06 兰花科创
600496 4.0 260357.25 精工钢构
600594 5.05 81060.45 益佰制药
600982 4.47 173567.11 宁波能源
600985 16.85 444753.19 淮北矿业
