000020 10.96 85172.68 深华发A
000059 8.39 706538.0 华锦股份
000498 9.45 372121.0 山东路桥
000504 13.86 31867.3 南华生物
000592 2.87 600166.38 平潭发展
000595 8.69 1056673.62 宝塔实业
000702 7.17 337260.56 正虹科技
000766 5.18 164990.02 通化金马
000790 4.91 294293.19 华神科技
000831 27.5 148076.98 中国稀土
000861 2.57 503804.88 海印股份
000876 15.62 542608.81 新希望
000911 9.08 94030.09 南宁糖业
000915 39.52 27470.9 华特达因
000975 13.23 465997.03 银泰黄金
000996 6.8 71675.87 中国中期
002003 12.6 99861.92 伟星股份
002013 12.48 1046678.94 中航机电
002043 9.22 354651.75 兔宝宝
002155 14.08 354374.97 湖南黄金
002187 7.59 56730.88 广百股份
002192 131.61 172696.27 融捷股份
002196 8.8 97524.74 方正电机
002212 10.32 384475.19 天融信
002234 16.88 118354.77 民和股份
002235 4.76 179425.77 安妮股份
002251 6.14 415631.72 步步高
002344 4.92 253675.0 海宁皮城
002349 12.31 372301.62 精华制药
002458 10.31 183729.8 益生股份
002548 6.83 214321.66 金新农
002550 5.94 263335.62 千红制药
002561 9.46 212936.41 徐家汇
002567 9.1 510876.88 唐人神
002607 4.75 836276.31 中公教育
002651 7.17 116327.1 利君股份
002714 60.62 444271.44 牧原股份
002732 19.0 41890.07 燕塘乳业
002752 5.57 284755.56 N兴股份
002772 7.65 102916.33 众兴菌业
002785 28.39 84611.94 万里石
002796 9.23 81874.04 世嘉科技
002816 18.79 15661.2 和科达
002864 34.12 42506.38 盘龙药业
002908 14.62 149856.86 德生科技
002909 10.32 271430.03 集泰股份
002935 23.86 93085.15 天奥电子
002951 9.65 58429.17 金时科技
002967 22.85 37141.05 广电计量
002982 43.88 20076.2 湘佳股份
300115 13.53 337463.75 长盈精密
300128 3.74 277591.81 锦富技术
300135 2.75 143131.0 宝利国际
300209 7.56 195807.48 有棵树
300419 5.51 122140.16 浩丰科技
300479 20.15 105981.28 神思电子
300487 80.58 27602.98 蓝晓科技
300572 13.45 50046.22 安车检测
300587 11.89 321265.16 天铁股份
300622 23.48 49473.44 博士眼镜
300720 13.65 18882.37 海川智能
300729 18.55 84767.61 乐歌股份
300742 12.88 20605.2 越博动力
300778 14.89 62195.58 新城市
300792 27.77 26257.5 壹网壹创
300797 13.86 25481.0 钢研纳克
300829 26.94 21334.09 金丹科技
300862 26.62 13357.55 蓝盾光电
300866 60.49 22248.7 安克创新
300878 21.15 16345.75 维康药业
300888 69.96 16638.5 稳健医疗
300892 25.74 16542.32 品渥食品
300908 37.81 9969.68 仲景食品
300935 27.98 7162.59 盈建科
300984 28.82 6303.26 金沃股份
301009 12.21 34688.81 可靠股份
301059 26.95 31058.72 金三江
301121 73.55 21429.54 紫建电子
301190 25.39 29912.13 善水科技
301212 38.67 61287.17 联盛化学
301219 97.03 34999.8 腾远钴业
301228 18.11 18069.08 实朴检测
301289 50.51 8260.39 国缆检测
600111 31.47 644972.06 北方稀土
600127 9.1 605285.62 金健米业
600201 8.78 206965.34 生物股份
600361 8.34 175099.69 创新新材
600372 19.65 444193.72 中航电子
600391 20.34 118524.97 航发科技
600419 13.96 143906.3 天润乳业
600426 30.9 256521.62 华鲁恒升
600559 25.15 195252.72 老白干酒
600582 5.53 1033020.62 天地科技
600645 18.22 55067.84 中源协和
600693 4.38 150537.38 东百集团
600773 23.0 344944.78 西藏城投
600836 6.53 209251.59 上海易连
600988 22.75 533437.88 赤峰黄金
