000509 4.41 209978.94 华塑控股 1.15
000584 6.74 761943.25 哈工智能 2.59
000628 18.56 240768.58 高新发展 2.2
000661 228.4 120556.34 长春高新 0.75
000755 4.25 279730.75 山西路桥 7.05
000859 6.86 685440.06 国风新材 4.73
000965 5.82 1330248.25 天保基建 2.65
002173 6.33 227625.31 创新医疗 3.94
002512 3.24 438079.25 达华智能 0.94
002538 10.78 582751.62 司尔特 0.84
002639 11.89 1419150.12 雪人股份 3.57
002792 12.0 142167.56 通宇通讯 3.54
002867 15.2 147171.38 周大生 1.88
300077 18.57 650802.25 国民技术 2.77
300143 11.08 161932.64 盈康生命 2.78
300236 33.04 71673.27 上海新阳 0.52
300296 6.86 842590.75 利亚德 0.88
300334 8.02 209611.64 津膜科技 4.16
300346 34.0 412826.62 南大光电 0.65
300456 17.87 323587.31 赛微电子 0.34
300509 6.21 44715.44 新美星 0.16
300537 12.58 132211.77 广信材料 3.12
300612 19.36 288539.59 宣亚国际 7.56
300650 12.0 84029.24 太龙股份 0.25
300656 34.85 28188.15 民德电子 1.87
300675 16.72 97666.0 建科院 2.64
300718 16.23 80179.62 长盛轴承 3.64
300844 30.23 21036.2 山水比德 2.86
600062 24.32 862440.25 华润双鹤 4.83
600584 26.95 817631.0 长电科技 0.94
