000155 24.74 809434.62 川能动力
000557 4.77 177123.27 西部创业
000758 4.76 291473.62 中色股份
000812 5.92 368256.31 陕西金叶
000922 10.6 469268.62 佳电股份
002194 10.04 308744.53 武汉凡谷
002284 10.26 450173.84 亚太股份
002409 49.9 62215.37 雅克科技
002472 32.76 143034.11 双环传动
002540 6.41 332703.44 亚太科技
002562 6.64 242743.69 兄弟科技
002606 10.55 498669.0 大连电瓷
002612 29.66 413646.12 朗姿股份
002624 14.28 707494.88 完美世界
002659 4.27 114708.0 凯文教育
002667 24.69 200115.8 鞍重股份
002679 11.7 107332.09 福建金森
002726 10.98 315810.81 龙大美食
002875 8.54 45609.07 安奈儿
002941 16.12 312973.06 新疆交建
002955 21.2 40119.62 鸿合科技
300051 6.31 116209.94 三五互联
300172 5.4 320423.28 中电环保
300425 5.2 191166.5 中建环能
300548 20.25 68012.71 博创科技
300552 28.45 98597.58 万集科技
300571 42.91 41205.92 平治信息
300641 5.9 72484.13 正丹股份
300652 25.67 41160.47 雷迪克
300683 49.26 54224.23 海特生物
300772 30.09 300468.12 运达股份
300864 24.38 51784.75 南大环境
300867 24.01 155665.48 圣元环保
300896 589.0 13134.57 爱美客
300916 59.9 30399.77 朗特智能
300919 153.58 76646.22 中伟股份
300939 33.28 36497.84 秋田微
301101 56.69 18979.26 明月镜片
301162 83.45 35620.53 国能日新
301217 15.2 114502.46 铜冠铜箔
301259 30.81 86484.81 艾布鲁
600035 3.73 909080.75 楚天高速
600168 7.07 373577.31 武汉控股
600200 8.2 539228.62 江苏吴中
600216 14.34 360569.06 浙江医药
600395 8.48 262284.12 盘江股份
600426 28.42 347489.62 华鲁恒升
600577 5.74 827398.5 精达股份
600602 7.19 216665.64 云赛智联
600610 17.61 148226.84 中毅达
600731 7.87 240615.55 湖南海利
600766 8.6 23953.67 园城黄金
600834 9.89 93718.18 申通地铁
600869 6.32 720428.44 远东股份
600992 17.56 483976.97 贵绳股份
