000519 22.93 1282995.0 中兵红箭 3.8
000576 11.86 127499.67 甘化科工 1.37
002610 4.16 4145166.0 爱康科技 1.96
002709 100.58 254185.92 天赐材料 0.92
002759 29.06 328454.88 天际股份 1.25
002971 22.77 68801.99 和远气体 5.12
300026 6.98 3998419.5 红日药业 3.41
300053 10.21 629887.94 欧比特 2.1
300118 24.64 731840.0 东方日升 2.2
300175 5.39 1257115.0 朗源股份 2.47
300274 116.1 393896.81 阳光电源 3.81
300724 86.3 192976.77 捷佳伟创 3.7
300751 528.2 22029.25 迈为股份 3.57
300808 13.9 31836.97 久量股份 1.39
300873 54.45 44631.84 海晨股份 2.62
600141 38.89 858394.62 兴发集团 2.96
600172 9.89 850051.69 黄河旋风 0.1
600316 34.52 330964.06 洪都航空 5.96
600460 56.22 506088.34 士兰微 1.3
600807 5.11 1266687.12 济南高新 3.23
