000027 6.61 200691.55 深圳能源 2.32
000506 3.44 345241.19 中润资源 3.61
000531 7.95 87206.71 穗恒运A 2.19
000565 7.38 99326.16 渝三峡A 0.68
000608 3.07 343069.97 阳光股份 4.42
000631 4.39 209046.92 顺发恒业 1.86
000633 8.98 106838.15 合金投资 0.9
000657 13.8 211636.91 中钨高新 5.99
000677 3.24 169263.5 恒天海龙 1.25
000698 4.75 341419.0 沈阳化工 3.94
000722 14.86 267593.56 湖南发展 1.16
000755 5.61 250195.0 山西路桥 0.9
000791 6.09 385614.28 甘肃电投 5.91
000868 7.02 1043010.19 安凯客车 5.72
000883 5.22 475128.16 湖北能源 5.03
000897 2.53 387139.72 津滨发展 2.02
000993 12.44 101463.98 闽东电力 0.89
002010 5.79 150983.41 传化智联 1.22
002039 15.39 100755.31 黔源电力 3.64
002051 8.68 298492.81 中工国际 3.83
002130 7.78 565087.81 沃尔核材 5.13
002133 3.54 151841.02 广宇集团 2.31
002206 7.23 282330.41 海利得 0.56
002215 6.36 209756.72 诺普信 1.44
002256 2.95 430248.72 兆新股份 3.15
002353 39.12 44758.91 杰瑞股份 0.8
002388 6.65 204779.12 新亚制程 4.72
002392 4.3 178703.0 北京利尔 3.12
002395 10.98 131971.48 双象股份 2.23
002480 5.84 306852.0 新筑股份 5.04
002608 7.08 75157.96 江苏国信 2.17
002610 3.72 1007814.94 爱康科技 1.64
002743 6.14 49109.0 富煌钢构 1.15
002823 12.28 256176.0 凯中精密 5.68
002849 13.39 79575.4 威星智能 6.69
002999 7.51 163347.2 天禾股份 2.18
300008 4.63 919934.25 天海防务 3.81
300035 27.34 195172.84 中科电气 2.13
300105 7.18 217880.0 龙源技术 4.21
300179 16.0 139006.8 四方达 6.81
300395 59.54 53494.02 菲利华 0.92
300471 16.3 156881.27 厚普股份 4.15
300554 25.92 94149.98 三超新材 3.93
300619 77.11 17080.81 金银河 3.43
300648 49.2 51356.69 星云股份 4.59
300653 53.0 40356.63 正海生物 4.54
300789 23.09 19502.99 唐源电气 1.05
300842 66.8 41142.59 帝科股份 4.36
300926 27.1 51657.0 博俊科技 6.03
301090 12.19 254759.81 华润材料 5.09
301234 33.93 25665.61 五洲医疗 1.98
600021 10.24 526935.62 上海电力 3.02
600027 6.31 1226572.5 华电国际 7.68
600082 3.52 221112.11 海泰发展 1.73
600108 3.7 661937.25 亚盛集团 1.37
600281 5.64 159013.5 华阳新材 7.02
600319 6.64 115442.37 亚星化学 2.79
600320 3.67 159087.22 振华重工 2.23
600322 2.16 409163.66 天房发展 2.37
600353 13.77 198183.45 旭光电子 6.09
600370 3.31 367287.5 三房巷 2.16
600396 3.08 242672.59 金山股份 1.99
600397 3.52 366462.0 安源煤业 1.44
600478 8.86 304099.5 科力远 2.78
600505 9.45 121369.0 西昌电力 5.47
600533 3.79 674143.44 栖霞建设 5.87
600578 3.71 352437.53 京能电力 5.4
600581 4.57 521668.66 八一钢铁 1.78
600665 3.54 150347.69 天地源 2.61
600716 5.26 250830.14 凤凰股份 1.35
600744 4.83 127360.5 华银电力 1.47
600794 4.1 465502.62 保税科技 4.86
600821 7.86 634259.44 金开新能 4.11
600844 3.55 237606.0 丹化科技 3.5
600889 5.5 52484.0 南京化纤 1.85
600916 15.04 345425.16 中国黄金 6.29
