000059 7.58 482455.38 华锦股份 6.91
000422 16.14 449002.88 湖北宜化 4.06
000605 6.21 43489.18 渤海股份 2.65
000630 2.9 4366334.0 铜陵有色 7.01
000655 6.78 98442.61 金岭矿业 2.73
000816 4.28 1085711.5 智慧农业 6.2
000829 10.13 392503.91 天音控股 4.43
000833 6.98 137863.42 粤桂股份 3.71
000968 9.72 356744.19 蓝焰控股 5.31
002060 7.84 750449.38 粤水电 7.99
002140 10.44 205241.06 东华科技 2.15
002160 4.44 175073.0 常铝股份 1.6
002196 8.22 92478.38 方正电机 0.12
002205 10.65 176634.2 国统股份 4.82
002295 6.84 76178.01 精艺股份 2.09
002319 12.38 44493.0 乐通股份 4.65
002346 14.28 64867.34 柘中股份 2.44
002378 7.28 113707.46 章源钨业 1.82
002384 28.03 325416.25 东山精密 3.43
002536 9.03 192253.16 飞龙股份 3.79
002598 14.03 507493.0 山东章鼓 4.24
002690 25.49 52099.33 美亚光电 1.23
002724 9.31 55794.72 海洋王 1.2
002741 20.49 138848.61 光华科技 5.08
002748 11.4 28006.82 世龙实业 2.15
002752 5.39 101308.55 N兴股份 1.13
002793 8.68 228113.84 罗欣药业 5.85
002824 34.07 79260.33 和胜股份 2.31
002827 10.07 108546.78 高争民爆 5.67
002852 11.8 80327.95 道道全 1.81
002859 25.9 42356.2 洁美科技 3.23
002860 16.08 329164.03 星帅尔 7.92
002866 45.5 361359.41 传艺科技 2.45
002911 12.65 157896.66 佛燃能源 5.59
002989 13.37 28029.0 中天精装 2.14
300080 5.58 313555.66 易成新能 2.01
300154 6.01 38071.0 瑞凌股份 0.17
300187 6.24 141668.61 永清环保 1.63
300218 11.67 92530.88 安利股份 6.19
300374 11.2 41264.3 中铁装配 2.85
300422 6.01 52758.75 博世科 1.69
300427 18.7 72946.0 红相股份 1.14
300568 22.02 403134.62 星源材质 2.99
300592 16.05 90665.18 华凯易佰 1.91
300610 14.45 56971.5 晨化股份 2.63
300648 39.96 48318.05 星云股份 2.46
300727 30.0 35073.0 润禾材料 3.31
300748 34.03 132897.16 金力永磁 0.71
300919 89.03 92642.83 中伟股份 4.06
300994 20.88 23422.06 久祺股份 1.85
301131 39.85 17554.01 聚赛龙 3.75
301152 56.9 54755.42 天力锂能 1.82
301171 20.36 161245.89 易点天下 3.46
301219 77.11 27597.17 腾远钴业 3.02
301221 50.16 18773.59 光庭信息 2.85
301228 19.04 27593.62 实朴检测 2.98
600176 13.08 385451.16 中国巨石 3.4
600282 3.17 358911.94 南钢股份 1.6
600361 6.37 58704.0 创新新材 1.27
600387 8.56 75251.02 海越能源 0.35
600389 45.91 57012.15 江山股份 2.78
600459 16.29 63474.4 贵研铂业 1.43
600470 6.33 178587.41 六国化工 2.43
600505 8.17 71371.87 西昌电力 2.77
600531 5.26 237216.11 豫光金铅 3.14
600573 10.7 117678.0 惠泉啤酒 2.88
600673 11.09 719695.69 东阳光 5.52
600691 3.3 131034.0 阳煤化工 1.54
600746 8.85 48070.66 江苏索普 2.43
600888 8.72 287042.22 新疆众和 1.51
600929 8.27 208045.31 雪天盐业 3.38
