000058 6.06 442071.69 深赛格
000411 12.43 43821.78 英特集团
000422 20.77 903143.38 湖北宜化
000501 10.81 407352.19 武商集团
000503 9.07 279958.19 国新健康
000517 3.31 743042.25 荣安地产
000519 26.05 578694.75 中兵红箭
000552 4.4 1084969.38 靖远煤电
000560 2.92 415483.59 我爱我家
000576 11.72 89132.0 甘化科工
000601 5.33 283327.09 韶能股份
000632 4.33 579884.0 三木集团
000690 4.47 424698.97 宝新能源
000705 8.29 105527.4 浙江震元
000707 15.58 331932.88 双环科技
000766 4.95 174673.56 通化金马
000797 3.58 1117001.75 中国武夷
000799 166.05 97046.62 酒鬼酒
000812 5.76 1121772.12 陕西金叶
000822 10.13 583165.0 山东海化
000833 9.5 538865.38 粤桂股份
000862 7.41 495349.0 银星能源
000913 15.9 80841.47 钱江摩托
000918 2.34 497457.38 嘉凯城
000965 6.17 1373634.75 天保基建
002038 9.96 161611.06 双鹭药业
002063 7.47 461352.25 远光软件
002083 4.33 167165.0 孚日股份
002114 7.07 206342.92 罗平锌电
002120 17.71 289246.69 韵达股份
002121 7.46 2070345.0 科陆电子
002135 8.86 459103.88 东南网架
002162 4.66 322473.0 悦心健康
002166 9.2 354079.41 莱茵生物
002187 9.14 141073.09 广百股份
002191 9.89 1047402.31 劲嘉股份
002206 6.52 914723.5 海利得
002240 55.67 590583.94 盛新锂能
002305 2.94 1590365.0 南国置业
002365 12.09 224977.0 永安药业
002370 5.4 666097.0 亚太药业
002377 3.29 384844.88 国创高新
002412 6.15 151145.42 汉森制药
002420 6.87 132768.08 毅昌科技
002424 7.48 788374.38 贵州百灵
002435 4.89 452854.0 长江健康
002437 2.51 466710.69 誉衡药业
002517 5.64 458775.38 恺英网络
002566 7.94 97765.0 益盛药业
002567 7.82 630247.5 唐人神
002589 4.25 890040.62 瑞康医药
002607 5.46 1535837.75 中公教育
002620 5.76 234072.2 瑞和股份
002665 3.19 1292557.88 首航高科
002693 5.57 349593.12 双成药业
002718 13.85 35220.7 友邦吊顶
002728 13.66 138847.0 特一药业
002789 15.8 144833.41 建艺集团
002790 7.15 100302.3 瑞尔特
002817 6.79 81370.02 黄山胶囊
002898 11.54 72375.39 赛隆药业
002900 12.55 44382.5 哈三联
002907 12.85 64218.33 华森制药
002932 99.93 62326.18 明德生物
002982 40.2 29120.67 湘佳股份
300004 6.18 196213.0 南风股份
300010 3.23 939638.0 豆神教育
300026 5.96 1809085.5 红日药业
300039 6.5 640818.06 上海凯宝
300049 13.0 170383.58 福瑞股份
300086 6.48 280669.62 康芝药业
300147 5.61 260747.44 香雪制药
300158 6.98 716862.75 振东制药
300164 5.0 491103.0 通源石油
300181 8.61 238362.52 佐力药业
300204 13.33 224368.12 舒泰神
300251 8.45 348269.72 光线传媒
300254 7.58 78622.0 仟源医药
300267 3.42 362676.84 尔康制药
300347 92.7 178777.45 泰格医药
300401 14.85 292680.0 花园生物
300402 20.25 40137.0 宝色股份
300404 8.51 212730.77 博济医药
300436 37.52 45781.0 广生堂
300442 47.85 23407.88 润泽科技
300443 36.9 105089.5 金雷股份
300452 13.09 197455.88 山河药辅
300483 14.73 153847.59 首华燃气
300485 12.24 97524.95 赛升药业
300505 25.47 265725.97 川金诺
300518 56.82 17653.0 盛讯达
300519 16.99 67803.0 新光药业
300564 24.48 36574.43 筑博设计
300577 16.14 39019.27 开润股份
300584 32.1 99906.47 海辰药业
300671 66.25 110330.97 富满微
300751 395.92 17377.14 迈为股份
300755 38.23 53941.07 华致酒行
300759 127.5 70686.92 康龙化成
300798 7.65 32404.71 锦鸡股份
300878 43.32 11096.11 维康药业
300881 24.98 38979.85 盛德鑫泰
300917 36.93 93073.37 特发服务
301017 17.99 25401.35 漱玉平民
301027 27.61 76650.47 华蓝集团
301047 136.2 16634.81 义翘神州
301048 12.21 125429.24 金鹰重工
301060 35.75 92552.8 兰卫医学
301126 17.41 85722.58 达嘉维康
301130 44.67 41036.56 西点药业
301137 20.17 149675.73 哈焊华通
301163 40.18 55762.0 宏德股份
301235 37.75 21356.85 华康医疗
600017 3.25 1852634.88 日照港
600055 21.05 109323.87 万东医疗
600058 12.56 1127610.25 五矿发展
600173 5.3 85748.2 卧龙地产
600185 6.75 884442.69 格力地产
600199 28.55 477688.38 金种子酒
600211 39.01 42189.6 西藏药业
600248 5.9 1025504.75 陕西建工
600252 2.98 425934.66 中恒集团
600272 9.31 117188.0 开开实业
600276 31.19 762499.75 恒瑞医药
600325 6.92 523251.5 华发股份
600326 5.89 181629.0 西藏天路
600329 22.76 57270.1 达仁堂
600332 31.39 183434.05 白云山
600351 6.38 273867.34 亚宝药业
600370 3.62 827533.0 三房巷
600422 12.51 316965.88 昆药集团
600479 10.31 187964.55 千金药业
600529 26.44 205175.33 山东药玻
600533 3.8 527360.69 栖霞建设
600535 10.46 176566.39 天士力
600546 18.84 849549.31 山煤国际
600557 13.42 164570.91 康缘药业
600559 25.53 419789.72 老白干酒
600566 25.96 182991.02 济川药业
600572 4.56 599096.62 康恩贝
600587 19.69 99304.02 新华医疗
600613 5.79 125818.8 神奇制药
600661 9.67 245252.34 昂立教育
600665 3.5 199918.2 天地源
600668 13.97 237169.41 尖峰集团
600693 4.54 476781.81 东百集团
600744 5.09 635244.81 华银电力
600756 14.5 319492.94 浪潮软件
600771 30.93 200436.83 广誉远
600779 77.41 88221.42 水井坊
600822 9.42 168398.16 上海物贸
600936 3.94 690969.5 广西广电
600993 22.18 84497.97 马应龙
