000023 10.41 55873.0 深天地A
000040 4.28 1936225.88 东旭蓝天
000695 11.41 38024.72 滨海能源
000716 4.15 1022518.0 黑芝麻
000782 5.67 180860.19 美达股份
000999 39.7 102316.5 华润三九
002453 10.74 81831.34 华软科技
002530 6.26 216050.2 金财互联
002568 28.09 218583.12 百润股份
002584 6.55 170650.14 西陇科学
002793 7.34 101364.36 罗欣药业
002891 30.0 63113.02 中宠股份
002969 4.24 339587.0 嘉美包装
300396 16.1 41581.41 迪瑞医疗
300737 9.8 114166.55 科顺股份
300871 27.87 30141.19 回盛生物
301089 72.3 41643.67 拓新药业
301100 20.23 16385.02 风光股份
600153 14.33 445943.88 建发股份
600157 1.62 6464518.5 永泰能源
600322 2.49 2012861.5 天房发展
600339 2.92 590460.94 中油工程
600557 13.93 298251.75 康缘药业
600566 24.25 172151.42 济川药业
600846 8.26 136579.52 同济科技
600987 7.3 315060.81 航民股份
