000035 5.86 1494500.38 中国天楹
000400 20.95 322681.56 许继电气
000426 7.58 319410.09 兴业矿业
000506 3.36 645414.94 中润资源
000545 4.91 792239.94 金浦钛业
000550 18.57 251043.8 江铃汽车
000561 8.56 111064.57 烽火电子
000565 6.91 72984.96 渝三峡A
000636 17.11 89465.81 风华高科
000638 5.58 49284.0 万方发展
000795 7.83 703104.19 英洛华
000810 18.41 286730.84 创维数字
000811 10.39 108392.03 冰轮环境
000836 3.15 871418.38 富通信息
000862 7.6 239357.05 银星能源
000903 3.17 366574.09 云内动力
000906 12.0 169773.28 浙商中拓
000922 10.06 162812.53 佳电股份
000933 14.24 706992.88 神火股份
000955 4.52 85248.34 欣龙控股
000963 47.05 176618.88 华东医药
000969 9.34 239737.05 安泰科技
002011 18.68 577219.38 盾安环境
002023 10.25 240637.64 海特高新
002026 13.65 164017.77 山东威达
002041 20.23 129944.8 登海种业
002048 16.8 116493.91 宁波华翔
002056 24.16 643994.19 横店东磁
002068 19.3 224945.41 黑猫股份
002073 7.79 258646.56 软控股份
002085 6.88 606352.31 万丰奥威
002094 3.97 225697.48 青岛金王
002123 13.17 153340.19 梦网科技
002129 54.82 485559.41 TCL中环
002148 5.04 142376.19 北纬科技
002167 7.51 173239.56 东方锆业
002171 10.16 328476.62 楚江新材
002194 10.83 420714.62 武汉凡谷
002196 11.09 147026.05 方正电机
002222 17.05 142516.23 福晶科技
002225 5.26 373203.03 濮耐股份
002248 8.79 216944.0 华东数控
002249 6.54 638407.81 大洋电机
002265 15.25 91175.26 西仪股份
002268 45.94 161421.2 电科网安
002282 7.95 40258.62 博深股份
002283 6.87 187579.22 天润工业
002284 10.46 255542.7 亚太股份
002303 3.54 129123.08 美盈森
002315 14.07 45010.32 焦点科技
002324 16.05 148702.78 普利特
002329 6.91 211483.64 皇氏集团
002337 5.29 718298.5 赛象科技
002363 7.8 197287.5 隆基机械
002378 8.38 126730.75 章源钨业
002402 18.2 233312.08 和而泰
002406 5.83 236318.52 远东传动
002444 18.69 219833.0 巨星科技
002445 2.37 387566.38 中南文化
002455 14.18 336978.88 百川股份
002459 75.88 242833.09 晶澳科技
002469 6.08 182767.64 三维化学
002488 8.25 187684.84 金固股份
002494 4.49 63616.0 华斯股份
002531 17.89 430434.44 天顺风能
002533 8.8 569356.5 金杯电工
002540 6.63 293713.38 亚太科技
002554 3.6 365920.0 惠博普
002580 9.22 269933.62 圣阳股份
002583 5.36 166737.23 海能达
002598 12.29 333136.03 山东章鼓
002611 4.99 482328.41 东方精工
002635 15.2 177881.05 安洁科技
002641 5.5 427666.0 公元股份
002654 3.95 157842.0 万润科技
002655 13.89 182604.0 共达电声
002664 17.37 69750.0 信质集团
002665 3.63 1572779.5 首航高科
002666 5.52 211381.05 德联集团
002671 5.17 310687.0 龙泉股份
002683 30.67 182679.28 广东宏大
002691 5.79 49218.3 冀凯股份
002715 15.38 44050.02 登云股份
002733 18.3 137683.73 雄韬股份
002762 8.43 171029.08 金发拉比
002771 9.67 90592.1 真视通
002772 7.15 98598.36 众兴菌业
002787 6.3 63742.48 华源控股
002795 9.12 312827.72 永和智控
002801 30.88 41593.45 微光股份
002809 10.03 29153.75 红墙股份
002816 19.26 25802.0 和科达
002835 11.86 87349.98 同为股份
002836 8.68 24840.2 新宏泽
002845 13.61 211901.56 同兴达
002881 33.6 37922.28 美格智能
002886 21.07 36929.62 沃特股份
002903 16.29 50882.4 宇环数控
002906 54.7 81813.33 华阳集团
002908 13.0 212738.23 德生科技
002927 12.3 59842.07 泰永长征
002931 11.98 41545.27 锋龙股份
002933 27.98 36899.0 新兴装备
002935 22.29 35822.27 天奥电子
002947 19.28 29778.99 恒铭达
002950 14.09 163539.89 奥美医疗
002952 15.35 71406.59 亚世光电
002960 30.9 73086.56 青鸟消防
002968 25.6 23926.49 新大正
002970 27.17 25165.67 锐明技术
002993 48.0 72516.2 奥海科技
002997 31.0 256264.69 瑞鹄模具
300001 19.06 198414.77 特锐德
300004 6.69 72644.0 南风股份
300007 21.16 288330.81 汉威科技
300011 6.38 85752.48 鼎汉技术
300024 10.46 568176.88 机器人
300035 27.1 289189.88 中科电气
300044 3.56 308959.09 赛为智能
300080 6.26 563948.38 易成新能
300082 11.1 107613.99 奥克股份
300087 14.96 150954.2 荃银高科
300092 11.37 45096.39 科新机电
300100 10.05 131854.81 双林股份
300102 7.42 253791.08 乾照光电
300112 10.6 99674.22 万讯自控
300126 6.39 34787.0 锐奇股份
300139 9.09 96381.1 晓程科技
300157 3.84 182829.44 恒泰艾普
300161 22.72 62830.68 华中数控
300167 5.6 187017.0 迪威迅
300182 5.62 924232.25 捷成股份
300191 22.04 40864.23 潜能恒信
300193 9.01 67392.53 佳士科技
300208 14.26 171656.08 青岛中程
300222 8.84 219105.48 科大智能
300227 7.57 63575.62 光韵达
300250 14.25 119248.93 初灵信息
300258 13.7 98748.58 精锻科技
300263 9.39 367359.47 隆华科技
300272 6.07 161584.91 开能健康
300276 4.36 267942.88 三丰智能
300291 4.72 175004.09 百纳千成
300293 10.62 53564.61 蓝英装备
300305 14.58 72392.52 裕兴股份
300307 6.22 129408.14 慈星股份
300335 5.33 96332.0 迪森股份
300375 4.69 165630.98 鹏翎股份
300393 17.09 859530.06 中来股份
300395 48.75 52590.44 菲利华
300397 10.64 149182.95 天和防务
300410 9.4 59673.4 正业科技
300416 26.0 50641.87 苏试试验
300421 12.47 84560.4 力星股份
300427 17.85 86747.07 红相股份
300428 37.83 196950.28 立中集团
300441 6.97 78479.92 鲍斯股份
300443 50.32 92456.99 金雷股份
300444 5.87 223648.2 双杰电气
300446 11.76 31465.19 乐凯新材
300461 15.83 9869.1 田中精机
300472 11.95 198100.3 新元科技
300488 26.79 27491.2 恒锋工具
300507 7.67 450172.25 苏奥传感
300508 26.75 34850.25 维宏股份
300514 11.56 48561.77 友讯达
300515 10.94 19941.1 三德科技
300527 7.69 200391.77 中船应急
300543 11.46 62948.74 朗科智能
300545 20.0 160014.8 联得装备
300547 21.62 70108.97 川环科技
300549 14.19 15689.69 优德精密
300557 32.87 8510.12 理工光科
300566 18.04 58052.04 激智科技
300570 19.55 45222.44 太辰光
300573 96.0 30965.82 兴齐眼药
300582 14.88 89397.33 英飞特
300589 14.95 330473.75 江龙船艇
300590 14.0 125496.91 移为通信
300602 15.8 111213.87 飞荣达
300606 12.9 24664.42 金太阳
300610 21.39 114792.6 晨化股份
300615 11.5 14022.86 欣天科技
300620 34.7 18960.83 光库科技
300638 25.08 47528.52 广和通
300644 16.48 13727.68 南京聚隆
300650 13.22 53448.17 太龙股份
300667 17.08 21687.0 必创科技
300680 29.18 61756.77 隆盛科技
300681 62.12 45654.15 英搏尔
300691 15.39 63374.96 联合光电
300694 11.09 43683.58 蠡湖股份
300719 11.82 118901.54 安达维尔
300721 36.1 9053.0 怡达股份
300722 33.37 59506.65 新余国科
300726 53.03 39802.05 宏达电子
300742 15.81 36937.72 越博动力
300763 242.4 56196.5 锦浪科技
300786 15.75 114998.28 国林科技
300790 19.34 30160.78 宇瞳光学
300799 71.21 19078.21 左江科技
300810 20.31 20629.09 中科海讯
300820 71.34 20362.5 英杰电气
300825 15.74 75248.9 阿尔特
300828 18.87 86844.39 锐新科技
300835 40.91 81289.41 龙磁科技
300836 26.01 15417.8 佰奥智能
300847 13.03 50397.31 中船汉光
300848 18.84 18535.0 美瑞新材
300862 28.2 9304.18 蓝盾光电
300890 55.07 36234.58 翔丰华
300896 618.38 22591.05 爱美客
300905 18.18 6511.0 宝丽迪
300912 17.4 14455.32 凯龙高科
300930 41.52 15957.25 屹通新材
300932 19.74 20941.05 三友联众
300946 40.25 28107.11 恒而达
300960 19.8 12428.74 通业科技
300961 15.04 114134.74 深水海纳
300994 27.52 33119.6 久祺股份
301000 31.31 7432.51 肇民科技
301005 24.63 20804.64 超捷股份
301007 15.32 44117.93 德迈仕
301008 27.87 12612.82 宏昌科技
301009 12.45 50079.43 可靠股份
301010 25.2 37868.72 晶雪节能
301021 26.95 28773.82 英诺激光
301022 34.11 6774.7 海泰科
301042 37.26 13492.34 安联锐视
301050 100.2 17478.54 雷电微力
301072 32.95 46919.53 中捷精工
301092 30.96 29030.52 争光股份
301110 42.52 11327.78 青木股份
301133 31.56 29513.83 金钟股份
301179 45.66 42450.5 泽宇智能
301183 32.42 21836.89 东田微
301187 24.38 98179.57 欧圣电气
301198 22.36 26438.06 喜悦智行
301215 6.77 194438.2 中汽股份
301222 32.5 34152.12 浙江恒威
301268 57.3 41740.97 铭利达
600072 12.89 190559.06 中船科技
600101 10.92 313030.09 明星电力
600108 3.45 326021.59 亚盛集团
600172 10.11 1039607.25 黄河旋风
600207 7.11 136382.38 安彩高科
600216 14.36 215497.62 浙江医药
600243 4.79 270267.19 青海华鼎
600281 5.26 72594.14 华阳新材
600288 15.51 55604.05 大恒科技
600297 2.68 1223338.0 广汇汽车
600302 5.55 69288.98 标准股份
600330 14.02 495619.81 天通股份
600345 16.61 31922.7 长江通信
600348 20.37 1394693.88 华阳股份
600355 3.32 539226.0 精伦电子
600363 29.05 109995.72 联创光电
600458 11.53 285660.44 时代新材
600469 4.89 87643.05 风神股份
600546 15.31 729216.88 山煤国际
600560 11.43 79047.79 金自天正
600580 14.88 412641.41 卧龙电驱
600592 8.28 52925.59 龙溪股份
600593 15.65 92100.08 大连圣亚
600617 5.18 238458.66 国新能源
600619 7.28 231427.58 海立股份
600673 11.09 354005.0 东阳光
600732 38.22 540612.31 爱旭股份
600742 9.84 191600.02 一汽富维
600764 24.88 74495.9 中国海防
600875 17.31 209256.72 东方电气
600876 23.08 151490.5 洛阳玻璃
600903 8.65 310743.78 贵州燃气
600929 9.8 276393.56 雪天盐业
600977 11.9 334838.72 中国电影
600979 3.52 382324.0 广安爱众
600980 17.0 26138.02 北矿科技
