000090 6.68 329401.59 天健集团
000301 14.59 269402.31 东方盛虹
000519 22.41 586254.19 中兵红箭
000537 17.63 246117.22 广宇发展
000546 15.42 360512.88 金圆股份
000566 5.02 324406.59 海南海药
000592 2.76 604580.81 平潭发展
000681 16.78 437512.41 视觉中国
000683 10.12 1489505.12 远兴能源
000859 7.2 244307.41 国风新材
002009 19.33 72026.52 天奇股份
002060 8.8 3491777.25 粤水电
002096 11.2 52168.01 南岭民爆
002104 11.91 1197303.75 恒宝股份
002129 44.16 326999.53 TCL中环
002208 9.22 661091.56 合肥城建
002329 5.3 290618.69 皇氏集团
002390 6.05 801508.94 信邦制药
002398 7.88 234949.0 垒知集团
002438 15.97 49490.34 江苏神通
002441 8.95 62021.0 众业达
002460 129.66 244581.0 赣锋锂业
002466 84.99 569345.5 天齐锂业
002488 6.93 116410.31 金固股份
002497 30.2 421062.69 雅化集团
002594 237.02 251259.95 比亚迪
002649 12.93 175602.58 博彦科技
002693 5.15 119642.0 双成药业
002709 99.17 133876.48 天赐材料
002727 23.88 105825.96 一心堂
002728 17.27 157210.55 特一药业
002735 27.6 15385.47 王子新材
002747 20.89 96988.54 埃斯顿
002759 28.73 153865.56 天际股份
002785 20.77 157687.52 万里石
002800 18.86 94765.16 天顺股份
002805 35.5 86432.19 丰元股份
002807 4.03 328047.78 江阴银行
002837 36.82 50756.51 英维克
002929 30.42 24494.0 润建股份
002947 20.7 52783.72 恒铭达
300049 13.72 91936.0 福瑞股份
300058 8.41 1400087.38 蓝色光标
300073 79.38 79025.32 当升科技
300075 24.45 397815.81 数字政通
300103 9.13 32516.49 达刚控股
300138 17.64 84238.92 晨光生物
300149 12.99 64246.9 睿智医药
300154 7.05 149924.14 瑞凌股份
300205 17.9 222963.19 天喻信息
300206 11.6 97498.83 理邦仪器
300274 111.91 190213.77 阳光电源
300300 5.79 246073.0 海峡创新
300347 106.21 110006.42 泰格医药
300404 13.71 245297.0 博济医药
300409 20.79 85204.79 道氏技术
300559 13.0 133063.66 佳发教育
300632 12.73 72768.06 光莆股份
300653 62.78 14656.96 正海生物
300742 35.24 49147.0 越博动力
300743 13.22 72760.87 天地数码
300751 514.99 7232.98 迈为股份
300753 18.13 17613.47 爱朋医疗
300763 215.0 23526.65 锦浪科技
300823 26.88 78145.81 建科机械
300841 180.2 8261.61 康华生物
300928 53.52 7075.73 华安鑫创
300938 41.81 8065.68 信测标准
300957 186.8 28705.15 贝泰妮
600012 7.74 142218.11 皖通高速
600039 10.68 495255.38 四川路桥
600079 17.26 176948.56 人福医药
600110 11.93 516673.28 诺德股份
600116 11.85 216692.89 三峡水利
600138 12.65 501126.88 中青旅
600196 55.17 1082190.62 复星医药
600197 27.25 89441.21 伊力特
600201 11.87 155446.23 生物股份
600273 10.15 257119.58 嘉化能源
600313 7.78 3023151.25 农发种业
600321 2.31 422771.0 正源股份
600330 11.69 132374.09 天通股份
600456 51.95 75698.51 宝钛股份
600499 20.01 282806.5 科达制造
600510 12.39 799891.56 黑牡丹
600647 17.17 36063.71 同达创业
600718 12.08 152603.38 东软集团
600721 8.44 65034.01 百花医药
600722 6.32 165616.92 金牛化工
600770 7.59 406835.06 综艺股份
600784 6.71 201391.11 鲁银投资
600861 23.99 50284.34 北京城乡
