000070 6.9 143999.64 特发信息
000078 3.49 384971.19 海王生物
000153 8.95 148217.7 丰原药业
000517 3.03 302893.31 荣安地产
000526 15.85 41195.9 学大教育
000530 6.18 698784.25 冰山冷热
000558 2.99 205709.05 莱茵体育
000586 8.68 45533.01 汇源通信
000692 4.51 282372.88 惠天热电
000702 7.4 387260.16 正虹科技
000719 8.29 155460.48 中原传媒
000820 6.34 911856.25 神雾节能
000961 2.66 750522.62 中南建设
002095 13.58 79840.94 生意宝
002127 4.89 398281.72 南极电商
002146 2.88 751397.06 荣盛发展
002150 8.85 213311.59 通润装备
002151 30.69 54654.69 北斗星通
002183 6.1 903414.25 怡亚通
002246 9.21 396167.19 北化股份
002292 5.22 798940.94 奥飞娱乐
002307 5.77 447178.62 北新路桥
002330 7.12 326991.16 得利斯
002351 10.23 236899.64 漫步者
002400 4.66 310519.16 省广集团
002413 5.39 212020.5 雷科防务
002449 9.34 211064.52 国星光电
002607 4.57 337643.03 中公教育
002625 18.55 498281.84 光启技术
002649 10.79 151382.08 博彦科技
002693 5.15 172564.44 双成药业
002697 5.01 192836.95 红旗连锁
002717 3.07 833992.5 岭南股份
002738 100.88 286947.75 中矿资源
002746 10.11 184906.12 仙坛股份
002805 53.88 179517.88 丰元股份
002820 8.5 65441.49 桂发祥
002836 9.1 35085.6 新宏泽
002862 12.6 76863.19 实丰文化
002878 19.42 101856.75 元隆雅图
002887 9.54 73454.25 绿茵生态
002892 16.37 161308.98 科力尔
002909 10.23 193220.12 集泰股份
002935 23.31 51967.88 天奥电子
300003 18.8 307870.19 乐普医疗
300043 3.23 357570.0 星辉娱乐
300052 20.99 154180.58 中青宝
300063 4.12 262961.5 天龙集团
300148 3.53 369445.12 天舟文化
300163 3.62 118733.24 先锋新材
300177 7.46 207768.05 中海达
300192 6.08 76203.06 科德教育
300242 3.38 142871.0 佳云科技
300249 11.75 802812.19 依米康
300252 8.48 117264.1 金信诺
300269 4.75 166325.94 联建光电
300295 9.25 62047.33 三六五网
300417 11.09 27850.6 南华仪器
300459 3.76 1932596.38 汤姆猫
300564 13.51 16339.8 筑博设计
300609 14.7 49052.29 汇纳科技
300731 25.48 148149.84 科创新源
300736 11.19 12732.2 百邦科技
300742 13.45 36762.0 越博动力
300743 12.47 42437.44 天地数码
300749 7.83 40263.45 顶固集创
300781 18.7 22937.29 因赛集团
300808 13.96 16593.0 久量股份
300819 15.75 93008.9 聚杰微纤
300844 26.83 5019.53 山水比德
300845 14.28 41111.81 捷安高科
300856 62.48 30291.64 科思股份
300870 55.25 11471.0 欧陆通
300952 17.5 17518.54 恒辉安防
300959 38.01 36975.65 线上线下
300986 34.47 16726.33 志特新材
301016 20.2 19172.44 雷尔伟
301025 11.66 81845.03 读客文化
301053 23.44 19861.77 远信工业
301057 20.82 16769.46 汇隆新材
301128 31.8 20562.05 强瑞技术
301133 25.88 22131.83 金钟股份
301171 21.11 153692.91 易点天下
301191 80.38 15244.9 菲菱科思
301263 32.26 88025.76 泰恩康
600017 3.15 545196.12 日照港
600052 5.77 172600.81 东望时代
600103 2.58 447021.97 青山纸业
600202 6.18 261245.0 哈空调
600278 7.57 219410.38 东方创业
600287 5.65 85808.38 江苏舜天
600325 8.24 373959.94 华发股份
600345 16.72 30448.19 长江通信
600356 7.27 52034.99 恒丰纸业
600463 7.71 43835.07 空港股份
600493 5.98 105501.0 凤竹纺织
600498 14.58 133111.25 烽火通信
600522 24.73 785076.44 中天科技
600615 8.93 75873.81 丰华股份
600764 24.06 56822.4 中国海防
600785 14.43 93374.98 新华百货
600793 14.3 78475.2 宜宾纸业
600819 5.25 135127.0 耀皮玻璃
600830 5.94 121529.53 香溢融通
600909 5.12 1930172.0 华安证券
600963 5.54 295144.09 岳阳林纸
600968 2.83 2447021.5 海油发展
