000034 15.19 197445.28 神州数码
000417 4.73 438924.09 合肥百货
000524 12.64 469572.84 岭南控股
000530 5.21 1272779.0 冰山冷热
000595 3.84 901684.56 宝塔实业
000712 15.53 198601.95 锦龙股份
000721 5.03 609084.25 西安饮食
000900 4.69 825170.94 现代投资
000911 11.4 246388.59 南宁糖业
000975 10.51 1284493.62 银泰黄金
002144 10.89 89252.31 宏达高科
002163 12.71 522354.09 海南发展
002226 6.4 675118.56 江南化工
002235 6.53 897787.38 安妮股份
002320 6.2 517394.28 海峡股份
002507 34.21 301885.62 涪陵榨菜
002557 56.63 87865.63 洽洽食品
002697 5.31 521694.09 红旗连锁
002749 9.71 38860.24 国光股份
002758 15.44 282498.09 浙农股份
002942 18.16 24236.74 新农股份
002949 16.5 85513.88 华阳国际
300011 7.33 260573.56 鼎汉技术
300022 5.63 330696.53 吉峰科技
300071 3.01 194345.98 福石控股
300437 25.58 388726.81 清水源
300576 32.32 94311.17 容大感光
300635 16.48 53766.41 中达安
300771 20.1 71382.86 智莱科技
300918 10.09 124673.54 南山智尚
301058 18.93 225733.91 中粮科工
600191 5.05 55661.9 华资实业
600198 7.68 134230.06 大唐电信
600283 13.77 151910.59 钱江水利
600295 31.6 363952.0 鄂尔多斯
600328 17.37 457492.69 中盐化工
600331 3.59 2761881.5 宏达股份
600409 8.16 689171.19 三友化工
600593 13.9 13191.0 大连圣亚
600629 8.5 305564.03 华建集团
600675 4.65 1828435.75 中华企业
600753 17.03 137196.91 东方银星
600824 4.21 469500.12 益民集团
600995 15.15 319407.53 南网储能
