000007 7.39 117603.54 全新好 4.23
000048 20.33 45091.01 京基智农 3.72
000430 5.79 253569.05 张家界 2.48
000700 4.41 138407.19 模塑科技 0.92
002040 6.55 138857.09 南京港 4.3
002136 13.96 116149.74 安纳达 1.82
002209 6.58 22852.0 达意隆 0.15
002301 6.17 88807.2 齐心集团 2.83
002501 2.06 149528.03 利源精制 3.52
002868 10.95 24183.9 绿康生化 3.4
300022 4.92 201814.0 吉峰科技 3.36
300050 3.87 252887.88 世纪鼎利 5.74
300179 12.35 165673.23 四方达 3.17
300258 9.14 62476.0 精锻科技 1.33
300269 3.34 113943.0 联建光电 1.83
300610 13.16 45258.7 晨化股份 1.62
300612 19.27 254653.95 宣亚国际 3.94
300742 27.82 14224.0 越博动力 0.69
300749 7.08 75165.18 顶固集创 0.57
300891 11.2 91691.05 惠云钛业 3.04
301012 46.9 58633.64 扬电科技 6.28
600085 42.54 149227.97 同仁堂 1.48
600249 5.01 83188.61 两面针 2.88
600322 2.31 904477.88 天房发展 3.12
600335 7.14 583443.0 国机汽车 5.0
600389 63.48 73860.11 江山股份 4.58
600576 4.98 82167.62 祥源文旅 2.26
600605 7.73 28273.22 汇通能源 2.66
600673 6.89 222606.53 东阳光 1.47
600692 6.3 188688.27 亚通股份 5.0
600811 2.89 968857.06 东方集团 5.47
600831 6.06 282539.0 广电网络 2.71
