000002 20.46 2177339.5 万科A
000035 5.85 490437.47 中国天楹
000036 4.5 240455.2 华联控股
000042 9.04 195606.92 中洲控股
000056 5.04 454057.0 皇庭国际
000333 54.3 699405.81 美的集团
000401 8.98 216797.16 冀东水泥
000521 4.76 336889.41 长虹美菱
000551 9.9 60788.53 创元科技
000560 2.96 1906179.25 我爱我家
000584 8.78 389536.72 哈工智能
000655 7.32 131908.5 金岭矿业
000736 19.0 920913.5 中交地产
000737 5.82 216905.86 北方铜业
000786 27.53 211321.44 北新建材
000789 9.28 155231.3 万年青
000803 12.46 136552.02 山高环能
000807 12.3 1155278.0 云铝股份
000858 183.27 419577.62 五粮液
000877 9.56 343555.44 天山股份
000878 12.77 303830.19 云南铜业
000921 14.25 134606.69 海信家电
000933 17.67 513551.69 神火股份
000960 14.3 324586.47 锡业股份
002002 3.52 1310914.5 鸿达兴业
002027 6.86 2101707.75 分众传媒
002081 5.3 274947.16 金螳螂
002092 7.4 1260790.0 中泰化学
002223 36.39 377587.72 鱼跃医疗
002233 7.93 244268.31 塔牌集团
002244 10.23 606499.44 滨江集团
002319 12.66 38258.36 乐通股份
002356 5.84 138848.41 赫美集团
002551 5.85 1141783.75 尚荣医疗
002601 19.78 356695.25 龙佰集团
002694 5.83 162740.59 顾地科技
002791 109.8 49924.93 坚朗五金
002853 20.81 59823.62 皮阿诺
002915 19.78 76024.19 中欣氟材
002949 14.86 26788.0 华阳国际
002959 67.6 34218.63 小熊电器
300009 10.32 186877.23 安科生物
300059 20.58 2803555.0 东方财富
300076 6.23 98767.7 GQY视讯
300093 46.81 42216.0 金刚光伏
300241 5.21 328574.47 瑞丰光电
300244 26.98 215395.94 迪安诊断
300246 17.79 117532.1 宝莱特
300289 6.78 325947.22 利德曼
300318 6.5 261210.88 博晖创新
300381 8.79 153784.3 溢多利
300453 9.5 73342.5 三鑫医疗
300487 78.38 37258.5 蓝晓科技
300554 27.89 53478.94 三超新材
300737 14.0 237456.48 科顺股份
300833 90.05 8296.66 浩洋股份
300866 64.49 75304.7 安克创新
300898 24.31 146535.59 熊猫乳品
300911 48.87 41107.01 亿田智能
301097 62.0 22509.54 天益医疗
301121 60.53 30849.49 紫建电子
301207 52.74 50429.51 华兰疫苗
301235 45.65 35885.65 华康医疗
301268 49.33 29009.76 铭利达
301369 106.27 15386.09 联动科技
600031 16.91 1942469.25 三一重工
600048 16.45 1239041.5 保利发展
600060 14.76 145387.41 海信视像
600153 15.2 398825.88 建发股份
600197 25.34 120111.32 伊力特
600208 2.85 2361993.0 新湖中宝
600267 11.64 282456.5 海正药业
600277 4.6 1575904.5 亿利洁能
600325 10.43 690522.31 华发股份
600328 16.97 421203.5 中盐化工
600362 18.08 250273.27 江西铜业
600383 11.84 1151664.25 金地集团
600409 7.08 295674.53 三友化工
600497 5.49 1012271.81 驰宏锌锗
600507 6.32 223873.25 方大特钢
600559 27.5 563934.19 老白干酒
600581 4.49 709997.75 八一钢铁
600585 30.25 494676.75 海螺水泥
600603 9.67 772600.38 广汇物流
600606 3.37 1486249.62 绿地控股
600665 3.94 313654.75 天地源
600823 2.67 1016339.62 世茂股份
600888 8.95 281608.72 新疆众和
600906 9.16 1612451.38 财达证券
600966 8.07 174170.84 博汇纸业
600996 11.14 469980.97 贵广网络
