000657 14.89 258625.09 中钨高新
000948 21.98 1128208.25 南天信息
000969 8.36 194935.48 安泰科技
002031 2.98 2362153.0 巨轮智能
002218 5.46 455728.88 拓日新能
002246 10.56 630697.81 北化股份
002284 7.81 123660.5 亚太股份
002342 4.19 418023.19 巨力索具
002347 4.81 398186.38 泰尔股份
002361 4.23 309855.31 神剑股份
002460 79.98 323899.06 赣锋锂业
002501 2.27 424649.53 利源精制
002547 6.0 1360752.12 春兴精工
002559 8.44 687509.38 亚威股份
002629 4.27 539492.06 仁智股份
002662 3.87 2170557.0 京威股份
002757 11.87 307863.84 南兴股份
002824 29.96 65778.5 和胜股份
002896 25.85 132545.17 中大力德
002937 26.2 61882.37 兴瑞科技
300112 10.32 191362.62 万讯自控
300132 6.21 177270.88 青松股份
300353 9.35 179002.72 东土科技
300415 22.09 166088.41 伊之密
300432 14.72 342108.72 富临精工
300488 25.25 49469.53 恒锋工具
300566 23.56 79805.0 激智科技
300576 23.63 103478.15 容大感光
300620 35.66 57327.02 光库科技
300706 22.62 62022.79 阿石创
300707 17.66 42701.58 威唐工业
300762 11.77 174827.69 上海瀚讯
300776 179.2 27774.62 帝尔激光
300809 25.02 126150.43 华辰装备
300820 115.41 17649.84 英杰电气
300893 31.9 27268.03 松原股份
300946 34.09 29909.75 恒而达
301007 12.37 43851.06 德迈仕
301133 22.47 8144.61 金钟股份
301191 72.2 10463.53 菲菱科思
301195 74.27 10415.44 北路智控
301308 60.59 56914.57 江波龙
301369 103.5 30337.61 联动科技
600418 13.85 1039232.94 江淮汽车
600486 97.0 62316.27 扬农化工
600579 7.36 221304.91 克劳斯
600698 4.74 219920.7 湖南天雁
600699 16.25 574245.12 均胜电子
