000034 17.86 212962.3 神州数码
000068 3.82 382779.19 华控赛格
000151 10.05 169991.84 中成股份
000506 3.67 1071034.0 中润资源
000544 6.54 126150.83 中原环保
000753 3.89 420211.69 漳州发展
000981 1.61 612928.62 山子股份
002182 22.1 309262.09 云海金属
002279 5.31 770860.56 久其软件
002520 6.13 140896.0 日发精机
002598 11.85 523868.47 山东章鼓
002630 3.18 1388332.5 华西能源
002642 5.5 251904.64 荣联科技
002733 16.28 93865.13 雄韬股份
002819 24.8 57940.2 东方中科
002828 9.92 603849.81 贝肯能源
002849 14.98 32517.6 威星智能
002966 7.06 500044.0 苏州银行
002980 24.62 14126.5 华盛昌
300018 6.55 123281.48 中元股份
300052 18.67 216160.41 中青宝
300274 116.6 232112.0 阳光电源
300360 13.11 100283.97 炬华科技
300536 15.2 66045.76 农尚环境
300596 57.06 23223.01 利安隆
300793 13.42 50896.11 佳禾智能
300802 18.88 23287.7 矩子科技
300884 11.96 155838.34 狄耐克
301024 22.98 7412.45 霍普股份
301029 64.71 24851.04 怡合达
301152 52.93 53900.58 天力锂能
301208 39.91 14223.89 中亦科技
301283 49.0 10493.09 聚胶股份
600073 7.77 183581.06 上海梅林
600149 6.15 275610.19 廊坊发展
600158 8.72 414141.81 中体产业
600509 4.89 138874.55 天富能源
600790 3.6 174715.69 轻纺城
600875 21.25 301384.22 东方电气
