000153 12.38 811212.19 丰原药业
000417 4.83 195585.48 合肥百货
000566 4.86 337130.25 海南海药
000597 5.53 180228.12 东北制药
000601 5.08 157347.66 韶能股份
000661 170.73 57691.89 长春高新
000705 8.85 172651.12 浙江震元
000756 22.7 406621.84 新华制药
000768 26.7 369358.81 中航西飞
000799 119.8 98792.33 酒鬼酒
000858 155.05 410406.47 五粮液
000860 29.95 196531.64 顺鑫农业
000868 6.05 235371.81 安凯客车
000882 1.78 490875.12 华联股份
000957 13.49 305120.97 中通客车
000999 58.34 146479.44 华润三九
002035 6.29 297302.91 华帝股份
002036 12.88 201308.42 联创电子
002062 5.98 591991.38 宏润建设
002114 6.85 45266.74 罗平锌电
002159 13.73 78398.27 三特索道
002181 7.47 2062381.5 粤传媒
002199 6.99 39736.2 东晶电子
002223 36.76 428761.38 鱼跃医疗
002238 7.05 367522.53 天威视讯
002264 5.82 82931.82 新华都
002277 3.71 280135.69 友阿股份
002285 3.2 719579.38 世联行
002292 4.73 244492.05 奥飞娱乐
002330 6.66 269023.09 得利斯
002372 22.77 171362.16 伟星新材
002377 3.08 295969.0 国创高新
002383 6.77 192180.45 合众思壮
002481 6.04 173983.2 双塔食品
002507 25.35 131637.95 涪陵榨菜
002520 6.22 603648.56 日发精机
002537 9.37 1420005.5 海联金汇
002578 4.74 267495.0 闽发铝业
002580 11.02 221797.41 圣阳股份
002584 7.32 211523.69 西陇科学
002596 3.18 483433.72 海南瑞泽
002614 8.35 238673.16 奥佳华
002620 5.93 146046.0 瑞和股份
002628 3.86 314058.0 成都路桥
002641 4.79 331706.09 公元股份
002646 14.51 49417.03 天佑德酒
002657 16.53 262107.92 中科金财
002659 4.86 530940.0 凯文教育
002663 2.02 359169.75 普邦股份
002668 5.89 248803.88 奥马电器
002687 4.59 141359.95 乔治白
002695 10.98 47229.0 煌上煌
002702 5.96 167059.28 海欣食品
002727 34.69 176913.05 一心堂
002774 6.98 75045.63 快意电梯
002798 8.08 79592.79 帝欧家居
002816 15.53 18114.04 和科达
002819 25.25 29005.9 东方中科
002860 16.35 98979.03 星帅尔
002885 32.18 86259.33 京泉华
002900 14.47 53145.79 哈三联
002933 24.91 55735.03 新兴装备
002950 13.35 117881.5 奥美医疗
300007 18.97 76517.29 汉威科技
300030 7.99 176510.72 阳普医疗
300052 19.5 138455.66 中青宝
300065 15.24 228772.66 海兰信
300094 5.71 611124.25 国联水产
300142 45.12 313401.78 沃森生物
300143 11.27 112867.48 盈康生命
300205 12.81 123057.7 天喻信息
300206 14.45 239581.27 理邦仪器
300280 17.19 19312.95 紫天科技
300287 3.81 230577.77 飞利信
300291 4.52 124885.58 百纳千成
300327 38.76 153603.09 中颖电子
300413 25.55 121211.83 芒果超媒
300426 6.44 44003.0 唐德影视
300434 11.15 237815.23 金石亚药
300447 16.9 43971.02 全信股份
300479 18.11 48507.75 神思电子
300528 7.18 130135.97 幸福蓝海
300579 25.86 60021.8 数字认证
300656 34.24 17561.94 民德电子
300673 17.99 29456.3 佩蒂股份
300677 25.07 260831.44 英科医疗
300782 117.69 80826.49 卓胜微
300839 19.16 77677.97 博汇股份
300872 15.21 167319.72 天阳科技
300883 6.51 48442.97 龙利得
300896 477.98 22724.83 爱美客
300972 12.03 21122.18 万辰生物
300973 87.98 12966.22 立高食品
300997 11.18 25085.79 欢乐家
301039 8.42 135798.48 中集车辆
301111 25.14 57927.14 粤万年青
301112 29.15 8087.45 信邦智能
301126 19.02 169490.73 达嘉维康
301130 33.2 16112.19 西点药业
301159 31.65 35099.59 三维天地
301230 49.25 25963.78 泓博医药
301268 45.5 18952.69 铭利达
301367 267.0 16226.18 怡和嘉业
600064 7.45 417499.41 南京高科
600067 3.61 548093.19 冠城大通
600113 7.33 131904.03 浙江东日
600196 37.15 475527.41 复星医药
600257 5.08 90785.01 大湖股份
600272 10.48 142778.52 开开实业
600327 4.74 138040.11 大东方
600335 8.11 168554.0 国机汽车
600419 14.9 64042.3 天润乳业
600420 9.67 152781.8 国药现代
600565 2.45 924062.0 迪马股份
600600 100.61 95170.74 青岛啤酒
600613 10.41 627973.38 神奇制药
600643 5.7 174582.81 爱建集团
600664 3.05 421581.47 哈药股份
600711 6.07 347529.84 盛屯矿业
600712 4.09 125822.48 南宁百货
600766 14.13 35010.03 园城黄金
600807 3.79 241377.12 济南高新
600829 7.56 341882.25 人民同泰
600859 25.35 403390.28 王府井
600880 4.97 236344.41 博瑞传播
