000524 10.42 171254.0 岭南控股
000570 5.46 356577.28 苏常柴A
000913 26.17 52856.56 钱江摩托
002027 5.46 1553773.12 分众传媒
002043 8.95 130355.36 兔宝宝
002059 6.96 335289.44 云南旅游
002077 13.97 634397.94 大港股份
002121 8.04 421274.38 科陆电子
002129 45.73 487578.56 TCL中环
002158 25.66 88242.57 汉钟精机
002159 12.56 61259.1 三特索道
002229 6.84 93880.53 鸿博股份
002241 28.56 379167.69 歌尔股份
002329 7.75 864431.69 皇氏集团
002334 8.98 910575.12 英威腾
002336 8.47 323875.41 人人乐
002402 15.91 172177.41 和而泰
002403 7.35 40731.93 爱仕达
002489 3.99 1031707.62 浙江永强
002524 7.21 419912.16 光正眼科
002531 13.78 431691.53 天顺风能
002553 15.14 462433.59 南方精工
002568 28.5 346798.81 百润股份
002575 6.38 302496.0 群兴玩具
002612 22.55 130654.55 朗姿股份
002648 21.96 320761.44 卫星化学
002668 5.84 514857.62 奥马电器
002739 11.24 325900.03 万达电影
002821 144.0 47850.15 凯莱英
002837 31.3 218047.08 英维克
002843 18.43 98611.58 泰嘉股份
002953 11.32 44903.2 日丰股份
002960 25.69 45113.42 青鸟消防
300041 18.48 85732.12 回天新材
300049 19.2 91802.27 福瑞股份
300093 53.3 73375.33 金刚光伏
300101 29.27 120828.21 振芯科技
300144 13.06 520446.53 宋城演艺
300239 7.69 116224.01 东宝生物
300317 5.53 128986.81 珈伟新能
300363 48.31 110137.84 博腾股份
300373 52.15 61039.09 扬杰科技
300395 62.21 59326.49 菲利华
300400 16.3 48254.16 劲拓股份
300443 40.85 71850.3 金雷股份
300457 24.89 93737.53 赢合科技
300464 5.98 124376.91 星徽股份
300481 39.53 108262.89 濮阳惠成
300532 13.19 63671.05 今天国际
300533 26.37 28099.43 冰川网络
300566 26.82 148257.39 激智科技
300569 9.89 123585.16 天能重工
300613 58.53 30993.29 富瀚微
300633 41.49 65712.55 开立医疗
300653 48.76 20451.77 正海生物
300656 33.72 18537.59 民德电子
300662 35.12 19747.01 科锐国际
300691 15.73 49911.02 联合光电
300705 18.6 39270.16 九典制药
300718 22.5 95979.91 长盛轴承
300745 37.82 35421.33 欣锐科技
300756 13.44 16265.0 金马游乐
300759 54.26 131740.2 康龙化成
300772 20.02 156438.16 运达股份
300785 37.5 96131.44 值得买
300850 87.54 71535.54 新强联
300859 31.7 136233.53 西域旅游
300909 30.57 23755.62 汇创达
300939 32.12 18016.5 秋田微
300943 14.07 39931.53 春晖智控
300979 51.5 24816.28 华利集团
300999 42.89 79669.78 金龙鱼
301011 28.38 37246.48 华立科技
301023 41.23 6505.14 江南奕帆
301030 32.09 78529.02 仕净科技
301073 68.82 27897.2 君亭酒店
301080 126.5 4935.51 百普赛斯
301113 34.95 23168.59 雅艺科技
301155 92.15 43639.17 海力风电
301266 60.2 25398.33 宇邦新材
301312 115.63 6055.6 智立方
301327 237.3 38256.26 华宝新能
600054 11.07 107719.41 黄山旅游
600138 11.76 384114.16 中青旅
600206 14.09 235028.31 有研新材
600325 10.22 657387.31 华发股份
600358 6.17 114151.51 国旅联合
600383 11.5 488917.97 金地集团
600522 24.54 577483.38 中天科技
600593 13.91 17753.0 大连圣亚
600619 6.35 238790.88 海立股份
600702 144.03 119396.81 舍得酒业
600732 36.68 299562.62 爱旭股份
600749 11.41 86485.5 西藏旅游
600995 16.85 157681.08 南网储能
