000032 24.7 122088.53 深桑达A
000566 5.78 720101.19 海南海药
000682 8.04 295461.0 东方电子
000777 14.6 146949.05 中核科技
000881 10.15 194790.36 中广核技
000925 9.27 160884.98 众合科技
000955 5.8 521382.97 欣龙控股
000988 26.44 104833.26 华工科技
002045 13.29 268305.81 国光电器
002055 15.09 144888.38 得润电子
002068 11.14 495474.84 黑猫股份
002083 4.98 279060.12 孚日股份
002115 6.39 371187.44 三维通信
002118 3.59 1322401.25 紫鑫药业
002131 2.61 1947493.12 利欧股份
002137 6.37 206354.64 实益达
002152 12.72 932746.88 广电运通
002189 20.88 57397.36 中光学
002190 31.58 57644.88 成飞集成
002222 18.4 222341.36 福晶科技
002241 50.83 509361.38 歌尔股份
002252 7.58 1678061.62 上海莱士
002268 48.3 215833.28 电科网安
002273 16.48 524970.56 水晶光电
002300 9.08 456898.97 太阳电缆
002370 9.59 2271241.25 亚太药业
002382 18.06 503571.97 蓝帆医疗
002384 26.09 212236.52 东山精密
002401 10.96 83258.75 中远海科
002402 27.31 186665.56 和而泰
002425 9.18 780459.81 凯撒文化
002446 6.17 235020.41 盛路通信
002449 11.23 156380.95 国星光电
002484 24.7 127858.07 江海股份
002518 24.42 99505.55 科士达
002558 12.36 411184.91 巨人网络
002581 22.09 368946.88 未名医药
002597 43.28 60137.92 金禾实业
002636 14.03 84164.8 金安国纪
002643 24.11 101161.59 万润股份
002667 14.63 139896.31 鞍重股份
002735 23.49 57078.66 王子新材
002738 59.03 122132.19 中矿资源
002741 21.94 48503.98 光华科技
002768 30.73 89510.15 国恩股份
002813 25.69 26292.87 路畅科技
002859 36.39 67287.51 洁美科技
002895 26.99 307337.84 川恒股份
002897 42.88 78918.0 意华股份
002902 13.9 55465.26 铭普光磁
002915 29.31 42726.33 中欣氟材
002923 25.76 54256.26 润都股份
002929 35.66 36163.28 润建股份
002935 33.61 51482.56 天奥电子
002970 40.5 17416.04 锐明技术
002972 20.66 17231.0 科安达
002981 24.07 18532.0 朝阳科技
002988 21.39 49625.4 豪美新材
002990 34.23 30001.03 盛视科技
300002 6.45 1155009.25 神州泰岳
300007 26.3 82227.29 汉威科技
300032 6.98 345476.62 金龙机电
300034 49.1 83289.51 钢研高纳
300036 26.96 216609.09 超图软件
300045 12.59 510466.25 华力创通
300048 7.33 319735.47 合康新能
300054 23.53 162614.03 鼎龙股份
300057 9.05 216828.45 万顺新材
300073 88.5 117619.0 当升科技
300078 7.67 326092.0 思创医惠
300081 15.51 400369.03 恒信东方
300083 13.69 321700.66 创世纪
300099 9.37 417775.53 精准信息
300101 20.24 104021.73 振芯科技
300114 15.85 76172.6 中航电测
300131 8.26 626381.75 英唐智控
300134 11.72 135880.16 大富科技
300179 10.63 73802.54 四方达
300183 17.9 52849.48 东软载波
300218 18.71 22386.66 安利股份
300223 109.45 86823.95 北京君正
300252 9.51 130717.8 金信诺
300253 15.7 333058.56 卫宁健康
300258 15.8 97741.97 精锻科技
300263 9.75 134574.31 隆华科技
300299 6.26 354540.72 富春股份
300308 40.15 111595.77 中际旭创
300310 5.56 603896.25 宜通世纪
300314 14.94 141336.16 戴维医疗
300315 4.87 1028471.94 掌趣科技
300342 13.95 137552.31 天银机电
300343 16.94 570440.94 联创股份
300346 46.53 96217.59 南大光电
300364 14.07 672326.19 中文在线
300411 8.3 75357.14 金盾股份
300415 20.24 92322.36 伊之密
300416 32.95 28600.09 苏试试验
300418 23.33 565103.38 昆仑万维
300432 28.75 201910.28 富临精工
300438 44.44 174018.52 鹏辉能源
300458 61.25 66155.95 全志科技
300463 35.1 562899.5 迈克生物
300507 13.33 224448.05 苏奥传感
300508 40.47 14888.1 维宏股份
300512 17.82 99994.13 中亚股份
300525 25.83 79376.76 博思软件
300533 20.58 34283.5 冰川网络
300548 34.78 94486.22 博创科技
300559 9.59 79698.5 佳发教育
300562 16.59 216701.59 乐心医疗
300566 26.51 20432.7 激智科技
300567 62.89 32262.21 精测电子
300569 13.08 99686.02 天能重工
300570 18.63 67714.46 太辰光
300571 64.0 62797.53 平治信息
300578 29.9 68576.98 会畅通讯
300581 23.54 45640.09 晨曦航空
300602 24.81 65878.35 飞荣达
300612 26.53 222343.5 宣亚国际
300624 53.7 97771.56 万兴科技
300629 27.56 20113.0 新劲刚
300632 16.5 225692.36 光莆股份
300634 18.23 137348.2 彩讯股份
300638 50.28 42369.81 广和通
300640 7.2 102661.0 德艺文创
300656 53.41 18769.71 民德电子
300657 16.81 137358.59 弘信电子
300672 155.31 43473.11 国科微
300686 15.06 42981.06 智动力
300691 21.99 60154.03 联合光电
300693 34.94 83540.05 盛弘股份
300705 35.46 37456.04 九典制药
300706 27.95 25541.34 阿石创
300708 18.28 137241.62 聚灿光电
300721 48.98 14557.0 怡达股份
300722 38.37 20828.72 新余国科
300726 85.46 26065.2 宏达电子
300739 17.83 38977.36 明阳电路
300795 29.19 9390.71 米奥会展
300811 91.03 15986.8 铂科新材
300818 49.3 63140.0 耐普矿机
300845 25.17 43227.0 捷安高科
300846 15.25 195443.41 首都在线
300848 33.26 21473.85 美瑞新材
300852 55.55 20778.46 四会富仕
300857 30.38 81861.06 协创数据
300861 68.0 23327.61 美畅股份
300863 87.77 13110.45 卡倍亿
300890 55.35 21152.8 翔丰华
300903 26.56 22560.7 科翔股份
300913 28.9 23642.91 兆龙互连
300918 11.04 115681.53 南山智尚
300928 69.0 49267.41 华安鑫创
300987 36.41 53159.82 川网传媒
300993 30.55 11253.09 玉马遮阳
301002 57.33 24053.69 崧盛股份
301031 149.01 11125.88 中熔电气
301047 381.3 13315.22 义翘神州
301072 37.25 46887.57 中捷精工
301083 19.01 85139.65 百胜智能
301179 54.52 27853.39 泽宇智能
600083 6.5 27463.0 博信股份
600110 15.47 761076.56 诺德股份
600158 13.17 344048.88 中体产业
600172 8.56 331757.19 黄河旋风
600184 14.46 82870.48 光电股份
600210 8.05 247326.81 紫江企业
600288 15.48 177495.55 大恒科技
600330 14.41 199932.94 天通股份
600335 8.5 291147.16 国机汽车
600366 12.28 362764.09 宁波韵升
600416 19.74 136576.0 湘电股份
600458 13.44 299340.44 时代新材
600460 50.93 233084.66 士兰微
600478 7.11 232921.58 科力远
600480 10.69 311860.5 凌云股份
600487 15.36 418756.94 亨通光电
600641 28.37 97124.31 万业企业
600699 21.48 525010.56 均胜电子
600728 8.93 475474.5 佳都科技
600773 26.57 430099.12 西藏城投
600812 12.59 453935.59 华北制药
600850 36.2 117534.49 电科数字
600992 11.42 284404.0 贵绳股份
