000422 19.72 581519.62 湖北宜化
000428 4.11 328538.81 华天酒店
000430 6.35 107700.1 张家界
000565 7.34 113048.62 渝三峡A
000576 15.06 199705.77 甘化科工
000610 9.15 125474.82 西安旅游
000688 20.05 141680.56 国城矿业
000719 7.94 143634.86 中原传媒
000721 4.42 244270.95 西安饮食
000729 8.93 588583.38 燕京啤酒
000910 8.88 82775.47 大亚圣象
000953 6.1 57709.0 河化股份
002017 13.45 147247.67 东信和平
002020 9.19 200440.59 京新药业
002063 6.85 562502.25 远光软件
002167 7.63 323579.38 东方锆业
002201 15.64 122542.3 正威新材
002215 6.35 457739.56 诺普信
002227 16.5 176282.5 奥特迅
002274 9.53 359833.75 华昌化工
002278 6.04 378382.62 神开股份
002280 3.61 1613849.25 联络互动
002329 10.6 2078970.12 皇氏集团
002332 9.26 333325.41 仙琚制药
002434 11.02 746753.25 万里扬
002513 5.57 328876.81 蓝丰生化
002588 6.8 380819.72 史丹利
002595 26.15 94797.06 豪迈科技
002734 10.8 225818.0 利民股份
002772 7.7 86366.0 众兴菌业
002783 10.54 212732.0 凯龙股份
002803 12.33 178917.06 吉宏股份
002821 171.2 55461.64 凯莱英
002825 16.83 379467.69 纳尔股份
002829 40.16 51558.24 星网宇达
002869 22.79 93447.5 金溢科技
002871 13.47 68906.56 伟隆股份
002949 14.33 138815.31 华阳国际
300005 8.3 145852.03 探路者
300087 16.92 389156.31 荃银高科
300152 3.9 361884.31 新动力
300182 5.71 951489.94 捷成股份
300275 14.15 81827.84 梅安森
300278 5.08 186463.77 华昌达
300342 9.63 104474.7 天银机电
300347 104.91 85902.89 泰格医药
300387 7.33 202527.2 富邦股份
300435 17.82 328152.28 中泰股份
300518 57.9 30736.15 盛讯达
300536 16.35 55886.64 农尚环境
300540 21.69 52792.6 蜀道装备
300603 10.6 101357.26 立昂技术
300725 82.0 36759.83 药石科技
300765 16.48 91964.01 新诺威
300783 20.37 55022.86 三只松鼠
300901 9.91 79546.39 中胤时尚
300970 18.97 56560.1 华绿生物
300973 80.38 15217.92 立高食品
300993 13.37 60520.98 玉马遮阳
301090 11.71 181600.38 华润材料
301096 79.2 8384.16 百诚医药
301207 53.95 35814.5 华兰疫苗
600021 10.3 951473.25 上海电力
600066 7.77 251553.34 宇通客车
600077 3.44 725001.94 宋都股份
600096 27.42 823405.69 云天化
600141 41.08 353019.78 兴发集团
600258 20.96 169192.88 首旅酒店
600277 5.26 1369230.75 亿利洁能
600279 4.61 192645.52 重庆港
600328 19.88 309854.25 中盐化工
600373 9.66 192243.47 中文传媒
600375 9.0 149503.03 汉马科技
600381 12.19 150151.61 青海春天
600389 58.44 45365.69 江山股份
600416 24.45 158685.91 湘电股份
600512 2.81 263324.69 腾达建设
600531 5.58 281237.75 豫光金铅
600573 9.35 101179.0 惠泉啤酒
600587 19.96 66237.32 新华医疗
600593 15.22 31830.99 大连圣亚
600618 11.5 96727.35 氯碱化工
600691 4.08 382522.06 阳煤化工
600766 12.62 49977.07 园城黄金
600771 29.1 99202.79 广誉远
600795 4.48 3634116.0 国电电力
600796 6.34 243934.16 钱江生化
600860 18.37 337547.19 京城股份
600875 19.9 800399.31 东方电气
600883 8.56 78755.23 博闻科技
600888 10.16 599147.75 新疆众和
600927 19.52 108032.55 永安期货
600995 17.57 284254.72 南网储能
