000516 9.69 382911.12 国际医学 1.68
002047 3.17 364250.31 宝鹰股份 2.26
002168 3.31 130257.84 惠程科技 0.92
002424 7.69 658710.06 贵州百灵 3.64
002483 6.32 220402.12 润邦股份 4.46
002518 27.25 254934.12 科士达 0.04
002612 26.65 165296.84 朗姿股份 2.11
300007 17.7 248518.86 汉威科技 4.67
300115 9.91 501365.44 长盈精密 1.75
300120 6.85 80253.3 经纬辉开 1.48
300306 11.0 209311.8 远方信息 1.29
300331 17.7 99689.59 苏大维格 4.18
300650 11.22 86639.57 太龙股份 2.19
300659 20.64 31216.6 中孚信息 0.58
300726 59.08 32062.38 宏达电子 4.31
300785 28.5 40384.51 值得买 1.6
300824 10.71 54620.67 北鼎股份 1.32
300929 13.56 62627.71 华骐环保 2.57
300945 16.99 156050.23 曼卡龙 4.04
300990 55.0 19984.46 同飞股份 5.77
300996 26.36 42570.48 普联软件 4.73
301187 24.0 107730.48 欧圣电气 1.7
