000557 5.57 394099.41 西部创业 1.27
000695 14.13 69647.71 滨海能源 5.61
002292 4.92 333132.41 奥飞娱乐 1.24
002323 3.99 355613.16 雅博股份 1.27
002338 25.4 74392.68 奥普光电 3.63
002341 4.05 127338.0 新纶新材 0.5
002626 19.53 118706.71 金达威 2.68
002712 4.74 193139.8 思美传媒 2.15
002772 8.78 194430.92 众兴菌业 1.86
002858 13.44 127115.0 力盛体育 1.97
300042 13.12 64670.01 朗科科技 2.42
300074 3.95 141973.94 华平股份 3.4
300078 5.1 500622.09 思创医惠 3.87
300096 6.87 217289.8 易联众 4.25
300119 21.01 52120.46 瑞普生物 1.55
300140 8.2 346975.69 中环装备 4.59
300300 4.43 199312.69 海峡创新 4.48
300339 21.23 763445.75 润和软件 4.58
300380 16.86 66543.5 安硕信息 1.69
300468 12.19 370542.19 四方精创 0.99
300506 6.93 161256.77 名家汇 4.21
300536 15.18 36351.75 农尚环境 1.74
300550 15.0 35275.03 和仁科技 5.71
300557 31.59 9082.0 理工光科 0.38
300579 27.41 102060.79 数字认证 2.89
300609 17.48 56759.09 汇纳科技 3.68
300623 22.69 185560.58 捷捷微电 4.9
300765 17.36 110539.98 新诺威 5.28
300770 36.79 31732.83 新媒股份 2.82
300791 34.01 48973.78 仙乐健康 7.59
300972 12.81 54453.39 万辰生物 2.23
301026 36.73 47228.32 浩通科技 3.96
301085 31.11 11254.02 亚康股份 1.63
301126 18.88 166836.94 达嘉维康 0.27
301263 33.0 43277.94 泰恩康 4.3
301289 47.26 5649.0 国缆检测 2.01
301339 18.65 92181.84 通行宝 1.36
600230 18.12 176241.77 沧州大化 2.49
600272 11.06 225614.41 开开实业 3.17
600477 4.49 1716319.25 杭萧钢构 3.69
600968 3.43 1119565.62 海油发展 5.21
