000036 4.0 71718.28 华联控股 0.5
000065 8.37 486855.69 北方国际 5.55
000404 6.36 404239.44 长虹华意 2.42
000415 2.37 672925.69 渤海租赁 5.8
000507 5.75 71808.02 珠海港 0.7
000521 4.51 393383.56 长虹美菱 2.73
000607 4.63 140969.59 华媒控股 1.53
000830 14.48 308414.62 鲁西化工 3.06
000852 7.69 383595.44 石化机械 4.63
000985 16.24 21651.01 大庆华科 1.18
002020 9.08 157988.0 京新药业 3.3
002136 15.69 166815.34 安纳达 0.26
002159 11.43 44718.0 三特索道 2.33
002303 3.59 151185.89 美盈森 0.84
002395 9.05 57824.42 双象股份 1.12
002517 7.03 1273712.0 恺英网络 2.18
002637 15.51 102114.31 赞宇科技 5.73
002707 6.35 307107.31 众信旅游 4.44
002721 3.64 307895.03 金一文化 2.54
002918 12.94 84637.0 蒙娜丽莎 2.78
300079 5.72 542193.44 数码视讯 1.06
300225 7.54 220320.59 金力泰 1.21
300229 14.53 297961.75 拓尔思 3.93
300344 5.62 228207.72 立方数科 2.93
300872 14.3 180833.86 天阳科技 3.77
600021 9.23 300090.88 上海电力 0.65
600038 51.76 377185.31 中直股份 6.39
600500 7.4 627481.0 中化国际 5.87
600935 5.62 128985.59 华塑股份 1.26
