000019 7.75 322772.16 深粮控股
000738 25.05 276993.19 航发控制
000768 30.76 630760.94 中航西飞
000875 8.07 1589894.88 吉电股份
002101 12.91 356944.19 广东鸿图
002151 38.16 176421.41 北斗星通
002248 9.35 434090.56 华东数控
002297 8.95 303624.09 博云新材
002317 10.66 522515.72 众生药业
002389 22.32 349859.56 航天彩虹
002413 6.47 863328.56 雷科防务
002534 25.7 114907.76 西子洁能
002545 11.95 569243.31 东方铁塔
002557 58.5 90002.74 洽洽食品
002617 14.39 1522377.88 露笑科技
002728 15.14 142336.61 特一药业
002767 14.55 138998.91 先锋电子
002860 19.99 79113.52 星帅尔
002893 9.98 236945.44 华通热力
002943 32.41 215469.0 宇晶股份
002977 72.82 21258.03 天箭科技
300034 43.49 173634.09 钢研高纳
300101 19.76 349028.38 振芯科技
300123 7.92 422405.41 亚光科技
300163 4.07 536697.06 先锋新材
300181 9.94 623288.06 佐力药业
300235 13.0 164984.0 方直科技
300276 4.41 724980.5 三丰智能
300395 55.54 45331.12 菲利华
300412 16.27 356570.31 迦南科技
300414 10.88 194049.31 中光防雷
300424 15.49 144781.2 航新科技
300436 38.15 120549.25 广生堂
300446 14.04 178028.38 乐凯新材
300472 14.8 372611.75 新元科技
300474 120.76 102337.66 景嘉微
300497 16.01 729432.56 富祥药业
300516 34.48 47741.01 久之洋
300545 21.92 62566.03 联得装备
300553 38.27 19968.78 集智股份
300557 32.55 30919.28 理工光科
300588 14.6 144853.16 熙菱信息
300600 9.85 106947.83 国瑞科技
300629 30.27 132790.41 新劲刚
300746 17.38 280438.0 汉嘉设计
300809 47.78 158596.73 华辰装备
300810 23.74 56652.24 中科海讯
300900 32.54 106915.89 广联航空
300946 70.68 31308.78 恒而达
300965 66.98 14650.22 恒宇信通
300985 38.82 107473.69 致远新能
301007 21.73 95040.45 德迈仕
301050 194.0 27037.05 雷电微力
301111 37.66 126150.46 粤万年青
301129 63.22 26160.24 瑞纳智能
600039 11.35 819322.81 四川路桥
600083 9.85 108329.12 博信股份
600118 26.02 210998.81 中国卫星
600148 15.98 41368.33 长春一东
600151 11.27 428533.38 航天机电
600212 4.78 278793.97 绿能慧充
600343 12.0 384517.62 航天动力
600351 7.61 884755.19 亚宝药业
600435 9.86 731596.5 北方导航
600521 22.6 495841.66 华海药业
600577 6.6 903484.56 精达股份
600685 20.15 254275.02 中船防务
600698 4.53 724131.38 湖南天雁
600760 56.55 440564.03 中航沈飞
600764 33.42 128065.53 中国海防
600769 7.75 311382.94 祥龙电业
600862 26.33 253033.56 中航高科
600876 25.04 170690.59 洛阳玻璃
600956 14.82 188013.2 新天绿能
