000008 2.86 979303.5 神州高铁
000552 3.92 2233474.5 靖远煤电
000609 4.84 37708.02 中迪投资
000656 5.08 1267937.0 金科股份
000683 8.87 1707764.5 远兴能源
000717 4.81 677929.12 中南股份
000786 36.51 278389.97 北新建材
000825 7.43 1614267.0 太钢不锈
000895 31.6 182858.92 双汇发展
000898 4.02 1027270.25 鞍钢股份
000905 7.71 159223.44 厦门港务
000921 17.0 96043.92 海信家电
000932 5.8 3370542.0 华菱钢铁
000980 5.92 901442.19 众泰汽车
002026 21.17 496631.53 山东威达
002043 12.67 271672.81 兔宝宝
002049 227.35 104795.0 紫光国微
002110 7.47 904764.81 三钢闽光
002164 7.02 196685.0 宁波东力
002188 4.95 117417.39 中天服务
002233 11.0 303824.72 塔牌集团
002282 10.2 89026.6 博深股份
002468 9.95 267273.56 申通快递
002508 36.99 136974.83 老板电器
002539 14.16 411737.84 云图控股
002541 54.2 46050.02 鸿路钢构
002677 18.0 79710.86 浙江美大
002705 24.98 170373.23 新宝股份
002818 13.27 67185.69 富森美
002948 4.46 324084.25 青岛银行
002959 66.41 33576.38 小熊电器
300051 5.42 70349.86 三五互联
300197 3.0 624229.94 节能铁汉
300332 10.58 270319.78 天壕环境
600159 3.53 1294349.88 大龙地产
600170 3.52 1141656.25 上海建工
600188 23.86 548810.25 兖矿能源
600231 2.78 304881.69 凌钢股份
600282 3.87 948718.75 南钢股份
600307 2.32 1119945.62 酒钢宏兴
600315 42.66 284092.28 上海家化
600508 10.81 181500.61 上海能源
600528 8.88 409616.03 中铁工业
600569 3.12 690101.12 安阳钢铁
600581 6.83 1161825.0 八一钢铁
600620 9.51 73450.55 天宸股份
600633 11.46 2087398.88 浙数文化
600984 11.7 385658.47 建设机械
600989 16.74 417805.22 宝丰能源
