000561 7.52 61694.3 烽火电子
000729 7.77 422118.0 燕京啤酒
000901 10.14 240165.0 航天科技
000920 10.89 379913.41 沃顿科技
002095 17.34 205750.28 生意宝
002152 12.94 910293.12 广电运通
002544 22.99 178757.28 普天科技
002570 5.72 1301727.88 贝因美
002599 5.95 479310.81 盛通股份
002785 25.3 60250.25 万里石
002875 10.99 131839.86 安奈儿
300249 8.44 671592.19 依米康
300345 5.75 187434.2 华民股份
300520 21.92 122517.2 科大国创
300581 26.72 261226.42 晨曦航空
300710 61.66 23977.17 万隆光电
300769 512.6 13573.81 德方纳米
600539 8.34 148750.08 狮头股份
600600 94.89 86567.4 青岛啤酒
600683 5.46 530079.38 京投发展
600775 10.39 93576.3 南京熊猫
600996 7.87 1014374.44 贵广网络
