000622 4.07 127092.0 恒立实业
000820 3.75 101517.0 神雾节能
000821 9.04 668321.62 京山轻机
002251 9.96 2405703.0 步步高
002386 9.55 192084.41 天原股份
002570 4.72 268742.03 贝因美
002612 24.86 249129.52 朗姿股份
002640 2.97 235847.0 跨境通
002788 8.26 163726.61 鹭燕医药
002940 44.3 63876.0 昂利康
300116 1.92 897074.88 保力新
300142 52.09 419133.69 沃森生物
300404 12.23 161815.2 博济医药
300416 29.5 38025.48 苏试试验
300436 45.95 125808.26 广生堂
300611 8.5 15925.98 美力科技
300612 18.12 201287.48 宣亚国际
300659 19.08 59754.6 中孚信息
300723 30.22 59186.82 一品红
300952 19.54 74389.97 恒辉安防
301066 20.76 63758.53 万事利
301101 37.02 22261.88 明月镜片
301212 53.77 169359.02 联盛化学
600121 3.9 407885.19 郑州煤电
600156 4.51 462590.0 华升股份
600258 22.1 148433.84 首旅酒店
600361 5.53 87799.17 创新新材
600448 4.21 1581184.0 华纺股份
600523 18.58 61385.4 贵航股份
600587 21.81 335169.19 新华医疗
600610 13.68 63558.1 中毅达
600630 5.97 863445.31 龙头股份
600653 2.0 1219123.75 申华控股
600790 3.98 447381.28 轻纺城
600814 7.05 181889.34 杭州解百
600892 4.96 594784.0 大晟文化
