000017 4.35 81487.9 深中华A
000025 20.82 112435.15 特力A
000026 9.93 85769.81 飞亚达
000420 4.84 398209.44 吉林化纤
000518 3.18 217707.38 四环生物
000537 11.95 381642.88 广宇发展
000559 6.2 307247.69 万向钱潮
000655 7.6 109479.0 金岭矿业
000707 11.37 263897.59 双环科技
000722 14.53 275312.47 湖南发展
000726 7.44 77373.84 鲁泰A
000731 9.7 441108.62 四川美丰
000736 12.49 351483.72 中交地产
000768 32.01 368797.19 中航西飞
000816 4.38 263655.56 智慧农业
000821 21.48 955191.81 京山轻机
000836 3.12 330992.25 富通信息
000838 6.19 169107.95 财信发展
000887 21.05 353776.09 中鼎股份
000935 21.47 76508.85 四川双马
000953 5.98 46206.0 河化股份
002025 74.98 55343.25 航天电器
002056 22.0 335715.88 横店东磁
002080 26.97 257056.95 中材科技
002115 4.73 240745.3 三维通信
002123 14.89 330430.38 梦网科技
002128 12.96 195601.27 电投能源
002132 6.2 629500.25 恒星科技
002141 5.32 294118.5 贤丰控股
002154 3.84 121717.02 报喜鸟
002162 4.33 189888.31 悦心健康
002165 4.55 180525.0 红宝丽
002167 7.44 134154.73 东方锆业
002190 28.9 69521.21 成飞集成
002206 6.66 179322.0 海利得
002215 5.94 234232.42 诺普信
002234 16.03 65411.43 民和股份
002235 4.8 183121.64 安妮股份
002254 17.4 190816.2 泰和新材
002286 11.37 144605.94 保龄宝
002297 9.56 631566.75 博云新材
002378 8.41 105161.47 章源钨业
002383 7.89 567295.69 合众思壮
002409 66.5 136684.41 雅克科技
002414 13.5 672425.12 高德红外
002448 7.27 248475.06 中原内配
002453 12.18 73334.64 华软科技
002472 36.79 174904.84 双环传动
002531 16.68 405385.28 天顺风能
002540 6.59 216662.52 亚太科技
002566 7.81 48968.0 益盛药业
002579 9.93 1013393.38 中京电子
002585 26.35 500962.62 双星新材
002625 17.86 221167.77 光启技术
002627 5.19 153173.58 三峡旅游
002642 6.24 312105.94 荣联科技
002645 21.42 87728.69 华宏科技
002650 4.19 146482.5 加加食品
002662 3.92 257816.78 京威股份
002716 2.77 244292.64 金贵银业
002724 15.0 56292.7 海洋王
002741 22.33 59754.44 光华科技
002750 10.67 111777.42 龙津药业
002758 12.15 29685.77 浙农股份
002774 7.43 43112.05 快意电梯
002785 25.61 30071.02 万里石
002847 98.0 20290.93 盐津铺子
002848 11.91 67603.0 高斯贝尔
002860 14.74 172843.8 星帅尔
002864 35.57 63321.76 盘龙药业
002873 15.74 53076.92 新天药业
002907 12.86 31816.0 华森制药
002923 16.97 20307.75 润都股份
002935 22.07 34411.43 天奥电子
002939 8.98 342294.91 长城证券
002960 30.46 55304.53 青鸟消防
002970 29.5 40271.15 锐明技术
002982 39.95 16657.34 湘佳股份
002986 24.66 21652.16 宇新股份
300025 5.96 105281.18 华星创业
300037 46.67 145863.31 新宙邦
300052 23.29 259756.86 中青宝
300057 13.24 464879.69 万顺新材
300071 3.33 144664.66 福石控股
300100 10.1 149415.0 双林股份
300101 26.16 222580.23 振芯科技
300129 9.01 211839.55 泰胜风能
300165 5.42 205412.69 天瑞仪器
300167 5.77 102617.0 迪威迅
300171 28.04 57912.94 东富龙
300203 27.75 52643.43 聚光科技
300204 12.4 87749.17 舒泰神
300234 6.48 143326.81 开尔新材
300237 2.48 224068.0 美晨生态
300249 10.03 289247.09 依米康
300254 7.02 48520.5 仟源医药
300267 3.39 222890.0 尔康制药
300275 13.82 58700.0 梅安森
300300 4.55 293384.88 海峡创新
300342 10.74 140794.98 天银机电
300401 16.55 182161.56 花园生物
300432 19.43 303312.0 富临精工
300438 74.0 95457.47 鹏辉能源
300440 7.16 52878.4 运达科技
300442 49.7 10356.0 润泽科技
300443 46.71 96276.0 金雷股份
300446 12.15 66096.49 乐凯新材
300457 29.23 93515.07 赢合科技
300461 15.91 8949.15 田中精机
300462 10.54 55879.0 华铭智能
300497 13.61 85390.76 富祥药业
300520 20.67 176850.2 科大国创
300534 9.15 162319.0 陇神戎发
300540 24.03 27440.44 蜀道装备
300553 38.38 9101.6 集智股份
300573 96.88 32976.2 兴齐眼药
300575 17.94 34782.0 中旗股份
300587 14.6 352818.44 天铁股份
300612 19.2 77003.7 宣亚国际
300615 11.99 24705.44 欣天科技
300622 21.04 16275.58 博士眼镜
300636 14.07 73142.12 同和药业
300684 15.7 60520.65 中石科技
300685 29.15 46617.23 艾德生物
300731 24.2 73907.91 科创新源
300733 24.2 21208.0 西菱动力
300752 24.83 48317.37 隆利科技
300776 235.09 15881.98 帝尔激光
300777 47.72 63063.25 中简科技
300791 30.46 19978.54 仙乐健康
300813 37.5 13393.12 泰林生物
300816 30.51 12963.0 艾可蓝
300817 18.19 47380.0 双飞股份
300858 27.76 18626.31 科拓生物
300871 21.53 13821.81 回盛生物
300889 15.22 33477.41 爱克股份
300901 9.51 19179.73 中胤时尚
300902 38.91 25067.78 国安达
300911 64.17 16338.77 亿田智能
300963 19.03 91318.11 中洲特材
300965 51.43 6152.0 恒宇信通
300994 25.15 18442.66 久祺股份
301032 9.24 25561.43 新柴股份
301058 17.16 65118.4 中粮科工
301071 206.0 19403.46 力量钻石
301081 15.82 14379.96 严牌股份
301158 20.4 22077.77 德石股份
301286 21.91 47160.98 侨源股份
600006 7.06 521042.47 东风汽车
600077 3.42 288307.44 宋都股份
600121 5.3 286609.19 郑州煤电
600135 8.19 128698.62 乐凯胶片
600172 9.9 541916.5 黄河旋风
600246 11.11 247606.19 万通发展
600255 2.93 562887.81 鑫科材料
600281 5.47 87910.98 华阳新材
600416 27.19 214227.92 湘电股份
600422 11.65 80416.0 昆药集团
600455 21.62 14159.0 博通股份
600456 57.92 104241.34 宝钛股份
600466 1.43 824950.81 蓝光发展
600479 9.45 103094.26 千金药业
600495 4.16 255923.16 晋西车轴
600508 15.97 113711.43 上海能源
600551 12.08 68198.23 时代出版
600592 8.77 85946.64 龙溪股份
600657 5.63 477374.53 信达地产
600740 6.21 515504.19 山西焦化
600768 10.04 22828.0 宁波富邦
600833 9.79 50924.0 第一医药
600863 3.51 1067266.0 内蒙华电
