000008 2.44 491973.62 神州高铁
000017 3.68 493343.0 深中华A
000036 4.11 225727.69 华联控股
000530 4.0 526768.62 冰山冷热
000532 11.36 83421.7 华金资本
000534 12.14 50333.43 万泽股份
000548 5.11 621354.62 湖南投资
000557 4.23 279774.41 西部创业
000713 10.11 843098.06 丰乐种业
000723 11.69 1259915.62 美锦能源
000779 13.23 406642.72 甘咨询
000852 6.49 316560.56 石化机械
000915 40.65 41098.65 华特达因
000996 6.28 81516.81 中国中期
002037 9.6 443288.0 保利联合
002045 8.17 131880.0 国光电器
002059 7.31 414413.47 云南旅游
002068 11.5 473920.09 黑猫股份
002074 34.47 400324.84 国轩高科
002084 3.9 94710.7 海鸥住工
002163 14.67 543934.25 海南发展
002183 8.0 2793166.0 怡亚通
002246 9.24 536402.88 北化股份
002274 9.2 261397.59 华昌化工
002320 5.66 240440.09 海峡股份
002336 6.45 107175.0 人人乐
002401 8.52 47335.74 中远海科
002444 18.32 231246.28 巨星科技
002468 11.37 359045.38 申通快递
002474 5.89 248291.8 榕基软件
002642 5.39 329903.53 荣联科技
002694 4.89 184788.52 顾地科技
002748 11.92 63622.0 世龙实业
002780 14.27 155078.7 三夫户外
002789 17.25 246820.36 建艺集团
300005 9.83 489903.88 探路者
300073 67.73 78651.66 当升科技
300074 3.64 271573.5 华平股份
300096 6.37 115807.0 易联众
300105 5.46 149560.81 龙源技术
300164 4.84 784494.5 通源石油
300192 5.88 168758.69 科德教育
300284 7.24 405608.31 苏交科
300559 9.79 48676.37 佳发教育
300614 25.46 24053.05 百川畅银
300675 16.68 85363.0 建科院
300870 43.56 11123.38 欧陆通
300987 21.05 45793.61 川网传媒
300994 30.44 70846.61 久祺股份
301020 21.1 20924.98 密封科技
301041 18.82 23846.18 金百泽
301062 11.27 26117.57 上海艾录
301103 41.51 33312.4 何氏眼科
301149 12.8 41304.49 隆华新材
301259 35.52 107826.09 艾布鲁
600062 33.85 1048675.88 华润双鹤
600063 7.02 1138090.0 皖维高新
600088 8.56 44147.01 中视传媒
600113 7.84 152419.56 浙江东日
600116 9.69 296953.34 三峡水利
600125 5.3 279596.38 铁龙物流
600278 8.06 253757.3 东方创业
600287 4.9 78342.68 江苏舜天
600415 5.34 552562.62 小商品城
600463 8.24 84989.0 空港股份
600469 4.47 143008.09 风神股份
600477 3.67 267202.53 杭萧钢构
600505 8.32 99670.0 西昌电力
600604 5.4 155233.66 市北高新
600619 6.47 431673.66 海立股份
600647 17.3 26137.88 同达创业
600746 11.01 137988.0 江苏索普
600830 5.99 189389.06 香溢融通
600838 8.73 517187.75 上海九百
600971 7.88 488890.03 恒源煤电
600989 15.2 480808.09 宝丰能源
