000404 5.59 491047.53 长虹华意
000420 4.95 835384.06 吉林化纤
000531 7.85 480903.41 穗恒运A
000655 7.39 229923.36 金岭矿业
000970 18.88 1685244.12 中科三环
002087 3.45 449807.59 新野纺织
002088 23.94 64662.74 鲁阳节能
002328 5.89 295767.59 新朋股份
002334 7.09 688044.31 英威腾
002397 4.58 746110.75 梦洁股份
002404 6.08 210540.12 嘉欣丝绸
002446 7.14 368377.62 盛路通信
002480 5.6 278326.03 新筑股份
002634 5.07 82205.82 棒杰股份
002725 10.41 171781.27 跃岭股份
002741 20.8 66488.16 光华科技
300046 19.71 144395.5 台基股份
300109 17.39 80116.57 新开源
300328 9.01 424281.59 宜安科技
300420 2.95 515667.72 五洋停车
300443 47.19 120355.14 金雷股份
300551 9.37 424720.72 古鳌科技
300553 32.14 5022.0 集智股份
300577 16.83 107863.88 开润股份
300592 15.86 52857.37 华凯易佰
300661 186.95 40259.57 圣邦股份
300703 9.89 194829.44 创源股份
300724 102.85 243254.8 捷佳伟创
300819 16.55 96254.13 聚杰微纤
300825 18.8 382194.09 阿尔特
300926 25.33 96952.74 博俊科技
300952 19.22 56914.65 恒辉安防
300998 31.16 45582.56 宁波方正
301088 19.66 83862.04 戎美股份
600171 24.54 556717.44 上海贝岭
600487 14.89 826717.31 亨通光电
600696 28.0 43844.28 岩石股份
600769 8.61 121231.01 祥龙电业
600873 12.54 996120.62 梅花生物
