000006 4.54 103306.74 深振业A 3.42
000010 3.57 76213.09 美丽生态 3.18
000016 6.08 78910.8 深康佳A 1.67
000055 4.61 92835.0 方大集团 1.99
000060 4.82 470918.56 中金岭南 2.77
000404 4.55 187612.02 长虹华意 3.88
000407 4.21 127092.57 胜利股份 3.19
000425 5.88 514169.97 徐工机械 1.73
000429 7.85 118113.35 粤高速A 2.08
000488 7.03 189471.08 晨鸣纸业 1.88
000509 4.08 254103.42 华塑控股 4.88
000510 6.48 663579.62 新金路 3.68
000516 7.51 566014.19 国际医学 2.6
000521 3.47 200374.52 长虹美菱 2.97
000531 8.74 38790.2 穗恒运A 1.86
000545 3.82 165184.38 金浦钛业 1.87
000565 6.19 50323.33 渝三峡A 4.21
000593 5.97 142728.02 德龙汇能 0.68
000598 5.96 142616.58 兴蓉环境 2.58
000617 5.37 314792.75 中油资本 4.07
000680 4.31 539423.94 山推股份 6.16
000685 8.49 99842.35 中山公用 2.29
000709 2.56 1178721.5 河钢股份 3.23
000722 7.75 69787.0 湖南发展 2.79
000753 3.51 248789.2 漳州发展 1.15
000758 5.15 218765.98 中色股份 2.79
000788 6.71 86197.33 北大医药 4.68
000833 6.02 135241.84 粤桂股份 3.79
000859 6.61 137175.62 国风新材 2.48
000890 4.65 27397.0 法尔胜 2.88
000900 4.32 146744.58 现代投资 3.35
000913 13.53 34753.18 钱江摩托 0.45
000927 3.49 123381.12 中国铁物 2.05
000931 7.51 177369.48 中关村 3.73
000962 10.7 48784.53 东方钽业 2.2
000965 3.0 343200.97 天保基建 5.63
000985 13.8 18770.1 大庆华科 1.54
002035 6.15 97961.07 华帝股份 2.84
002040 6.5 109690.06 南京港 3.67
002041 23.2 202923.08 登海种业 3.8
002075 6.1 630313.56 沙钢股份 2.52
002087 3.61 187970.09 新野纺织 2.85
002114 7.74 89388.0 罗平锌电 2.79
002178 5.06 548449.19 延华智能 1.2
002205 8.48 87254.42 国统股份 7.34
002226 5.65 253015.95 江南化工 2.91
002267 6.88 84490.73 陕天然气 2.69
002303 3.68 166345.95 美盈森 2.79
002306 3.3 158331.0 中科云网 5.77
002320 5.95 93622.11 海峡股份 1.71
002328 5.7 189211.56 新朋股份 1.97
002344 4.63 139087.47 海宁皮城 2.21
002381 7.78 20480.0 双箭股份 1.7
002469 6.31 101501.5 三维化学 2.44
002478 4.36 47174.0 常宝股份 1.4
002493 19.31 457626.25 荣盛石化 2.28
002495 2.87 315972.91 佳隆股份 4.36
002506 3.36 889808.0 协鑫集成 2.75
002523 2.82 168234.72 天桥起重 3.68
002545 9.38 219243.05 东方铁塔 3.08
002672 7.13 36470.0 东江环保 1.28
002743 7.99 210489.2 富煌钢构 5.55
002811 8.91 18698.73 郑中设计 4.09
002842 9.44 23866.73 翔鹭钨业 2.5
002843 11.13 38646.0 泰嘉股份 4.51
002883 11.79 49136.3 中设股份 1.81
002889 26.55 9527.99 东方嘉盛 3.03
002890 17.25 9274.0 弘宇股份 1.89
002911 10.83 31373.29 佛燃能源 3.14
002989 22.91 7613.0 中天精装 2.28
002991 66.17 16527.78 甘源食品 3.62
300092 10.98 42565.27 科新机电 1.85
300103 9.3 34903.82 达刚控股 0.76
300119 21.86 27990.39 瑞普生物 0.14
300154 6.6 26733.0 瑞凌股份 1.85
300187 7.51 86361.33 永清环保 5.04
300206 11.53 32582.0 理邦仪器 1.05
300228 8.19 205302.06 富瑞特装 1.24
300303 5.57 230366.42 聚飞光电 2.2
300355 4.95 582603.94 蒙草生态 3.34
300371 15.5 30784.7 汇中股份 4.45
300374 13.81 70107.1 中铁装配 4.07
300424 14.0 21762.28 航新科技 2.12
300435 19.15 101493.36 中泰股份 1.65
300483 15.4 64951.8 首华燃气 1.78
300503 12.01 60433.12 昊志机电 0.33
300616 39.0 13774.03 尚品宅配 2.5
300621 9.41 52258.5 维业股份 4.79
300779 16.16 8912.47 惠城环保 1.57
300792 43.89 9002.62 壹网壹创 0.3
300823 24.05 25193.79 建科机械 1.91
300826 21.06 25895.46 测绘股份 2.38
300836 33.8 9006.0 佰奥智能 5.62
300839 19.19 13147.4 博汇股份 3.23
300854 27.08 8820.46 中兰环保 0.86
300881 25.82 15942.82 盛德鑫泰 3.57
300882 17.31 20725.02 万胜智能 2.55
300895 45.46 109519.49 铜牛信息 7.07
300909 50.09 29801.13 汇创达 2.6
300931 10.04 17894.54 通用电梯 0.4
300935 52.39 13297.35 盈建科 3.54
300946 61.87 10009.16 恒而达 1.59
300958 25.93 26422.37 建工修复 7.37
300960 23.45 11540.44 通业科技 1.25
300989 43.65 9276.0 蕾奥规划 1.65
301024 49.96 16231.33 霍普股份 5.38
301036 29.3 6889.6 双乐股份 3.31
301046 41.82 14150.15 能辉科技 0.87
301048 13.5 63585.99 金鹰重工 2.74
301053 28.11 8701.74 远信工业 0.11
301091 33.65 57646.59 深城交 5.09
301138 44.59 25039.07 华研精机 1.0
600007 14.39 32666.9 中国国贸 2.79
600008 3.41 1512627.38 首创环保 4.28
600009 54.16 238000.42 上海机场 3.75
600017 2.96 524322.25 日照港 4.22
600020 3.35 228906.44 中原高速 3.08
600033 3.05 346808.25 福建高速 3.04
600035 3.39 569864.19 楚天高速 5.61
600076 3.62 137682.55 康欣新材 2.84
600082 3.06 87206.63 海泰发展 2.69
600097 11.34 39684.0 开创国际 5.49
600103 2.81 471002.44 青山纸业 4.07
600114 11.1 156884.09 东睦股份 5.31
600133 5.51 146270.56 东湖高新 2.04
600162 2.22 223765.81 香江控股 3.26
600168 6.84 87315.0 武汉控股 2.55
600190 2.87 77087.68 锦州港 2.87
600220 2.62 243658.77 江苏阳光 3.97
600229 6.96 34838.09 城市传媒 3.26
600266 4.61 160682.95 城建发展 3.36
600269 3.65 377638.91 赣粤高速 2.82
600308 5.9 171258.14 华泰股份 2.25
600321 2.18 446837.0 正源股份 3.81
600326 6.54 180923.78 西藏天路 2.99
600350 5.66 187012.42 山东高速 3.1
600368 4.12 196832.83 五洲交通 3.52
600371 12.68 108777.3 万向德农 1.28
600390 5.58 782908.31 五矿资本 7.31
600409 8.59 444459.12 三友化工 4.0
600428 4.81 307952.97 中远海特 3.44
600439 2.99 131396.2 瑞贝卡 2.4
600467 2.95 854348.06 好当家 7.27
600477 4.5 847870.12 杭萧钢构 6.89
600490 4.45 298900.0 鹏欣资源 1.83
600495 3.85 152030.23 晋西车轴 2.39
600497 4.97 515985.06 驰宏锌锗 2.9
600500 8.1 271821.28 中化国际 3.71
600520 8.95 34717.0 文一科技 3.11
600548 10.56 127813.51 深高速 3.63
600558 3.53 135057.75 大西洋 3.82
600595 4.34 63024.93 中孚实业 1.88
600598 13.8 94531.24 北大荒 1.84
600604 5.47 131030.87 市北高新 3.01
600612 47.4 32809.28 老凤祥 1.17
600635 3.78 218892.88 大众公用 3.56
600644 6.54 61986.03 乐山电力 2.35
600653 2.01 376188.22 申华控股 3.08
600655 10.1 223492.17 豫园股份 4.02
600665 3.39 92402.0 天地源 3.67
600675 3.15 130198.2 中华企业 2.94
600681 5.3 40199.2 百川能源 2.52
600691 4.57 299082.41 阳煤化工 1.11
600708 2.6 326029.0 光明地产 2.77
600717 4.54 665472.12 天津港 7.33
600727 9.93 71946.34 鲁北化工 1.95
600735 8.13 357026.25 新华锦 3.57
600755 7.27 252403.95 厦门国贸 2.39
600757 5.41 105355.32 长江传媒 2.66
600761 11.61 68606.25 安徽合力 1.22
600780 3.89 77691.09 通宝能源 4.57
600784 6.05 50660.35 鲁银投资 3.95
600787 6.0 186116.7 中储股份 3.81
600793 12.69 25514.0 宜宾纸业 3.34
600798 4.12 146396.91 宁波海运 3.52
600802 7.71 179346.58 福建水泥 2.53
600819 5.43 56367.01 耀皮玻璃 3.63
600821 8.94 507327.25 金开新能 4.56
600828 3.64 45898.59 茂业商业 2.54
600829 6.23 36387.0 人民同泰 2.13
600830 5.33 102029.02 香溢融通 6.17
600839 3.27 749240.25 四川长虹 2.83
600841 11.4 37319.02 动力新科 2.43
600846 8.08 57250.73 同济科技 2.02
600863 3.55 1069279.38 内蒙华电 5.97
600868 2.86 172112.02 梅雁吉祥 1.42
600968 2.94 936949.0 海油发展 3.89
600969 7.29 43035.48 郴电国际 3.55
600970 10.57 145068.98 中材国际 1.44
600982 4.39 142379.27 宁波能源 2.81
600987 5.73 64167.7 航民股份 1.78
