000509 4.01 99881.0 华塑控股 1.52
000903 3.18 621310.62 云内动力 3.92
000935 26.18 184488.19 四川双马 7.25
002121 7.0 1755537.62 科陆电子 3.7
002213 15.75 84066.0 大为股份 4.93
002272 5.65 193216.95 川润股份 1.44
002334 6.63 612194.81 英威腾 1.84
002434 9.5 604685.75 万里扬 3.15
002438 13.89 119816.01 江苏神通 3.27
002446 6.73 331729.88 盛路通信 1.97
002580 8.69 342427.59 圣阳股份 2.12
002590 9.28 364817.12 万安科技 3.8
002787 5.82 45639.0 华源控股 0.87
002888 11.74 15644.4 惠威科技 1.65
002922 17.31 241245.0 伊戈尔 2.18
002965 34.6 61531.06 祥鑫科技 3.38
300019 21.79 128054.08 硅宝科技 1.44
300068 15.7 607918.62 南都电源 4.6
300375 4.51 388885.19 鹏翎股份 1.81
300499 13.07 380005.03 高澜股份 5.49
300543 11.62 177552.52 朗科智能 6.61
300630 33.25 114848.87 普利制药 4.99
300733 25.1 56958.01 西菱动力 1.58
300988 22.39 101399.52 津荣天宇 3.51
301031 150.43 7536.46 中熔电气 1.85
301092 32.14 69614.72 争光股份 6.11
301099 80.17 24380.49 雅创电子 4.09
301119 33.89 41839.09 正强股份 3.89
301215 7.45 553735.06 中汽股份 2.06
301268 38.45 50734.68 铭利达 5.0
600063 7.63 992543.62 皖维高新 6.27
600151 11.41 207872.75 航天机电 2.98
600375 10.25 546148.0 汉马科技 0.2
600523 24.3 86303.45 贵航股份 3.45
