000060 4.98 624056.62 中金岭南 0.81
000529 6.59 290608.19 广弘控股 2.17
000713 9.95 604384.94 丰乐种业 3.11
000791 6.47 482582.0 甘肃电投 2.86
000830 16.63 731271.12 鲁西化工 4.13
000878 13.27 258685.06 云南铜业 2.0
000885 11.82 117662.76 城发环境 2.07
002072 6.71 36239.7 凯瑞德 1.67
002100 12.75 575299.75 天康生物 5.29
002181 4.45 66464.02 粤传媒 1.37
002195 2.69 2798667.0 二三四五 0.37
002230 46.6 228991.81 科大讯飞 1.13
002296 7.61 66000.11 辉煌科技 1.2
002381 8.06 100921.78 双箭股份 0.37
002458 10.49 154072.17 益生股份 2.04
002647 9.5 642057.12 仁东控股 4.4
002714 61.62 981231.44 牧原股份 5.01
002760 24.72 24566.66 凤形股份 0.65
002913 68.61 9024.5 奥士康 0.01
002996 14.45 39171.82 顺博合金 1.62
300137 7.48 212438.41 先河环保 2.61
300182 6.79 3073509.5 捷成股份 3.04
300233 33.17 157260.98 金城医药 7.17
300290 6.84 396340.31 荣科科技 3.79
300315 4.13 1255431.0 掌趣科技 5.09
300364 11.45 538482.75 中文在线 0.09
300366 11.72 273655.53 创意信息 0.86
300387 7.92 302895.16 富邦股份 5.74
300498 21.98 706642.06 温氏股份 2.66
300514 13.34 150808.84 友讯达 5.29
300612 21.26 271354.91 宣亚国际 2.61
300632 13.7 95939.03 光莆股份 2.93
300689 22.87 21824.4 澄天伟业 1.74
300831 16.51 147415.0 派瑞股份 4.36
300846 13.95 201956.0 首都在线 4.26
300854 29.37 59888.31 中兰环保 6.11
300913 26.42 14384.3 兆龙互连 1.61
300967 21.54 75490.93 晓鸣股份 0.75
301012 55.69 48128.05 扬电科技 5.29
301032 12.19 49236.63 新柴股份 3.22
301098 27.96 30589.89 金埔园林 2.68
600009 57.79 267825.44 上海机场 3.75
600108 3.53 655748.12 亚盛集团 3.82
600163 7.94 449444.12 中闽能源 4.2
600187 2.56 384327.0 国中水务 1.19
600199 13.94 218286.59 金种子酒 1.01
600252 3.33 522238.25 中恒集团 0.91
600279 4.23 196496.5 重庆港 3.93
600299 12.22 178727.81 安迪苏 3.73
600362 22.62 406532.03 江西铜业 3.62
600371 13.41 172274.11 万向德农 1.67
600497 5.3 1715751.12 驰宏锌锗 2.71
600523 21.58 117830.8 贵航股份 7.79
600531 5.82 165105.73 豫光金铅 0.69
600535 14.85 258263.06 天士力 0.75
600540 5.72 124612.0 新赛股份 1.24
600572 4.81 692823.44 康恩贝 2.78
600776 11.15 131946.02 东方通信 1.92
600825 4.48 133495.8 新华传媒 1.36
600836 6.47 235586.39 上海易连 6.41
