000159 8.96 186545.94 国际实业 1.7
000557 5.09 168891.8 西部创业 1.8
000595 7.48 825671.25 宝塔实业 1.63
000597 5.31 177130.52 东北制药 2.12
000818 31.3 90006.64 航锦科技 4.68
000919 7.51 108592.0 金陵药业 4.02
000951 11.51 221565.45 中国重汽 1.32
000996 6.24 89397.79 中国中期 1.79
002058 12.0 25608.0 威尔泰 2.92
002095 12.55 23462.36 生意宝 0.64
002112 7.44 176832.52 三变科技 1.09
002181 4.12 234440.05 粤传媒 1.23
002210 2.54 1108950.5 飞马国际 5.39
002247 2.55 84374.6 聚力文化 0.79
002262 20.27 308684.47 恩华药业 7.25
002275 14.58 58940.43 桂林三金 1.32
002298 6.58 281167.0 中电兴发 1.07
002347 4.55 97735.0 泰尔股份 1.11
002354 3.64 375541.69 天娱数科 1.39
002421 3.25 381774.31 达实智能 0.62
002426 2.82 2281316.5 胜利精密 2.92
002455 11.21 215740.2 百川股份 4.38
002467 4.4 864544.94 二六三 5.52
002519 4.86 237096.5 银河电子 1.67
002547 5.21 1120307.38 春兴精工 2.76
002574 4.92 83968.45 明牌珠宝 1.24
002642 6.33 442425.38 荣联科技 1.6
002648 14.46 479839.75 卫星化学 4.4
002787 6.43 53397.0 华源控股 3.54
002811 8.85 55432.49 郑中设计 3.27
300092 10.28 82143.0 科新机电 3.21
300153 7.28 56165.33 科泰电源 2.25
300222 7.06 87971.12 科大智能 0.71
300227 7.13 80008.51 光韵达 2.0
300240 7.63 263572.09 飞力达 7.77
300248 9.35 358831.62 新开普 5.06
300252 7.77 56629.17 金信诺 0.52
300270 5.73 37803.0 中威电子 2.32
300283 5.39 49551.06 温州宏丰 0.56
300322 9.01 66854.3 硕贝德 0.78
300326 8.25 496534.31 凯利泰 3.77
300415 22.13 174077.98 伊之密 3.7
300452 15.66 162762.58 山河药辅 5.67
300471 14.11 68400.98 厚普股份 1.66
300490 11.4 96819.37 华自科技 3.35
300519 16.47 42035.62 新光药业 2.94
300532 14.31 89193.77 今天国际 2.29
300534 9.24 374306.19 陇神戎发 5.0
300551 11.46 204686.12 古鳌科技 0.79
300559 9.68 191670.19 佳发教育 3.75
300561 9.65 44960.55 汇金科技 0.73
300578 15.12 30668.74 会畅通讯 0.87
300583 27.85 13501.5 赛托生物 2.84
300605 12.42 45888.23 恒锋信息 0.98
300607 13.27 71698.93 拓斯达 0.84
300645 21.47 22256.15 正元智慧 0.75
300690 19.21 48666.5 双一科技 2.45
300713 13.91 13687.8 英可瑞 1.76
300743 11.5 29326.2 天地数码 0.7
300756 13.11 22147.34 金马游乐 0.38
300765 15.9 42331.94 新诺威 1.27
300781 17.03 12895.12 因赛集团 2.22
300788 18.67 24488.72 中信出版 2.64
300789 22.31 10097.0 唐源电气 2.86
300814 17.85 55860.38 中富电路 5.62
300818 31.94 12793.52 耐普矿机 1.3
300855 52.33 24446.27 图南股份 1.55
300857 17.39 11638.92 协创数据 0.64
300873 33.2 22854.31 海晨股份 1.53
300923 20.8 10233.84 研奥股份 1.81
300936 24.99 5989.0 中英科技 0.69
300955 24.44 31865.56 嘉亨家化 7.9
300986 37.08 37403.58 志特新材 0.87
300988 21.95 37952.36 津荣天宇 2.19
301022 28.82 3918.0 海泰科 0.35
301049 23.34 16901.3 超越科技 3.32
301106 29.07 3668.2 骏成科技 0.03
301125 26.7 31136.08 腾亚精工 6.8
301128 29.92 20176.56 强瑞技术 3.89
301171 17.95 120578.18 易点天下 3.22
301211 18.3 25115.4 亨迪药业 1.05
600128 8.17 64694.0 弘业股份 0.49
600129 29.86 137842.86 太极集团 6.08
600249 4.83 79937.0 两面针 1.68
600329 25.29 71027.45 达仁堂 2.6
600345 15.9 25747.28 长江通信 2.25
600372 19.45 218764.12 中航电子 0.83
600380 12.06 355990.22 健康元 5.79
600488 4.7 142163.23 津药药业 3.75
600552 9.65 255466.56 凯盛科技 3.65
600590 6.58 98955.33 泰豪科技 1.54
600592 7.46 25253.0 龙溪股份 0.4
600730 5.71 182035.69 中国高科 0.7
600794 3.77 264798.0 保税科技 2.73
600833 10.14 50237.8 第一医药 1.5
600879 6.47 501919.09 航天电子 3.02
