000404 7.29 1238432.88 长虹华意 5.5
000572 6.07 567266.06 海马汽车 2.02
000625 18.34 3814856.75 长安汽车 3.03
002079 14.8 1115567.88 苏州固锝 1.86
002160 5.69 1286386.0 常铝股份 3.83
002171 11.06 618561.94 楚江新材 2.88
002184 13.82 293470.84 海得控制 1.92
002250 18.75 77614.8 联化科技 2.24
002338 22.93 205629.02 奥普光电 3.71
002367 8.1 422815.16 康力电梯 3.98
002376 7.88 225654.5 新北洋 1.81
002434 10.2 596624.62 万里扬 3.55
002444 19.39 324781.84 巨星科技 1.15
002703 10.1 638538.31 浙江世宝 0.2
002876 44.57 75430.12 三利谱 3.8
002888 13.22 58725.57 惠威科技 0.76
002912 25.42 26984.12 中新赛克 1.68
002929 38.97 33997.23 润建股份 1.75
002975 42.13 38032.08 博杰股份 4.0
002979 22.56 95003.89 雷赛智能 2.5
300007 23.78 375931.97 汉威科技 6.97
300112 11.12 192115.22 万讯自控 2.49
300154 6.45 48831.0 瑞凌股份 1.1
300160 9.47 343532.53 秀强股份 4.29
300174 16.66 80750.62 元力股份 1.71
300177 8.69 347894.0 中海达 2.0
300227 7.96 153678.25 光韵达 0.76
300229 13.88 303217.5 拓尔思 4.75
300279 6.42 129999.42 和晶科技 0.47
300445 12.46 27484.1 康斯特 2.72
300466 6.06 161577.05 赛摩智能 1.34
300507 8.04 635156.62 苏奥传感 1.77
300508 28.06 46046.36 维宏股份 2.63
300520 18.28 133130.2 科大国创 4.34
300594 18.53 32475.96 朗进科技 3.23
300602 17.25 171915.0 飞荣达 3.92
300650 14.06 72264.23 太龙股份 3.54
300657 16.49 192233.56 弘信电子 6.46
300679 47.83 103378.23 电连技术 3.19
300691 16.22 121576.97 联合光电 2.08
300713 17.22 101002.73 英可瑞 3.05
300791 29.37 14138.34 仙乐健康 0.24
300918 9.49 120501.89 南山智尚 2.04
300988 30.4 172747.62 津荣天宇 7.38
301007 15.83 66547.74 德迈仕 1.09
301022 34.92 8893.47 海泰科 0.26
301042 39.06 17976.85 安联锐视 2.01
301112 46.26 76414.95 信邦智能 0.94
301131 44.68 30193.91 聚赛龙 0.83
301221 72.65 40485.68 光庭信息 7.15
600131 16.78 287330.25 国网信通 3.39
600160 17.29 529737.94 巨化股份 3.16
600325 7.77 421158.81 华发股份 0.91
600423 3.86 112759.55 柳化股份 2.12
600545 3.93 485120.12 卓郎智能 2.61
600549 26.9 330908.91 厦门钨业 0.9
600988 18.26 690486.56 赤峰黄金 3.05
