000009 12.03 1129956.0 中国宝安
000011 10.25 56988.19 深物业A
000019 7.43 168475.91 深粮控股
000026 9.48 59978.82 飞亚达
000069 6.35 893032.81 华侨城A
000338 13.41 781864.88 潍柴动力
000400 18.97 460302.88 许继电气
000401 11.54 257566.12 冀东水泥
000411 14.06 124281.92 英特集团
000426 8.1 922192.62 兴业矿业
000428 3.87 1070744.38 华天酒店
000430 6.28 245717.88 张家界
000503 10.79 270525.5 国新健康
000513 36.44 108898.07 丽珠集团
000517 2.57 409853.91 荣安地产
000518 3.47 210892.0 四环生物
000519 19.7 727319.94 中兵红箭
000521 3.5 272941.53 长虹美菱
000530 4.59 726463.38 冰山冷热
000534 12.84 56015.06 万泽股份
000537 16.68 275918.62 广宇发展
000539 4.86 351260.0 粤电力A
000548 4.45 421495.41 湖南投资
000554 5.37 401235.91 泰山石油
000566 4.92 701737.06 海南海药
000573 3.81 480685.84 粤宏远A
000590 9.35 32963.0 启迪药业
000605 6.24 234263.12 渤海股份
000608 3.08 188808.09 阳光股份
000636 20.84 283187.59 风华高科
000665 6.44 948181.5 湖北广电
000667 1.69 1236200.38 美好置业
000681 15.18 479343.69 视觉中国
000711 3.38 421669.0 京蓝科技
000723 12.79 1532999.5 美锦能源
000756 9.15 178600.36 新华制药
000767 3.75 410020.56 晋控电力
000797 2.54 245573.2 中国武夷
000810 13.56 321249.88 创维数字
000829 12.83 310100.16 天音控股
000856 10.96 492135.59 冀东装备
000859 6.88 354217.88 国风新材
000860 23.27 163862.59 顺鑫农业
000868 4.61 687764.25 安凯客车
000887 16.6 428052.62 中鼎股份
000897 2.56 410628.0 津滨发展
000919 7.37 86127.0 金陵药业
000926 4.11 132732.78 福星股份
000929 8.39 55089.0 兰州黄河
000931 6.92 103293.29 中关村
000932 5.28 1718185.62 华菱钢铁
000933 11.83 1216694.25 神火股份
000952 7.61 82730.8 广济药业
000969 8.16 181990.72 安泰科技
000978 6.42 379382.0 桂林旅游
000989 9.25 207829.0 九芝堂
000993 11.3 232671.52 闽东电力
000998 18.22 260289.95 隆平高科
000999 36.28 113868.13 华润三九
002004 5.95 401163.16 华邦健康
002009 18.75 163384.19 天奇股份
002017 14.47 250444.95 东信和平
002026 13.57 121808.0 山东威达
002036 16.45 478890.53 联创电子
002043 10.62 274592.44 兔宝宝
002044 5.9 644156.94 美年健康
002046 11.64 78392.35 国机精工
002047 3.33 490192.31 宝鹰股份
002049 214.6 70263.81 紫光国微
002056 14.31 328108.38 横店东磁
002057 8.4 266296.09 中钢天源
002061 6.29 646117.06 浙江交科
002063 8.03 250652.52 远光软件
002079 11.19 170931.86 苏州固锝
002084 4.69 86127.68 海鸥住工
002107 6.97 134122.09 沃华医药
002110 6.87 462915.03 三钢闽光
002118 3.18 550072.19 紫鑫药业
002119 13.26 114097.72 康强电子
002124 6.41 526148.38 天邦食品
002137 5.44 92517.69 实益达
002138 25.87 125285.61 顺络电子
002139 11.08 443155.75 拓邦股份
002145 9.77 348300.62 中核钛白
002158 19.34 83521.78 汉钟精机
002161 5.54 728165.75 远望谷
002163 9.98 116928.48 海南发展
002166 8.06 116872.38 莱茵生物
002169 9.13 117444.59 智光电气
002172 4.06 586877.69 澳洋健康
002173 7.89 363434.0 创新医疗
002174 11.21 198609.55 游族网络
002197 12.54 735970.5 证通电子
002198 6.18 98200.0 嘉应制药
002208 7.58 225812.58 合肥城建
002227 13.63 26103.0 奥特迅
002241 37.45 972498.75 歌尔股份
002247 2.84 269664.03 聚力文化
002265 15.34 137123.38 西仪股份
002268 45.62 283841.25 电科网安
002283 7.95 217796.28 天润工业
002292 4.95 200150.64 奥飞娱乐
002305 2.03 694651.06 南国置业
002314 3.57 453826.88 南山控股
002324 13.02 227578.0 普利特
002338 21.26 67531.82 奥普光电
002360 7.28 50873.61 同德化工
002364 10.05 239688.69 中恒电气
002370 5.97 786855.25 亚太药业
002374 4.91 868693.06 中锐股份
002382 13.18 177723.92 蓝帆医疗
002383 7.64 261407.84 合众思壮
002389 19.57 171852.62 航天彩虹
002390 5.54 364400.88 信邦制药
002398 6.89 352091.03 垒知集团
002409 56.45 97864.55 雅克科技
002424 6.26 342842.56 贵州百灵
002425 6.98 564532.06 凯撒文化
002436 10.74 198051.59 兴森科技
002444 16.65 352661.12 巨星科技
002455 11.53 182067.08 百川股份
002457 9.95 483966.97 青龙管业
002468 7.74 208923.44 申通快递
002471 2.43 202434.09 中超控股
002472 23.09 226908.86 双环传动
002476 4.82 191512.95 宝莫股份
002517 4.74 349722.88 恺英网络
002518 20.71 78523.37 科士达
002524 7.41 58768.0 光正眼科
002540 5.37 184119.88 亚太科技
002549 16.76 204606.23 凯美特气
002557 49.25 114685.36 洽洽食品
002565 4.36 554749.81 顺灏股份
002566 8.43 101645.0 益盛药业
002568 37.41 108029.93 百润股份
002574 4.99 109668.48 明牌珠宝
002578 4.31 270531.0 闽发铝业
002589 4.09 660926.38 瑞康医药
002601 23.33 198003.59 龙佰集团
002602 6.19 806189.06 世纪华通
002603 30.37 1365570.12 以岭药业
002611 4.68 168018.52 东方精工
002620 7.31 639270.69 瑞和股份
002629 3.88 589005.75 仁智股份
002636 10.95 72376.41 金安国纪
002645 19.56 92850.52 华宏科技
002655 12.88 147040.0 共达电声
002657 14.43 280102.09 中科金财
002677 13.76 104956.06 浙江美大
002679 11.3 56357.1 福建金森
002693 5.08 199645.0 双成药业
002694 4.86 173964.0 顾地科技
002695 11.26 49781.0 煌上煌
002696 5.96 116190.2 百洋股份
002702 5.36 192488.88 海欣食品
002706 12.66 154527.55 良信股份
002733 15.33 82267.52 雄韬股份
002737 13.83 84523.08 葵花药业
002747 19.39 147899.47 埃斯顿
002762 9.5 301735.53 金发拉比
002789 10.08 18595.0 建艺集团
002790 7.23 50980.6 瑞尔特
002801 20.65 24568.34 微光股份
002803 13.42 93575.82 吉宏股份
002825 16.58 51551.62 纳尔股份
002828 8.85 206205.59 贝肯能源
002835 11.78 86904.0 同为股份
002851 24.06 63556.28 麦格米特
002853 12.0 29355.0 皮阿诺
002860 17.94 75645.63 星帅尔
002869 13.2 21024.0 金溢科技
002870 34.49 22614.0 香山股份
002886 21.42 40439.05 沃特股份
002900 16.13 61497.24 哈三联
002906 42.75 81269.54 华阳集团
002918 17.39 80129.87 蒙娜丽莎
002937 17.39 63044.95 兴瑞科技
002940 37.29 17463.06 昂利康
002959 43.44 23045.87 小熊电器
002968 32.97 10124.75 新大正
002971 23.99 84957.68 和远气体
002976 20.96 21024.6 瑞玛精密
002979 19.63 37388.47 雷赛智能
002985 77.69 39996.41 北摩高科
002989 19.1 12316.0 中天精装
002990 23.3 12481.0 盛视科技
002992 12.6 18192.7 宝明科技
300013 3.81 238750.56 新宁物流
300034 38.89 99401.17 钢研高纳
300043 3.14 328654.47 星辉娱乐
300046 20.03 74231.69 台基股份
300047 8.78 544144.56 天源迪科
300054 20.92 219986.72 鼎龙股份
300057 7.88 152267.16 万顺新材
300059 25.84 5617217.5 东方财富
300061 9.03 407409.44 旗天科技
300062 9.37 48625.0 中能电气
300075 23.49 830753.06 数字政通
300077 19.54 284138.47 国民技术
300079 6.58 455135.91 数码视讯
300084 6.04 246959.0 海默科技
300086 8.66 557203.94 康芝药业
300088 8.67 986343.38 长信科技
300096 8.23 250308.0 易联众
300097 7.04 45795.8 智云股份
300101 17.06 153313.06 振芯科技
300102 8.58 459043.0 乾照光电
300109 17.14 60439.44 新开源
300110 4.22 318727.97 华仁药业
300111 3.27 485500.16 向日葵
300115 10.44 320626.88 长盈精密
300120 7.37 120690.0 经纬辉开
300130 14.5 343290.19 新国都
300131 5.65 232813.28 英唐智控
300138 16.1 50109.0 晨光生物
300148 3.68 470876.62 天舟文化
300157 5.19 643421.75 恒泰艾普
300161 22.06 43534.0 华中数控
300163 3.71 149900.0 先锋新材
300164 6.12 1113716.0 通源石油
300172 5.92 671669.81 中电环保
300175 5.4 739502.75 朗源股份
300194 4.22 412375.59 福安药业
300200 7.67 51469.4 高盟新材
300205 18.99 484533.75 天喻信息
300209 6.0 156221.73 有棵树
300219 10.26 117846.73 鸿利智汇
300220 14.43 41535.52 金运激光
300223 101.01 122029.66 北京君正
300225 8.67 163381.67 金力泰
300228 7.87 307958.0 富瑞特装
300238 14.58 52153.8 冠昊生物
300239 5.76 105240.0 东宝生物
300242 3.86 140911.5 佳云科技
300246 18.39 34633.46 宝莱特
300255 7.48 290786.09 常山药业
300267 3.58 428407.03 尔康制药
300268 17.06 26909.0 佳沃食品
300292 5.11 1585298.12 吴通控股
300293 10.92 56661.0 蓝英装备
300299 6.41 575965.25 富春股份
300305 14.3 43186.18 裕兴股份
300315 3.61 937856.5 掌趣科技
300334 11.25 466665.28 津膜科技
300344 6.3 180640.16 立方数科
300350 6.55 147515.2 华鹏飞
300351 10.89 64575.47 永贵电器
300377 12.39 414220.88 赢时胜
300394 29.47 79595.23 天孚通信
300404 11.54 102300.38 博济医药
300413 30.42 201223.72 芒果超媒
300418 16.72 339252.53 昆仑万维
300429 10.78 87671.39 强力新材
300430 11.11 90614.45 诚益通
300434 9.27 44470.2 金石亚药
300445 12.27 16855.9 康斯特
300456 17.98 175223.52 赛微电子
300458 48.3 102610.04 全志科技
300459 4.28 1628322.75 汤姆猫
300462 11.2 46897.0 华铭智能
300465 14.3 734049.75 高伟达
300477 7.3 590081.62 合纵科技
300483 15.47 114495.6 首华燃气
300484 12.72 39079.0 蓝海华腾
300488 26.9 34403.72 恒锋工具
300490 15.79 106347.03 华自科技
300500 26.78 211638.95 启迪设计
300503 11.16 71677.87 昊志机电
300507 9.02 148077.8 苏奥传感
300518 55.88 24348.0 盛讯达
300522 13.21 24921.95 世名科技
300529 44.73 60734.18 健帆生物
300533 17.34 17722.5 冰川网络
300538 16.1 25453.51 同益股份
300539 9.23 96782.38 横河精密
300541 21.43 650122.94 先进数通
300542 15.8 328556.97 新晨科技
300547 13.37 81386.31 川环科技
300558 54.75 41883.84 贝达药业
300562 12.5 83145.0 乐心医疗
300580 21.83 37722.76 贝斯特
300581 23.54 102189.75 晨曦航空
300582 15.75 93595.12 英飞特
300583 27.93 29513.31 赛托生物
300584 77.58 182939.41 海辰药业
300586 11.4 122898.08 美联新材
300589 18.88 27176.0 江龙船艇
300590 24.88 45620.85 移为通信
300593 45.08 27499.95 新雷能
300598 51.5 48792.77 诚迈科技
300613 123.71 20356.86 富瀚微
300614 34.54 19188.24 百川畅银
300615 10.78 22581.0 欣天科技
300635 13.35 19700.0 中达安
300637 7.56 43466.74 扬帆新材
300643 11.3 30552.0 万通智控
300645 24.73 205067.02 正元智慧
300647 8.95 166721.3 超频三
300652 20.2 10344.14 雷迪克
300659 28.23 35955.8 中孚信息
300667 17.79 23779.0 必创科技
300672 92.06 57011.8 国科微
300677 48.48 169652.31 英科医疗
300678 18.69 55398.8 中科信息
300680 23.24 42607.33 隆盛科技
300690 20.8 27210.5 双一科技
300703 9.47 86685.0 创源股份
300706 23.71 47197.21 阿石创
300712 43.86 57251.9 永福股份
300715 14.17 28936.06 凯伦股份
300722 32.53 28051.41 新余国科
300732 14.95 206213.98 设研院
300735 11.1 97983.93 光弘科技
300737 11.23 321528.28 科顺股份
300748 34.05 181814.28 金力永磁
300753 18.23 47689.96 爱朋医疗
300758 13.16 147990.38 七彩化学
300759 107.18 68582.87 康龙化成
300768 31.14 15682.46 迪普科技
300770 40.17 36884.45 新媒股份
300785 51.9 8139.1 值得买
300788 24.33 16197.96 中信出版
300789 23.45 6460.6 唐源电气
300792 35.17 26014.83 壹网壹创
300802 28.52 19169.0 矩子科技
300809 40.41 81715.14 华辰装备
300812 18.13 14109.57 易天股份
300818 40.07 10959.0 耐普矿机
300824 14.79 16094.82 北鼎股份
300830 9.71 89442.18 金现代
300831 14.54 89421.12 派瑞股份
300838 16.45 44085.68 浙江力诺
300841 197.4 13948.09 康华生物
300842 55.79 38518.81 帝科股份
300856 42.49 8505.98 科思股份
300857 24.61 21896.0 协创数据
300862 29.26 11993.0 蓝盾光电
300863 70.34 11815.18 卡倍亿
300866 69.2 31104.8 安克创新
300870 51.24 15727.2 欧陆通
300871 22.02 31364.74 回盛生物
300873 44.27 17498.59 海晨股份
300875 53.94 23775.0 捷强装备
300877 20.46 12553.63 金春股份
300881 23.77 21734.01 盛德鑫泰
300882 15.14 19724.5 万胜智能
300887 66.25 38259.0 谱尼测试
300893 24.7 29713.48 松原股份
300900 27.43 36025.0 广联航空
300901 10.18 26580.65 中胤时尚
300903 21.56 15469.28 科翔股份
300907 22.7 19819.83 康平科技
300911 52.85 21948.04 亿田智能
300915 43.29 6039.92 海融科技
300920 24.68 9596.1 润阳科技
300922 29.98 25171.63 天秦装备
300925 22.19 36793.31 法本信息
300926 19.02 20450.5 博俊科技
300933 9.15 99544.02 中辰股份
300935 47.8 8975.0 盈建科
300936 31.69 7949.0 中英科技
300939 41.75 9429.64 秋田微
300940 29.0 23407.5 南极光
300941 38.3 44770.68 创识科技
300945 18.59 102667.11 曼卡龙
300948 19.45 29959.78 冠中生态
300952 17.28 14372.84 恒辉安防
300967 18.49 37391.44 晓鸣股份
300971 31.66 7428.01 博亚精工
300977 46.1 7158.71 深圳瑞捷
300978 14.31 17091.4 东箭科技
300980 34.16 5673.51 祥源新材
300986 42.29 9183.68 志特新材
300990 82.42 10456.22 同飞股份
300999 49.36 138168.23 金龙鱼
301001 26.6 5797.98 凯淳股份
301002 38.03 8936.58 崧盛股份
301003 59.43 15290.59 江苏博云
301004 21.92 59511.09 嘉益股份
301009 16.46 44440.35 可靠股份
301011 41.11 15450.31 华立科技
301012 39.8 23026.73 扬电科技
301016 22.16 7123.33 雷尔伟
301020 25.62 20060.26 密封科技
301021 30.15 10527.51 英诺激光
301022 39.58 14191.48 海泰科
301041 23.3 14993.86 金百泽
301042 36.84 4033.21 安联锐视
301043 29.83 17074.0 绿岛风
301058 15.83 73174.17 中粮科工
301061 52.7 9426.0 匠心家居
301062 13.2 31734.51 上海艾录
301073 58.15 40418.67 君亭酒店
301076 30.83 8806.0 新瀚新材
301078 19.7 209957.16 孩子王
301086 65.23 3262.0 鸿富瀚
301092 31.08 13317.37 争光股份
301100 26.86 35071.17 风光股份
301113 34.01 9719.4 雅艺科技
301116 25.59 223046.48 益客食品
301118 46.89 29208.77 恒光股份
301127 14.67 132911.77 天源环保
301128 37.65 15942.0 强瑞技术
301133 27.16 16704.75 金钟股份
301149 15.35 32789.26 隆华新材
301158 29.44 115346.7 德石股份
301179 46.1 33226.82 泽宇智能
301180 22.09 18432.86 万祥科技
301182 28.3 21516.69 凯旺科技
301185 21.62 19122.79 鸥玛软件
301198 27.32 11791.76 喜悦智行
301199 27.11 14231.6 迈赫股份
301200 59.41 57920.66 大族数控
301215 8.19 853549.38 中汽股份
301221 66.7 20330.71 光庭信息
301229 41.6 44656.67 纽泰格
600031 17.72 1613010.88 三一重工
600032 12.55 112961.4 浙江新能
600053 16.59 63790.71 九鼎投资
600054 10.69 172797.38 黄山旅游
600062 12.14 134573.0 华润双鹤
600079 17.27 245316.17 人福医药
600080 8.13 96013.04 金花股份
600082 3.27 140714.94 海泰发展
600094 3.8 502684.78 大名城
600110 12.87 605211.31 诺德股份
600152 6.49 70599.0 维科技术
600155 9.33 585289.5 华创阳安
600163 7.21 256065.45 中闽能源
600171 20.73 279060.44 上海贝岭
600176 16.09 493315.97 中国巨石
600184 13.23 64558.62 光电股份
600192 6.88 803785.69 长城电工
600200 7.01 187385.8 江苏吴中
600206 14.02 264542.16 有研新材
600207 6.28 149500.8 安彩高科
600211 40.29 46186.57 西藏药业
600218 9.84 159976.77 全柴动力
600223 10.25 175086.08 鲁商发展
600252 3.17 581333.56 中恒集团
600259 43.0 94902.45 广晟有色
600262 19.79 39665.01 北方股份
600305 10.59 163664.52 恒顺醋业
600313 5.46 767070.12 农发种业
600315 36.65 82871.53 上海家化
600318 12.43 536142.62 新力金融
600319 6.96 110497.91 亚星化学
600322 2.01 273122.31 天房发展
600325 6.15 252584.36 华发股份
600328 15.04 235036.02 中盐化工
600336 5.82 128400.48 澳柯玛
600337 3.23 191017.23 美克家居
600348 10.83 472462.0 华阳股份
600363 23.79 90455.06 联创光电
600395 7.64 228910.47 盘江股份
600397 3.32 316251.97 安源煤业
600399 14.2 629971.56 抚顺特钢
600422 11.2 173974.8 昆药集团
600479 11.21 173677.38 千金药业
600480 9.22 202900.09 凌云股份
600487 13.94 756090.0 亨通光电
600503 3.0 196946.16 华丽家族
600511 27.39 140922.78 国药股份
600513 9.4 76769.94 联环药业
600535 14.03 203362.11 天士力
600540 5.26 168372.48 新赛股份
600543 6.9 378457.78 莫高股份
600552 10.77 311296.94 凯盛科技
600557 13.49 234064.8 康缘药业
600565 2.35 414271.0 迪马股份
600570 46.62 187880.03 恒生电子
600571 13.21 326846.16 信雅达
600572 4.5 533622.0 康恩贝
600584 25.42 348667.84 长电科技
600586 7.95 307006.72 金晶科技
600587 25.35 108989.69 新华医疗
600594 7.05 327055.0 益佰制药
600602 8.87 1596732.5 云赛智联
600616 6.04 83837.76 金枫酒业
600620 9.08 71842.37 天宸股份
600622 2.98 227807.28 光大嘉宝
600624 6.52 112643.88 复旦复华
600658 4.45 124558.94 电子城
600660 37.93 280081.5 福耀玻璃
600664 3.24 399861.47 哈药股份
600665 3.52 141108.77 天地源
600682 10.39 119645.19 南京新百
600711 9.18 979249.81 盛屯矿业
600712 3.85 88352.0 南宁百货
600741 21.04 322267.94 华域汽车
600743 1.98 488185.16 华远地产
600750 12.22 181730.41 江中药业
600754 51.18 107797.03 锦江酒店
600756 15.45 308098.06 浪潮软件
600777 1.98 2567545.25 新潮能源
600783 16.21 271745.5 鲁信创投
600789 6.66 222329.38 鲁抗医药
600807 4.43 344754.0 济南高新
600812 7.84 177484.5 华北制药
600819 5.54 425345.5 耀皮玻璃
600827 10.88 182444.27 百联股份
600829 6.59 168156.06 人民同泰
600836 6.86 164942.69 上海易连
600838 6.65 80350.27 上海九百
600854 4.74 135383.0 春兰股份
600861 23.16 45500.0 北京城乡
600933 13.64 92904.72 爱柯迪
600939 5.09 739845.94 重庆建工
600961 9.67 86838.3 株冶集团
600963 6.17 313275.88 岳阳林纸
600965 6.42 165555.78 福成股份
600971 6.89 190035.31 恒源煤电
600976 55.8 40647.56 健民集团
600984 8.91 214783.73 建设机械
600986 5.99 1060710.0 浙文互联
600993 21.75 94842.61 马应龙
600997 7.24 324392.88 开滦股份
