000838 8.15 962055.75 财信发展
002314 4.18 847804.81 南山控股
002324 14.56 319636.97 普利特
002378 8.18 130709.49 章源钨业
002407 43.44 519458.88 多氟多
002529 24.12 133153.02 海源复材
002805 33.88 218138.56 丰元股份
002865 65.66 61385.29 钧达股份
300035 31.52 274923.28 中科电气
300546 30.61 355644.59 雄帝科技
300589 22.7 50251.7 江龙船艇
300629 27.66 86411.48 新劲刚
300696 48.56 87730.21 爱乐达
300818 42.35 36886.99 耐普矿机
300841 229.71 25678.58 康华生物
300857 32.3 81976.49 协创数据
300945 18.79 105369.76 曼卡龙
600160 12.12 639542.06 巨化股份
600733 9.27 935820.5 北汽蓝谷
