000060 4.65 1468680.38 中金岭南
000068 2.92 129280.56 华控赛格
000557 4.53 314227.75 西部创业
000612 6.29 234984.95 焦作万方
000630 4.24 4630868.0 铜陵有色
000657 10.72 162987.28 中钨高新
000663 6.98 50105.01 永安林业
000751 3.94 687631.62 锌业股份
000807 12.95 1333676.75 云铝股份
000822 7.7 846669.25 山东海化
000878 12.11 511645.44 云南铜业
000937 7.48 999358.19 冀中能源
000960 21.63 316725.91 锡业股份
000980 3.9 488847.59 众泰汽车
002095 14.88 111805.97 生意宝
002114 8.72 289249.59 罗平锌电
002127 5.47 1170618.12 南极电商
002128 17.11 290805.47 电投能源
002165 4.85 316682.91 红宝丽
002173 7.33 315747.59 创新医疗
002176 19.18 829636.0 江特电机
002182 19.46 532671.75 云海金属
002207 7.68 404902.0 准油股份
002267 6.71 193554.56 陕天然气
002315 15.21 40956.44 焦点科技
002378 7.52 96035.15 章源钨业
002379 3.32 250905.2 宏创控股
002403 7.25 61411.09 爱仕达
002423 8.52 254684.19 中粮资本
002434 7.58 630222.62 万里扬
002448 6.35 105105.57 中原内配
002460 116.5 262455.53 赣锋锂业
002466 73.96 502611.75 天齐锂业
002468 7.85 416122.09 申通快递
002532 8.19 715965.44 天山铝业
002640 3.15 329378.38 跨境通
002661 12.0 173490.23 克明食品
002695 12.2 121168.05 煌上煌
002696 6.19 128643.4 百洋股份
002719 9.25 87654.93 麦趣尔
002738 79.45 136738.38 中矿资源
002768 21.18 22360.0 国恩股份
002939 10.06 1041454.25 长城证券
002943 33.05 53572.82 宇晶股份
002986 35.1 22268.45 宇新股份
002993 26.07 23437.14 奥海科技
002996 12.0 38490.82 顺博合金
300016 8.31 183809.12 北陆药业
300024 9.11 250459.36 机器人
300065 13.87 378904.88 海兰信
300164 5.36 682716.0 通源石油
300208 11.11 370182.47 青岛中程
300230 4.12 274270.38 永利股份
300238 14.67 69883.24 冠昊生物
300276 4.36 427620.56 三丰智能
300328 9.19 597187.38 宜安科技
300334 9.37 136820.0 津膜科技
300437 27.32 388585.16 清水源
300466 5.2 131581.31 赛摩智能
300480 24.29 40643.23 光力科技
300486 9.38 51277.93 东杰智能
300488 25.61 50929.54 恒锋工具
300632 13.43 165165.58 光莆股份
300635 17.19 51685.0 中达安
300697 10.76 49758.95 电工合金
300700 16.7 66579.56 岱勒新材
300818 41.1 41845.98 耐普矿机
300916 47.75 7919.43 朗特智能
300931 9.28 77518.83 通用电梯
300997 13.05 101899.72 欢乐家
301001 27.92 15750.93 凯淳股份
301029 61.6 11170.44 怡合达
301048 12.12 121350.52 金鹰重工
301127 12.85 80456.07 天源环保
301200 50.03 35515.85 大族数控
600051 8.78 447543.25 宁波联合
600057 9.34 483397.19 厦门象屿
600113 8.85 429116.16 浙江东日
600121 4.32 263382.22 郑州煤电
600125 5.74 1214890.88 铁龙物流
600238 14.18 541940.0 海南椰岛
600257 6.61 571146.75 大湖股份
600343 9.7 117515.68 航天动力
600348 12.88 820792.38 华阳股份
600362 20.22 429913.09 江西铜业
600463 12.36 495733.0 空港股份
600490 4.25 676921.56 鹏欣资源
600505 8.16 99343.77 西昌电力
600508 10.56 158692.98 上海能源
600511 27.74 173665.02 国药股份
600561 6.08 170241.33 江西长运
600645 22.61 110504.81 中源协和
600650 10.97 183349.48 锦江在线
600676 4.8 282322.03 交运股份
600704 5.59 1632515.88 物产中大
600711 8.19 741492.38 盛屯矿业
600746 14.2 160502.09 江苏索普
600758 4.18 517812.38 辽宁能源
600782 6.27 1120680.5 新钢股份
600792 4.62 574662.12 云煤能源
600834 8.96 50195.77 申通地铁
600855 11.92 85417.55 航天长峰
600859 22.84 410457.06 王府井
600997 8.47 709250.88 开滦股份
