000009 14.55 1161729.25 中国宝安
000012 7.02 878982.25 南玻A
000049 39.12 124082.0 德赛电池
000400 19.98 435883.03 许继电气
000408 34.36 227672.92 藏格矿业
000420 5.08 762708.0 吉林化纤
000546 15.79 481502.56 金圆股份
000595 5.75 1667991.5 宝塔实业
000733 133.59 81534.82 振华科技
000739 22.49 310579.09 普洛药业
000767 3.96 1395132.5 晋控电力
000795 7.58 949683.25 英洛华
000836 2.81 863414.38 富通信息
000887 19.2 386258.91 中鼎股份
000921 11.83 290987.16 海信家电
000952 7.89 133444.95 广济药业
000970 13.1 459553.72 中科三环
000975 11.01 499986.75 银泰黄金
002019 13.91 105272.79 亿帆医药
002028 36.8 76529.02 思源电气
002048 15.63 170781.81 宁波华翔
002050 22.96 453198.38 三花智控
002057 9.98 440667.03 中钢天源
002060 9.41 1663958.12 粤水电
002091 11.91 622066.81 江苏国泰
002112 7.93 218782.92 三变科技
002117 7.45 124455.17 东港股份
002141 5.18 318065.53 贤丰控股
002150 6.33 56934.9 通润装备
002171 8.89 318186.28 楚江新材
002182 22.72 467551.38 云海金属
002189 15.7 83584.1 中光学
002192 157.51 91159.69 融捷股份
002202 13.23 1142162.88 金风科技
002210 2.7 321383.03 飞马国际
002326 32.32 639170.56 永太科技
002328 5.94 407353.44 新朋股份
002374 4.24 571652.25 中锐股份
002377 3.56 287260.19 国创高新
002382 9.35 182978.52 蓝帆医疗
002395 9.2 27429.5 双象股份
002402 18.55 289535.5 和而泰
002403 7.14 100445.74 爱仕达
002426 2.11 691555.19 胜利精密
002434 8.24 378706.69 万里扬
002484 23.42 91101.8 江海股份
002498 3.97 547595.38 汉缆股份
002534 14.95 134362.62 西子洁能
002543 7.2 87461.15 万和电气
002551 4.48 290756.19 尚荣医疗
002578 6.11 783064.06 闽发铝业
002598 9.63 231410.38 山东章鼓
002606 8.76 175237.05 大连电瓷
002636 8.94 270742.56 金安国纪
002669 12.2 124652.58 康达新材
002681 3.67 322004.78 奋达科技
002685 3.21 675834.56 华东重机
002705 22.19 130876.18 新宝股份
002706 14.33 124032.52 良信股份
002738 83.65 251116.8 中矿资源
002756 140.02 74414.79 永兴材料
002805 38.4 119250.49 丰元股份
002812 239.9 129717.09 恩捷股份
002823 9.56 71759.81 凯中精密
002864 40.84 167286.11 盘龙药业
002865 112.86 43883.17 钧达股份
002881 35.42 26691.06 美格智能
002898 12.32 133172.2 赛隆药业
002903 14.04 55486.0 宇环数控
002997 17.64 121700.47 瑞鹄模具
300009 9.72 256832.8 安科生物
300013 4.9 620774.75 新宁物流
300015 40.0 610869.62 爱尔眼科
300018 5.74 188935.31 中元股份
300040 7.16 127689.19 九洲集团
300100 9.53 181169.0 双林股份
300117 3.86 486831.19 嘉寓股份
300122 97.17 248833.08 智飞生物
300125 16.81 43340.68 聆达股份
300127 18.36 101775.51 银河磁体
300129 7.78 388786.75 泰胜风能
300141 9.17 54440.04 和顺电气
300142 47.29 339042.47 沃森生物
300206 10.19 48740.35 理邦仪器
300207 30.86 518720.53 欣旺达
300215 6.56 96014.96 电科院
300224 14.17 415927.12 正海磁材
300237 2.46 597996.75 美晨生态
300263 8.0 290572.03 隆华科技
300265 8.63 61451.76 通光线缆
300276 3.87 413682.59 三丰智能
300342 9.1 108649.51 天银机电
300347 97.45 92071.08 泰格医药
300354 30.21 12499.0 东华测试
300375 4.22 188222.72 鹏翎股份
300402 20.09 55165.0 宝色股份
300403 5.04 88184.07 汉宇集团
300409 26.39 286897.53 道氏技术
300428 35.67 192401.2 立中集团
300432 19.39 835646.25 富临精工
300453 9.65 46843.2 三鑫医疗
300457 24.95 117004.95 赢合科技
300472 10.38 259300.56 新元科技
300473 18.34 39313.0 德尔股份
300477 7.65 620014.94 合纵科技
300490 12.95 144023.91 华自科技
300497 13.63 160722.2 富祥药业
300518 57.5 12320.69 盛讯达
300529 50.47 69655.03 健帆生物
300558 56.1 41204.68 贝达药业
300568 29.73 272744.53 星源材质
300594 16.22 14625.61 朗进科技
300601 41.95 178292.98 康泰生物
300610 17.95 86534.75 晨化股份
300617 41.75 55759.88 安靠智电
300618 59.25 113938.5 寒锐钴业
300622 24.08 23217.9 博士眼镜
300636 26.26 100155.56 同和药业
300648 34.01 52514.08 星云股份
300657 9.7 80458.01 弘信电子
300684 13.96 83267.12 中石科技
300693 27.62 161883.98 盛弘股份
300713 13.78 23166.91 英可瑞
300733 24.01 18894.0 西菱动力
300796 14.92 52669.1 贝斯美
300801 24.05 80820.0 泰和科技
300810 18.8 31532.0 中科海讯
300815 17.67 23813.97 玉禾田
300816 30.0 14654.0 艾可蓝
300835 30.3 57438.6 龙磁科技
300855 40.65 27625.67 图南股份
300890 51.69 51420.42 翔丰华
300896 555.0 23893.26 爱美客
300902 38.64 24000.01 国安达
300912 17.14 24323.88 凯龙高科
300933 7.83 89015.6 中辰股份
300953 144.0 16745.74 震裕科技
300956 18.65 22732.07 英力股份
300957 214.0 24046.52 贝泰妮
300963 19.05 19114.39 中洲特材
300980 19.75 20936.69 祥源新材
301022 34.86 13074.41 海泰科
301031 137.5 5069.06 中熔电气
301040 29.1 33815.31 中环海陆
301063 27.11 19560.02 海锅股份
301086 59.3 6084.79 鸿富瀚
301089 121.26 57591.43 拓新药业
301168 34.75 28183.55 通灵股份
301180 19.15 21957.52 万祥科技
301201 69.29 23081.23 诚达药业
301212 38.57 52249.07 联盛化学
301217 15.1 130940.25 铜冠铜箔
301222 30.75 23988.37 浙江恒威
600038 43.3 182652.78 中直股份
600058 11.6 653287.19 五矿发展
600062 21.81 747369.62 华润双鹤
600079 16.55 294457.41 人福医药
600101 9.88 322418.91 明星电力
600107 6.19 178032.61 美尔雅
600152 5.79 63424.36 维科技术
600196 43.42 348941.25 复星医药
600267 13.84 420928.19 海正药业
600276 33.37 740717.81 恒瑞医药
600312 7.77 365616.16 平高电气
600330 11.66 702048.5 天通股份
600336 6.91 413729.03 澳柯玛
600338 29.71 471418.69 西藏珠峰
600379 10.66 98923.94 宝光股份
600392 21.31 487173.22 盛和资源
600458 9.98 170974.97 时代新材
600459 18.68 118922.28 贵研铂业
600481 15.82 434935.91 双良节能
600487 14.13 659249.56 亨通光电
600547 19.21 601034.19 山东黄金
600550 5.51 448919.38 保变电气
600573 9.91 128980.01 惠泉啤酒
600580 13.49 327131.62 卧龙电驱
600587 21.89 115584.15 新华医疗
600711 8.33 1060385.5 盛屯矿业
600765 26.35 463624.66 中航重机
600807 3.87 387072.56 济南高新
600857 10.99 75672.01 宁波中百
600859 24.0 257853.8 王府井
600869 4.58 332054.59 远东股份
600875 16.29 416652.75 东方电气
600876 23.23 135057.86 洛阳玻璃
600963 6.33 950480.62 岳阳林纸
