000756 27.53 792495.75 新华制药
000820 3.99 146287.02 神雾节能
002043 11.6 189808.88 兔宝宝
002051 8.74 240756.78 中工国际
002135 9.57 617513.06 东南网架
002172 3.67 303156.16 澳洋健康
002379 3.75 734556.5 宏创控股
002390 6.91 427304.16 信邦制药
002541 33.4 66872.43 鸿路钢构
002557 56.93 61989.94 洽洽食品
002612 28.28 303942.75 朗姿股份
002640 3.29 352447.69 跨境通
002668 5.12 120970.68 奥马电器
002752 4.97 179093.12 N兴股份
002900 15.25 266564.81 哈三联
002918 18.72 193619.91 蒙娜丽莎
002991 68.99 19929.3 甘源食品
300010 4.81 2076887.88 豆神教育
300026 7.7 2117733.75 红日药业
300142 48.39 361978.44 沃森生物
300208 14.07 352569.0 青岛中程
300269 3.52 87828.44 联建光电
300357 52.03 52814.82 我武生物
300590 13.57 211711.36 移为通信
300627 34.39 84295.47 华测导航
300740 13.74 160905.06 水羊股份
300896 600.01 22019.42 爱美客
300915 47.42 20919.79 海融科技
301017 18.54 62616.21 漱玉平民
301061 33.9 23719.09 匠心家居
301111 27.42 60178.74 粤万年青
600211 41.51 45931.55 西藏药业
600223 10.48 732591.94 鲁商发展
600321 2.1 419014.75 正源股份
600328 23.55 273154.62 中盐化工
600573 10.5 207645.02 惠泉啤酒
600650 13.22 173471.45 锦江在线
600657 6.89 1735238.38 信达地产
600661 10.35 215403.31 昂立教育
