000779 10.72 118423.85 甘咨询
000862 9.76 1159602.62 银星能源
000925 10.61 510143.38 众合科技
002061 6.5 761033.5 浙江交科
002119 13.6 105934.36 康强电子
002135 11.3 540257.38 东南网架
002364 10.01 189923.02 中恒电气
002371 294.02 107599.82 北方华创
002484 23.94 112369.69 江海股份
002552 17.97 87314.39 宝鼎科技
002610 4.31 3229735.25 爱康科技
002648 42.9 173158.77 卫星化学
002667 22.57 459502.72 鞍重股份
002731 11.45 116340.6 萃华珠宝
002771 13.58 292901.31 真视通
002838 15.9 60269.29 道恩股份
002850 129.55 49605.55 科达利
002857 16.44 13364.0 三晖电气
002882 11.6 284058.41 金龙羽
300032 6.63 494659.47 金龙机电
300236 38.05 39772.35 上海新阳
300245 10.46 224085.14 天玑科技
300250 18.96 343170.09 初灵信息
300300 5.77 480321.19 海峡创新
300327 59.41 141234.69 中颖电子
300339 20.27 523521.59 润和软件
300346 43.39 174108.8 南大光电
300373 72.88 221332.16 扬杰科技
300398 29.95 449216.47 飞凯材料
300560 18.15 234453.05 中富通
300565 12.35 106151.6 科信技术
300623 27.61 167325.58 捷捷微电
300655 35.97 113940.54 晶瑞电材
300710 49.12 24697.0 万隆光电
300730 17.28 106820.5 科创信息
300750 473.47 234574.2 宁德时代
300827 87.61 87254.17 上能电气
300896 484.0 23784.91 爱美客
301136 22.07 108841.52 招标股份
600410 7.61 845905.5 华胜天成
600460 57.6 423317.5 士兰微
600576 6.35 437233.16 祥源文旅
600633 9.2 586621.44 浙数文化
600703 26.46 1133581.25 三安光电
600797 7.69 936275.94 浙大网新
600988 17.77 1331856.0 赤峰黄金
