000567 17.07 107856.79 海德股份
000722 17.5 1562461.5 湖南发展
000810 13.02 178003.08 创维数字
000837 7.13 171954.0 秦川机床
002020 9.07 165694.59 京新药业
002183 5.47 1174697.38 怡亚通
002194 8.84 424411.53 武汉凡谷
002252 5.75 511371.69 上海莱士
002261 5.62 352731.84 拓维信息
002326 25.95 468406.53 永太科技
002368 17.78 117762.45 太极股份
002404 5.3 109836.36 嘉欣丝绸
002406 4.55 114974.3 远东传动
002412 6.05 178314.59 汉森制药
002476 5.06 230636.48 宝莫股份
002480 4.43 184439.81 新筑股份
002565 3.7 527827.38 顺灏股份
002690 23.6 34333.65 美亚光电
002819 21.5 29444.31 东方中科
002903 13.01 106689.72 宇环数控
002952 11.63 29397.32 亚世光电
300003 17.75 186311.59 乐普医疗
300009 9.1 295201.41 安科生物
300164 4.5 636133.62 通源石油
300204 14.98 304445.09 舒泰神
300249 10.72 771903.94 依米康
300254 7.99 161358.2 仟源医药
300261 14.27 1221289.0 雅本化学
300352 4.28 417921.31 北信源
300366 7.6 395417.53 创意信息
300414 7.34 45636.21 中光防雷
300474 87.37 82642.05 景嘉微
300497 13.37 219340.72 富祥药业
300507 9.78 372342.72 苏奥传感
300560 13.78 143432.0 中富通
300591 5.86 143415.23 万里马
300605 11.71 83606.67 恒锋信息
300624 30.06 40109.99 万兴科技
300630 27.45 63927.61 普利制药
300635 18.75 45667.0 中达安
300643 11.29 53684.43 万通智控
300663 13.52 310586.41 科蓝软件
300705 21.45 31068.77 九典制药
300730 15.02 94084.0 科创信息
300738 17.58 131658.84 奥飞数据
300799 39.4 23182.0 左江科技
300813 76.96 37117.87 泰林生物
300820 76.17 18294.98 英杰电气
300827 51.57 45852.89 上能电气
300854 19.33 17552.47 中兰环保
300886 27.9 18857.3 华业香料
300895 28.64 51523.53 铜牛信息
300912 14.5 13110.36 凯龙高科
300921 18.41 62436.48 南凌科技
300925 18.98 36548.93 法本信息
300979 74.0 16697.86 华利集团
300996 22.05 41111.87 普联软件
301082 17.0 24880.1 久盛电气
301085 30.39 35883.16 亚康股份
301110 49.05 67617.6 青木股份
301117 47.93 21154.79 佳缘科技
301151 24.71 118916.54 冠龙节能
301158 21.31 56501.57 德石股份
301182 21.7 10068.09 凯旺科技
301201 77.37 68225.99 诚达药业
301211 21.62 40602.73 亨迪药业
301236 44.93 66938.13 软通动力
301288 29.19 122571.15 清研环境
600101 8.27 726516.81 明星电力
600129 17.55 135145.05 太极集团
600212 4.87 206795.55 绿能慧充
600283 12.78 99357.0 钱江水利
600313 9.06 2457273.5 农发种业
600361 5.16 78838.7 创新新材
600389 59.88 121280.42 江山股份
600513 9.24 95745.43 联环药业
600647 14.15 30063.34 同达创业
600771 29.37 257080.8 广誉远
600780 5.06 1080236.38 通宝能源
600969 8.52 459442.78 郴电国际
600992 9.99 112156.0 贵绳股份
600996 7.04 491139.31 贵广网络
