000099 7.72 91552.74 中信海直
000409 7.56 345695.44 云鼎科技
000428 3.67 444970.47 华天酒店
000498 8.26 530347.62 山东路桥
000524 9.27 121936.2 岭南控股
000552 3.98 679288.38 靖远煤电
000576 12.38 109324.79 甘化科工
000589 5.45 106166.32 贵州轮胎
000672 21.96 172887.31 上峰水泥
000702 5.45 131550.95 正虹科技
000739 29.24 196656.3 普洛药业
000777 13.7 139262.91 中核科技
000798 7.02 70802.0 中水渔业
000799 176.08 72716.34 酒鬼酒
000863 3.68 223753.0 三湘印象
000937 6.74 884933.94 冀中能源
000959 6.36 1054820.62 首钢股份
000997 18.36 474225.03 新大陆
002013 12.88 1036366.0 中航机电
002017 15.18 274031.88 东信和平
002043 12.68 153773.11 兔宝宝
002051 7.52 135700.23 中工国际
002066 11.63 49544.19 瑞泰科技
002110 7.61 448048.59 三钢闽光
002244 6.25 316928.16 滨江集团
002258 36.44 138853.77 利尔化学
002268 46.79 165132.23 电科网安
002307 4.75 314525.53 北新路桥
002329 5.09 204547.59 皇氏集团
002375 6.66 202722.64 亚厦股份
002389 22.28 260918.48 航天彩虹
002400 5.39 1424768.5 省广集团
002441 9.76 116177.71 众业达
002495 2.95 398907.72 佳隆股份
002505 3.56 1165582.75 鹏都农牧
002539 14.36 373588.56 云图控股
002544 26.88 112600.09 普天科技
002571 7.21 113924.85 德力股份
002602 6.78 693548.31 世纪华通
002627 6.37 244253.05 三峡旅游
002629 4.69 1387332.0 仁智股份
002641 5.63 156537.2 公元股份
002659 4.76 490446.0 凯文教育
002712 5.25 128288.1 思美传媒
002735 30.18 83892.68 王子新材
002801 22.19 40174.19 微光股份
002837 38.59 112309.3 英维克
002852 13.69 43077.69 道道全
002857 16.33 12801.2 三晖电气
002868 11.27 20539.3 绿康生化
002884 25.88 32369.78 凌霄泵业
002922 19.65 272835.88 伊戈尔
002931 14.19 23131.31 锋龙股份
002966 7.39 371831.03 苏州银行
002982 41.39 13496.9 湘佳股份
002984 35.27 65831.73 森麒麟
300059 27.44 2728678.0 东方财富
300095 15.29 106128.84 华伍股份
300211 12.23 39416.73 亿通科技
300217 5.39 426612.03 东方电热
300246 19.52 21848.99 宝莱特
300287 5.63 808683.62 飞利信
300310 5.8 713344.06 宜通世纪
300342 13.06 139664.38 天银机电
300363 84.04 171949.36 博腾股份
300371 16.2 32406.31 汇中股份
300447 21.88 100579.65 全信股份
300451 9.61 225167.2 创业慧康
300455 11.46 176470.48 康拓红外
300516 35.18 30453.5 久之洋
300553 40.09 7583.0 集智股份
300556 24.98 75183.7 丝路视觉
300651 32.58 22494.2 金陵体育
300663 20.89 385821.84 科蓝软件
300678 20.65 86765.37 中科信息
300692 9.14 159729.55 中环环保
300727 30.44 50844.41 润禾材料
300731 24.84 31210.24 科创新源
300736 11.98 44573.4 百邦科技
300742 29.01 19071.3 越博动力
300763 258.29 29760.19 锦浪科技
300786 34.8 42910.4 国林科技
300834 42.06 18614.31 星辉环材
300842 62.99 43957.14 帝科股份
300861 68.76 45810.54 美畅股份
300871 25.87 11280.83 回盛生物
300893 30.6 25587.66 松原股份
300926 22.32 45414.16 博俊科技
301018 32.1 149769.81 申菱环境
301027 23.95 98786.98 华蓝集团
301040 36.82 23700.49 中环海陆
301079 32.49 22353.96 邵阳液压
301106 40.49 22291.3 骏成科技
301122 79.3 30085.98 采纳股份
301126 21.95 90199.54 达嘉维康
301159 45.87 29036.54 三维天地
301211 28.63 82963.73 亨迪药业
600004 13.22 338250.0 白云机场
600038 60.38 132786.19 中直股份
600054 10.73 101738.0 黄山旅游
600059 10.81 106568.85 古越龙山
600072 15.73 391458.44 中船科技
600121 4.4 156320.2 郑州煤电
600123 11.98 550802.38 兰花科创
600137 15.18 18684.19 浪莎股份
600148 16.9 49002.8 长春一东
600160 15.0 461608.88 巨化股份
600195 13.48 134978.06 中牧股份
600199 22.93 909209.56 金种子酒
600238 14.91 253588.58 海南椰岛
600258 25.99 106202.08 首旅酒店
600277 5.94 1879330.25 亿利洁能
600284 6.8 284640.19 浦东建设
600335 7.74 172862.56 国机汽车
600348 12.32 457280.97 华阳股份
600371 13.25 143146.06 万向德农
600372 19.25 319249.5 中航电子
600381 8.77 121415.38 青海春天
600383 13.15 588406.38 金地集团
600391 23.71 91974.16 航发科技
600448 3.51 379520.12 华纺股份
600521 24.21 495406.69 华海药业
600522 19.71 2022214.38 中天科技
600523 22.91 77264.66 贵航股份
600537 4.25 217479.16 亿晶光电
600552 11.34 215893.09 凯盛科技
600641 26.33 150720.31 万业企业
600702 200.98 68888.87 舍得酒业
600720 10.97 162216.27 祁连山
600722 6.39 167303.0 金牛化工
600760 58.03 281592.56 中航沈飞
600764 33.34 59958.49 中国海防
600770 6.65 141285.98 综艺股份
600782 6.08 1084276.88 新钢股份
600783 15.08 145627.06 鲁信创投
600802 7.76 137820.5 福建水泥
600857 12.11 75171.89 宁波中百
600862 27.66 228800.81 中航高科
600882 40.49 50729.25 妙可蓝多
600893 51.81 334731.88 航发动力
600965 6.53 130337.94 福成股份
600971 7.12 224612.95 恒源煤电
600985 13.75 393522.81 淮北矿业
600990 50.34 34996.41 四创电子
600997 7.71 328148.09 开滦股份
