000066 10.14 700219.19 中国长城
000400 19.37 485259.72 许继电气
000403 19.49 69213.84 派林生物
000545 4.01 596929.06 金浦钛业
000589 4.36 229088.95 贵州轮胎
000661 159.22 115499.06 长春高新
000692 3.61 62057.69 惠天热电
000698 4.67 104425.79 沈阳化工
000720 5.74 143380.52 新能泰山
000791 6.15 703982.94 甘肃电投
000800 9.18 330614.91 一汽解放
000801 6.97 143053.09 四川九洲
000807 11.46 911493.44 云铝股份
000858 166.18 510932.09 五粮液
000862 7.35 518822.62 银星能源
000885 9.71 91819.9 城发环境
000887 14.79 254271.84 中鼎股份
000903 2.95 748644.62 云内动力
000913 15.04 194851.08 钱江摩托
000919 7.45 152032.02 金陵药业
000920 8.32 93620.11 沃顿科技
000927 2.94 484918.47 中国铁物
000975 10.19 626596.5 银泰黄金
002028 35.2 113229.66 思源电气
002039 19.66 48443.59 黔源电力
002109 6.09 217829.88 兴化股份
002112 7.34 82333.0 三变科技
002139 11.02 519693.97 拓邦股份
002192 133.2 98319.67 融捷股份
002204 3.69 201910.22 大连重工
002302 7.89 229230.05 西部建设
002344 4.54 336252.59 海宁皮城
002368 18.36 80789.02 太极股份
002381 6.2 44820.04 双箭股份
002419 7.36 529958.06 天虹股份
002423 7.09 155100.31 中粮资本
002431 4.28 3068910.75 棕榈股份
002539 15.42 356348.09 云图控股
002553 8.7 29175.08 南方精工
002562 6.19 405461.44 兄弟科技
002568 32.25 93758.11 百润股份
002594 298.12 218523.5 比亚迪
002621 4.27 534555.06 美吉姆
002627 5.88 401149.56 三峡旅游
002637 16.54 76025.52 赞宇科技
002682 4.62 579169.06 龙洲股份
002693 5.7 308164.0 双成药业
002729 57.91 42574.1 好利科技
002732 19.19 28121.0 燕塘乳业
002734 9.89 74767.06 利民股份
002735 24.06 26653.64 王子新材
002739 12.26 251733.28 万达电影
002753 7.75 38091.16 永东股份
002765 7.21 163837.64 蓝黛科技
002837 27.98 94927.79 英维克
002865 78.68 21176.0 钧达股份
002942 16.95 14527.3 新农股份
002991 48.89 8677.9 甘源食品
002999 7.51 141544.41 天禾股份
300114 11.51 236643.48 中航电测
300171 32.74 57243.83 东富龙
300189 5.36 1429021.75 神农科技
300223 93.69 131432.66 北京君正
300334 7.54 129065.21 津膜科技
300374 11.85 57312.46 中铁装配
300384 17.27 37300.2 三联虹普
300425 5.1 343599.0 中建环能
300427 15.12 102926.06 红相股份
300455 8.7 102678.2 康拓红外
300516 26.79 26371.19 久之洋
300527 7.81 215891.92 中船应急
300532 12.7 170090.31 今天国际
300533 26.6 94366.99 冰川网络
300547 13.74 68213.6 川环科技
300549 12.95 16707.0 优德精密
300557 26.55 8013.23 理工光科
300601 62.89 74268.95 康泰生物
300606 11.2 21995.24 金太阳
300659 19.17 49009.81 中孚信息
300668 18.36 18695.56 杰恩设计
300671 60.18 59037.49 富满微
300711 11.22 23716.64 广哈通信
300718 13.28 23455.78 长盛轴承
300755 34.94 51558.48 华致酒行
300761 34.82 41214.4 立华股份
300780 14.76 53186.37 德恩精工
300829 28.61 20528.32 金丹科技
300852 32.43 21027.33 四会富仕
300896 503.84 21842.46 爱美客
300909 39.35 9903.51 汇创达
300919 103.0 33371.67 中伟股份
300933 8.4 212867.09 中辰股份
301035 71.19 7148.02 润丰股份
301038 26.59 86543.52 深水规院
301042 31.54 3020.0 安联锐视
301045 21.46 4336.95 天禄科技
301052 34.87 14127.59 果麦文化
301072 36.08 69854.96 中捷精工
301090 10.95 175183.77 华润材料
301169 38.02 22185.49 零点有数
301180 18.18 18095.04 万祥科技
301181 31.06 20002.83 标榜股份
301186 31.7 12182.68 超达装备
301256 10.33 123507.16 华融化学
301258 41.13 18503.96 富士莱
600004 12.49 282637.62 白云机场
600037 10.14 589672.06 歌华有线
600051 6.9 76763.29 宁波联合
600054 10.45 103544.48 黄山旅游
600072 12.65 321223.06 中船科技
600097 10.45 96119.65 开创国际
600135 7.67 243162.19 乐凯胶片
600138 11.34 407788.59 中青旅
600184 13.41 154753.72 光电股份
600192 5.04 274412.59 长城电工
600195 12.4 128410.64 中牧股份
600198 7.3 349193.16 大唐电信
600249 5.21 148456.19 两面针
600285 12.32 96196.12 羚锐制药
600319 6.43 187376.81 亚星化学
600335 8.06 687578.75 国机汽车
600400 3.83 528843.81 红豆股份
600426 29.97 226014.95 华鲁恒升
600435 8.85 340637.06 北方导航
600498 14.09 121835.78 烽火通信
600502 8.13 4102551.75 安徽建工
600549 19.96 240236.2 厦门钨业
600562 15.23 123363.97 国睿科技
600592 7.67 53453.31 龙溪股份
600596 18.8 674056.56 新安股份
600602 6.95 230252.0 云赛智联
600648 14.26 204388.92 外高桥
600653 2.41 2767287.5 申华控股
600676 4.49 138025.52 交运股份
600685 16.37 89051.84 中船防务
600720 14.1 881062.19 祁连山
600721 8.1 193170.02 百花医药
600733 7.52 1267508.12 北汽蓝谷
600742 9.36 249751.91 一汽富维
600796 5.55 62815.81 钱江生化
600811 2.95 582147.88 东方集团
600818 17.87 46354.0 中路股份
600819 5.14 125493.05 耀皮玻璃
600961 8.85 77798.0 株冶集团
600980 15.13 62284.0 北矿科技
600981 3.09 297232.09 汇鸿集团
