000011 12.27 360957.31 深物业A
000035 5.4 476441.62 中国天楹
000422 16.44 515605.91 湖北宜化
000505 8.96 540657.06 京粮控股
000507 6.11 240024.86 珠海港
000568 203.51 170260.08 泸州老窖
000576 11.82 104558.03 甘化科工
000615 6.65 659858.19 奥园美谷
000639 4.74 302143.97 西王食品
000661 182.97 57162.16 长春高新
000670 8.46 765416.94 盈方微
000678 6.79 319233.62 襄阳轴承
000679 5.4 75394.95 大连友谊
000682 8.87 153697.95 东方电子
000701 6.41 283923.62 厦门信达
000722 15.85 457006.47 湖南发展
000803 11.82 102387.2 山高环能
000837 10.66 663873.94 秦川机床
000858 175.4 433695.19 五粮液
000882 1.85 484282.0 华联股份
000902 12.55 247409.77 新洋丰
000928 6.58 487157.88 中钢国际
000948 25.24 679779.94 南天信息
000963 44.23 192904.36 华东医药
002037 11.88 454967.16 保利联合
002079 14.37 675415.62 苏州固锝
002101 23.94 327225.22 广东鸿图
002119 13.3 245730.08 康强电子
002156 17.56 465594.16 通富微电
002171 8.14 277828.16 楚江新材
002210 2.44 647381.75 飞马国际
002264 6.15 151573.52 新华都
002277 3.88 420662.84 友阿股份
002389 25.33 342030.72 航天彩虹
002419 6.29 693065.19 天虹股份
002507 27.17 219594.36 涪陵榨菜
002556 9.57 240101.31 辉隆股份
002579 10.83 841658.88 中京电子
002597 36.56 68807.56 金禾实业
002612 26.22 285371.38 朗姿股份
002670 8.43 453259.69 国盛金控
002695 13.27 392658.28 煌上煌
002703 10.91 727730.88 浙江世宝
002749 9.71 60906.43 国光股份
002769 9.47 221565.59 普路通
002819 27.02 49520.72 东方中科
002859 28.09 51702.63 洁美科技
002946 13.34 167456.17 新乳业
002999 10.07 431001.0 天禾股份
300013 5.52 703955.94 新宁物流
300077 16.69 330626.91 国民技术
300138 17.4 133575.94 晨光生物
300144 14.69 454903.44 宋城演艺
300223 80.03 85358.64 北京君正
300240 7.9 178364.44 飞力达
300268 20.53 69394.54 佳沃食品
300316 67.41 148902.2 晶盛机电
300323 7.41 222951.22 华灿光电
300327 39.2 135869.08 中颖电子
300539 10.52 54610.04 横河精密
300542 15.68 412157.28 新晨科技
300662 47.57 41547.11 科锐国际
300671 43.32 58442.84 富满微
300672 92.25 132195.48 国科微
300722 28.21 26849.36 新余国科
300755 33.1 122949.78 华致酒行
300792 29.0 54303.03 壹网壹创
300840 10.29 48411.28 酷特智能
300879 19.52 33110.64 大叶股份
300896 530.0 23748.62 爱美客
300915 46.83 28690.58 海融科技
300957 136.72 82745.28 贝泰妮
300979 53.8 43280.68 华利集团
301071 131.96 32459.0 力量钻石
301095 103.0 19763.71 广立微
301099 65.9 28137.68 雅创电子
301177 54.45 41865.83 迪阿股份
301238 28.27 98511.19 瑞泰新材
301267 65.73 58050.13 华厦眼科
600071 23.97 158590.16 凤凰光学
600143 10.53 325256.5 金发科技
600223 10.96 397488.12 鲁商发展
600335 8.65 483263.22 国机汽车
600389 44.91 70345.37 江山股份
600456 43.46 97813.53 宝钛股份
600458 10.53 278390.66 时代新材
600460 37.2 249592.2 士兰微
600506 12.16 151423.12 香梨股份
600628 7.5 95318.38 新世界
600702 165.43 114141.21 舍得酒业
600712 4.34 289497.0 南宁百货
600763 142.38 82125.35 通策医疗
600779 68.58 147353.67 水井坊
600790 4.5 209527.3 轻纺城
600824 3.86 284764.53 益民集团
600827 11.94 225473.33 百联股份
600838 7.13 258364.02 上海九百
600865 9.59 38803.44 百大集团
600877 15.59 159071.84 声光电科
600916 13.58 385172.38 中国黄金
