000404 6.66 657078.5 长虹华意 4.72
000812 6.62 715777.81 陕西金叶 3.92
000933 16.91 959786.38 神火股份 0.12
000968 10.52 334260.41 蓝焰控股 2.63
002128 13.95 402856.44 电投能源 2.65
002141 6.12 424450.31 贤丰控股 4.08
002173 6.71 184154.0 创新医疗 1.36
002206 7.49 573184.75 海利得 7.15
002295 7.86 227367.23 精艺股份 2.88
002562 6.83 458815.97 兄弟科技 4.28
002723 14.93 103879.6 小崧股份 3.25
002762 8.27 198655.31 金发拉比 3.38
300268 29.47 49927.64 佳沃食品 4.58
300452 15.18 127513.96 山河药辅 2.43
301082 23.41 91257.83 久盛电气 1.56
600123 15.24 425528.53 兰花科创 2.28
600188 43.83 277698.19 兖矿能源 3.47
600199 27.45 322634.75 金种子酒 2.96
600256 11.39 1874270.0 广汇能源 4.88
600582 5.01 302250.12 天地科技 2.45
600740 6.57 828052.44 山西焦化 2.18
600795 4.06 2028599.88 国电电力 3.31
600863 3.8 1940914.88 内蒙华电 4.4
