000040 3.36 637665.69 东旭蓝天
000153 9.34 99110.58 丰原药业
000650 7.86 487247.28 仁和药业
000668 14.64 33275.73 荣丰控股
000739 34.77 340686.44 普洛药业
000952 7.99 133822.45 广济药业
000953 7.56 372752.0 河化股份
000980 4.11 794697.75 众泰汽车
002038 10.67 255764.2 双鹭药业
002118 3.47 1323210.88 紫鑫药业
002125 13.91 463468.25 湘潭电化
002240 57.56 450262.88 盛新锂能
002262 12.9 101132.38 恩华药业
002356 4.16 162161.77 赫美集团
002390 5.9 424897.91 信邦制药
002412 8.1 664603.81 汉森制药
002422 17.35 213827.02 科伦药业
002435 7.26 1198915.12 长江健康
002578 5.02 1057225.25 闽发铝业
002581 18.43 218853.23 未名医药
002603 29.57 703873.19 以岭药业
002737 16.16 286819.84 葵花药业
002873 23.78 162629.67 新天药业
002991 58.03 16135.02 甘源食品
300012 20.23 211295.0 华测检测
300015 30.51 734351.69 爱尔眼科
300122 141.3 184855.28 智飞生物
300149 13.26 144260.27 睿智医药
300181 11.56 788210.88 佐力药业
300211 10.33 65771.74 亿通科技
300289 7.78 251372.52 利德曼
300347 103.48 154331.02 泰格医药
300363 94.53 108043.27 博腾股份
300396 17.79 45141.15 迪瑞医疗
300404 13.04 289374.38 博济医药
300423 12.89 562148.75 N辉科技
300639 32.68 135750.8 凯普生物
300683 57.88 60471.98 海特生物
300866 73.21 58863.15 安克创新
300870 54.6 45524.63 欧陆通
300902 40.98 45154.11 国安达
300942 33.48 139521.55 易瑞生物
300957 175.38 26704.03 贝泰妮
301058 17.08 109224.28 中粮科工
301071 294.9 12957.95 力量钻石
301080 183.51 8388.89 百普赛斯
301096 89.66 24295.53 百诚医药
301108 50.99 16530.39 洁雅股份
301111 41.86 154184.3 粤万年青
600080 8.43 147464.95 金花股份
600096 24.98 1470706.0 云天化
600216 15.79 207307.8 浙江医药
600272 13.3 363854.03 开开实业
600300 4.51 288684.41 维维股份
600352 11.14 422656.12 浙江龙盛
600353 7.54 308492.69 旭光电子
600497 5.35 1824144.38 驰宏锌锗
600750 13.3 333315.81 江中药业
600763 137.88 103959.92 通策医疗
600803 16.59 151383.7 新奥股份
600873 9.0 612712.0 梅花生物
600941 66.75 165288.77 中国移动
600956 14.21 169262.92 新天绿能
600995 14.53 292156.69 南网储能
