000600 5.2 855268.25 建投能源 4.63
000767 3.98 500885.59 晋控电力 1.79
000791 6.07 312296.59 甘肃电投 1.5
000821 22.74 1138503.38 京山轻机 2.02
000862 7.13 204196.28 银星能源 1.42
002128 14.44 562927.5 电投能源 3.51
002239 3.38 995918.19 奥特佳 4.0
002523 3.64 1178912.88 天桥起重 4.3
002534 24.8 358742.97 西子洁能 5.26
002723 15.17 109757.27 小崧股份 1.61
002745 12.06 820487.44 木林森 6.16
300105 7.19 215050.0 龙源技术 4.96
600295 19.1 244985.58 鄂尔多斯 2.74
600310 3.61 562413.88 桂东电力 3.74
600615 8.59 39867.3 丰华股份 5.01
600744 4.88 225706.97 华银电力 1.46
600758 4.46 416896.81 辽宁能源 2.29
600815 3.19 511505.91 厦工股份 3.57
600863 3.92 2424133.25 内蒙华电 3.16
600868 3.07 716837.56 梅雁吉祥 2.33
