000049 55.05 148089.56 德赛电池
000430 6.18 252391.55 张家界
000622 4.52 333491.03 恒立实业
000701 6.23 394618.31 厦门信达
002095 17.62 198829.92 生意宝
002125 10.63 137698.23 湘潭电化
002140 13.88 191511.69 东华科技
002188 5.21 135840.95 中天服务
002245 25.6 327125.12 蔚蓝锂芯
002253 17.44 121942.76 川大智胜
002279 5.35 403377.69 久其软件
002282 10.5 72790.76 博深股份
002295 7.31 122670.84 精艺股份
002322 12.1 50922.0 理工能科
002335 33.96 135848.62 科华数据
002386 11.05 136037.8 天原股份
002443 8.35 338864.69 金洲管道
002497 24.98 368729.28 雅化集团
002516 7.13 247199.27 旷达科技
002531 17.72 299133.38 天顺风能
002610 3.91 2104700.25 爱康科技
002757 16.22 148339.27 南兴股份
002759 25.89 165463.0 天际股份
002817 11.01 60997.98 黄山胶囊
002860 22.9 46692.44 星帅尔
002895 24.45 127897.03 川恒股份
002922 17.19 110691.05 伊戈尔
002981 24.12 42406.2 朝阳科技
300014 99.99 272534.91 亿纬锂能
300042 16.59 234729.95 朗科科技
300120 9.23 147320.38 经纬辉开
300121 10.41 79181.0 阳谷华泰
300166 12.6 1080961.0 东方国信
300207 38.95 460832.62 欣旺达
300249 8.0 621208.81 依米康
300290 7.12 361659.75 荣科科技
300292 4.71 1408473.5 吴通控股
300343 14.49 698043.81 联创股份
300360 11.27 171969.7 炬华科技
300369 15.11 364473.09 绿盟科技
300490 17.91 139891.56 华自科技
300505 27.95 38034.42 川金诺
300520 22.18 129678.5 科大国创
300563 15.51 101742.9 神宇股份
300568 35.76 163747.53 星源材质
300615 12.65 28169.83 欣天科技
300693 35.61 92627.13 盛弘股份
300730 18.96 154407.28 科创信息
300769 584.15 14068.94 德方纳米
300774 18.03 46071.82 倍杰特
300806 53.05 14198.85 斯迪克
300827 76.38 43907.87 上能电气
300836 39.38 38637.0 佰奥智能
300842 65.65 18885.54 帝科股份
300895 44.48 117173.98 铜牛信息
300896 473.29 18541.53 爱美客
301025 21.53 132215.05 读客文化
301155 108.48 25849.83 海力风电
301168 46.06 44294.65 通灵股份
301178 66.9 23004.07 天亿马
600111 41.08 714408.38 北方稀土
600259 45.91 54905.26 广晟有色
600288 15.66 127656.79 大恒科技
600338 31.57 511334.84 西藏珠峰
600499 19.2 646718.56 科达制造
600773 24.92 409013.47 西藏城投
600884 28.02 282847.44 杉杉股份
600992 10.51 348405.31 贵绳股份
