000012 7.06 842229.62 南玻A
000020 10.17 89268.44 深华发A
000534 15.74 80329.39 万泽股份
000595 8.62 1837158.5 宝塔实业
000700 5.75 195824.23 模塑科技
000777 11.61 101152.39 中核科技
000803 15.17 91251.8 山高环能
000837 9.93 500183.91 秦川机床
000863 4.07 450452.59 三湘印象
000880 9.95 122693.81 潍柴重机
000887 17.23 343869.47 中鼎股份
000957 17.05 903479.12 中通客车
000969 8.89 232366.94 安泰科技
000988 21.96 127694.15 华工科技
000997 13.84 125474.19 新大陆
002008 31.23 324441.03 大族激光
002056 23.29 445068.69 横店东磁
002058 13.41 19394.0 威尔泰
002079 14.81 693093.81 苏州固锝
002119 13.7 369254.56 康强电子
002126 13.61 302372.97 银轮股份
002128 15.04 598787.06 电投能源
002160 5.21 489513.38 常铝股份
002182 23.58 219993.19 云海金属
002184 11.61 106757.73 海得控制
002190 27.32 47551.14 成飞集成
002196 8.59 137358.5 方正电机
002199 7.92 158931.97 东晶电子
002239 2.93 399461.44 奥特佳
002255 6.36 436627.84 海陆重工
002265 15.29 165141.61 西仪股份
002276 10.16 266914.81 万马股份
002288 6.38 255124.52 超华科技
002325 2.42 681726.94 洪涛股份
002328 6.32 265627.25 新朋股份
002346 15.04 89913.55 柘中股份
002363 7.01 133247.91 隆基机械
002379 4.61 321608.0 宏创控股
002384 28.3 233069.41 东山精密
002397 5.64 170977.23 梦洁股份
002441 9.84 121428.81 众业达
002486 3.55 1278802.0 嘉麟杰
002514 12.34 657703.25 宝馨科技
002518 44.18 353891.62 科士达
002520 6.65 376268.38 日发精机
002527 7.13 161505.34 新时达
002553 14.6 486277.19 南方精工
002575 7.35 473462.47 群兴玩具
002576 14.5 78685.74 通达动力
002579 9.95 672157.94 中京电子
002580 11.65 702812.88 圣阳股份
002594 282.7 190873.16 比亚迪
002603 21.88 272158.09 以岭药业
002635 14.59 207122.05 安洁科技
002641 4.99 208613.48 公元股份
002650 4.48 667829.25 加加食品
002654 4.63 211627.0 万润科技
002657 15.22 153039.8 中科金财
002658 8.75 347961.53 雪迪龙
002667 27.09 45016.3 鞍重股份
002689 5.05 1528300.62 远大智能
002694 5.55 109070.0 顾地科技
002747 20.17 360755.88 埃斯顿
002765 10.66 530912.0 蓝黛科技
002786 7.1 154528.0 银宝山新
002802 16.34 16882.12 洪汇新材
002806 13.52 80327.0 华锋股份
002821 168.5 69145.05 凯莱英
002850 117.15 53849.33 科达利
002852 16.0 80301.59 道道全
002865 202.0 50714.11 钧达股份
002877 7.73 210847.7 智能自控
002879 15.88 26669.15 长缆科技
002887 9.58 109741.5 绿茵生态
002898 12.07 40249.1 赛隆药业
002980 25.21 17919.15 华盛昌
002993 44.48 38163.38 奥海科技
002996 17.09 90693.0 顺博合金
300007 19.07 137729.94 汉威科技
300057 11.46 326895.75 万顺新材
300073 79.66 121160.18 当升科技
300129 8.39 212767.0 泰胜风能
300152 3.99 359145.59 新动力
300161 19.32 68765.58 华中数控
300172 5.53 195895.94 中电环保
300174 17.41 63263.0 元力股份
300180 4.34 320708.31 华峰超纤
300187 6.77 167345.0 永清环保
300217 7.84 556098.62 东方电热
300223 80.26 52504.67 北京君正
300234 6.38 177541.31 开尔新材
300236 33.67 34394.02 上海新阳
300239 8.88 192972.62 东宝生物
300337 12.68 348806.56 银邦股份
300346 36.59 237569.48 南大光电
300351 17.24 105601.7 永贵电器
300360 14.58 178712.72 炬华科技
300400 15.64 34978.9 劲拓股份
300407 8.19 40990.0 凯发电气
300427 17.54 50718.11 红相股份
300429 9.41 52911.0 强力新材
300441 6.79 66548.2 鲍斯股份
300458 24.04 228461.91 全志科技
300466 5.36 75733.4 赛摩智能
300473 19.28 35228.0 德尔股份
300488 23.47 15602.72 恒锋工具
300503 10.31 162628.23 昊志机电
300508 23.34 17294.19 维宏股份
300515 11.34 42644.0 三德科技
300537 15.41 105472.85 广信材料
300542 13.19 216798.08 新晨科技
300546 21.26 47910.49 雄帝科技
300586 19.98 153437.09 美联新材
300606 13.75 59132.0 金太阳
300610 18.62 116360.84 晨化股份
300611 9.99 100410.9 美力科技
300614 26.6 15802.64 百川畅银
300615 12.76 60129.92 欣天科技
300617 37.8 31157.14 安靠智电
300627 35.0 86634.0 华测导航
300647 10.05 106796.33 超频三
300652 29.45 23604.6 雷迪克
300656 38.88 39492.17 民德电子
300660 30.36 124026.7 江苏雷利
300663 14.99 110219.44 科蓝软件
300679 48.36 53166.46 电连技术
300681 58.9 41690.84 英搏尔
300698 25.84 48749.9 万马科技
300707 20.24 55251.94 威唐工业
300713 14.67 33893.94 英可瑞
300726 48.32 62698.82 宏达电子
300731 22.78 59756.71 科创新源
300745 43.45 51439.89 欣锐科技
300752 24.73 52661.35 隆利科技
300757 48.94 12365.7 罗博特科
300772 24.7 273192.44 运达股份
300806 32.2 39426.88 斯迪克
300817 15.45 17156.31 双飞股份
300831 13.97 70671.0 派瑞股份
300901 10.49 58062.41 中胤时尚
300918 10.54 74579.44 南山智尚
300919 95.8 46258.84 中伟股份
300928 52.46 25873.92 华安鑫创
300938 38.23 15919.31 信测标准
300939 35.82 24930.51 秋田微
300953 105.17 24704.98 震裕科技
300962 16.16 36741.57 中金辐照
300963 19.09 50182.78 中洲特材
300978 15.56 44513.44 东箭科技
300980 24.35 13307.61 祥源新材
300984 28.5 6868.8 金沃股份
301018 44.92 62066.98 申菱环境
301030 31.63 79391.98 仕净科技
301046 35.5 43844.55 能辉科技
301059 26.9 25451.87 金三江
301066 12.22 15074.01 万事利
301089 85.71 35788.83 拓新药业
301092 29.98 30164.91 争光股份
301095 90.71 48289.57 广立微
301112 36.21 20391.95 信邦智能
301135 25.56 15018.0 瑞德智能
301163 35.84 14122.11 宏德股份
301181 41.83 41222.72 标榜股份
301221 52.22 25371.59 光庭信息
301298 20.98 18881.64 东利机械
600171 20.7 261466.48 上海贝岭
600200 7.44 327094.38 江苏吴中
600220 3.81 764246.5 江苏阳光
600313 11.94 897557.62 农发种业
600316 25.69 93905.56 洪都航空
600363 30.27 132409.45 联创光电
600452 14.72 187314.45 涪陵电力
600526 5.91 182580.66 菲达环保
600536 39.28 156190.3 中国软件
600593 15.26 26480.0 大连圣亚
600630 6.41 189264.0 龙头股份
600703 25.32 831186.62 三安光电
600765 31.9 240114.52 中航重机
600933 19.99 222189.55 爱柯迪
600969 9.3 84445.6 郴电国际
