000159 8.6 137816.98 国际实业
000420 5.05 659881.44 吉林化纤
000668 13.09 32778.8 荣丰控股
000705 8.52 171795.78 浙江震元
000736 12.01 581028.38 中交地产
000739 22.15 210516.62 普洛药业
000758 4.98 564081.12 中色股份
000908 3.48 332868.91 景峰医药
002079 15.75 1150256.5 苏州固锝
002234 19.01 305070.69 民和股份
002282 8.47 251381.62 博深股份
002300 8.8 412308.62 太阳电缆
002331 7.21 313790.53 皖通科技
002365 11.62 134635.84 永安药业
002368 27.69 249375.06 太极股份
002379 4.31 273089.41 宏创控股
002424 7.15 403960.19 贵州百灵
002542 3.03 731255.25 中化岩土
002578 4.45 185854.64 闽发铝业
002777 17.19 234660.8 久远银海
002789 13.65 47831.31 建艺集团
002803 13.62 166476.44 吉宏股份
002835 12.77 241533.0 同为股份
002873 15.4 363975.72 新天药业
002912 30.29 68551.59 中新赛克
002941 13.08 195656.59 新疆交建
300047 6.66 366601.12 天源迪科
300061 7.84 544158.44 旗天科技
300074 3.83 121389.05 华平股份
300086 6.0 167698.5 康芝药业
300167 5.69 143348.23 迪威迅
300249 9.79 596484.19 依米康
300300 4.06 123797.87 海峡创新
300333 6.56 141066.7 兆日科技
300334 7.06 72936.0 津膜科技
300386 11.02 76559.26 飞天诚信
300451 8.0 389803.81 创业慧康
300561 10.09 60671.55 汇金科技
300577 16.05 24084.61 开润股份
300579 26.76 123869.0 数字认证
300630 28.12 124736.7 普利制药
300634 19.28 124432.77 彩讯股份
300688 16.4 88729.0 创业黑马
300830 8.74 239282.8 金现代
301010 20.4 48696.02 晶雪节能
301041 18.9 72541.56 金百泽
301062 8.55 73889.47 上海艾录
301111 24.1 75098.51 粤万年青
301159 28.47 29629.29 三维天地
301282 32.88 84204.77 金禄电子
301330 40.56 54576.99 熵基科技
301339 17.7 152924.48 通行宝
600106 5.94 474773.84 重庆路桥
600153 12.58 341640.66 建发股份
600193 6.34 109910.9 创兴资源
600325 9.54 409603.78 华发股份
600523 20.7 76841.51 贵航股份
600536 68.42 604953.56 中国软件
600571 8.6 177033.05 信雅达
600636 10.6 346208.78 国新文化
600766 14.89 56963.96 园城黄金
600773 23.82 693832.88 西藏城投
600793 12.98 49312.61 宜宾纸业
600996 11.11 599783.62 贵广网络
