000035 5.68 882939.19 中国天楹 5.18
000505 9.46 709791.38 京粮控股 5.58
000507 6.21 344115.88 珠海港 1.64
000615 7.1 784213.94 奥园美谷 6.77
000639 4.93 334945.0 西王食品 4.01
000679 5.53 114760.62 大连友谊 2.41
000785 4.09 199915.55 居然之家 0.24
000803 11.98 110176.53 山高环能 1.35
002079 14.82 790795.81 苏州固锝 3.13
002210 2.53 821624.25 飞马国际 3.69
002277 3.92 511810.16 友阿股份 1.03
002352 57.65 323976.16 顺丰控股 1.05
002556 9.71 251830.41 辉隆股份 1.46
300013 5.7 843261.44 新宁物流 3.26
300144 14.79 461821.84 宋城演艺 0.68
300240 8.5 373725.97 飞力达 7.59
300662 49.96 42927.12 科锐国际 5.02
300719 11.19 115875.12 安达维尔 2.1
300792 29.54 78650.08 壹网壹创 1.86
600233 21.49 304442.44 圆通速递 4.32
600287 5.5 160088.45 江苏舜天 1.1
600295 17.84 170686.22 鄂尔多斯 4.02
600389 45.61 75229.85 江山股份 1.56
600456 44.67 145717.56 宝钛股份 2.78
600628 7.52 112167.53 新世界 0.27
600712 4.37 337571.41 南宁百货 0.69
600774 13.02 62019.5 汉商集团 1.56
600790 4.54 237003.61 轻纺城 0.89
