000007 6.7 71739.0 全新好
000159 6.24 104316.94 国际实业
000505 11.97 916816.06 京粮控股
000557 4.45 184187.66 西部创业
000565 6.04 49586.5 渝三峡A
000576 12.48 105659.0 甘化科工
000607 5.29 271530.72 华媒控股
000681 14.28 273135.75 视觉中国
000713 10.06 869490.62 丰乐种业
000798 9.34 431768.62 中水渔业
000829 11.04 168329.38 天音控股
000836 2.84 407179.53 富通信息
000880 7.92 23016.2 潍柴重机
000888 7.77 182416.0 峨眉山A
000917 5.43 161462.23 电广传媒
000998 19.0 438945.72 隆平高科
002033 7.01 182538.84 丽江股份
002041 25.47 285530.88 登海种业
002087 3.78 200287.31 新野纺织
002088 15.42 94688.54 鲁阳节能
002096 12.35 60114.37 南岭民爆
002114 8.65 169405.5 罗平锌电
002150 6.7 81058.0 通润装备
002167 7.4 238288.2 东方锆业
002255 5.72 298692.81 海陆重工
002385 9.15 2146788.75 大北农
002386 9.98 192452.16 天原股份
002391 7.72 162886.12 长青股份
002422 16.93 213466.91 科伦药业
002438 15.55 117851.13 江苏神通
002446 6.4 309735.31 盛路通信
002455 10.05 128429.58 百川股份
002476 5.65 357769.0 宝莫股份
002483 6.32 130275.6 润邦股份
002486 2.93 220207.2 嘉麟杰
002505 3.27 1059061.88 鹏都农牧
002515 4.58 174379.95 金字火腿
002517 4.73 429921.91 恺英网络
002556 11.17 135404.5 辉隆股份
002574 5.23 78337.55 明牌珠宝
002594 244.86 207781.55 比亚迪
002633 8.64 19989.0 申科股份
002635 13.2 162222.09 安洁科技
002645 19.09 49243.1 华宏科技
002650 4.63 337936.38 加加食品
002679 10.62 36580.4 福建金森
002691 5.4 55596.7 冀凯股份
002696 6.65 222205.5 百洋股份
002714 57.45 652139.81 牧原股份
002737 14.94 72536.35 葵花药业
002748 12.1 63872.0 世龙实业
002760 22.86 31229.4 凤形股份
002767 10.27 13189.99 先锋电子
002796 8.94 63413.85 世嘉科技
002809 10.66 35101.99 红墙股份
002828 8.03 89687.26 贝肯能源
002840 17.65 134396.83 华统股份
002888 13.0 17892.38 惠威科技
002893 7.72 26180.1 华通热力
002902 9.97 44640.5 铭普光磁
002922 13.95 79035.85 伊戈尔
002971 20.35 20361.01 和远气体
002982 45.28 48887.96 湘佳股份
300005 8.18 131907.27 探路者
300048 5.69 117202.44 合康新能
300052 22.89 245751.73 中青宝
300075 20.16 547740.12 数字政通
300081 10.75 334729.0 恒信东方
300087 26.62 304538.16 荃银高科
300106 10.03 110316.0 西部牧业
300119 18.9 39065.96 瑞普生物
300120 6.4 41006.02 经纬辉开
300153 8.04 44478.0 科泰电源
300157 4.34 454655.88 恒泰艾普
300160 7.45 112916.4 秀强股份
300182 5.08 698820.0 捷成股份
300189 5.98 2258782.75 神农科技
300218 14.19 101553.88 安利股份
300233 31.48 56387.24 金城医药
300239 6.48 135110.0 东宝生物
300240 10.54 697197.69 飞力达
300274 90.1 314015.84 阳光电源
300283 6.01 58156.91 温州宏丰
300286 22.36 18503.0 安科瑞
300335 4.96 48025.0 迪森股份
300376 7.12 297596.0 易事特
300385 6.95 29868.28 雪浪环境
300389 9.56 38671.0 艾比森
300400 14.35 23526.0 劲拓股份
300405 7.31 24714.93 科隆股份
300423 10.27 54413.11 N辉科技
300442 47.55 23907.98 润泽科技
300494 14.68 50944.14 盛天网络
300505 41.96 163504.8 川金诺
300549 14.65 45228.89 优德精密
300556 23.85 70533.0 丝路视觉
300559 10.87 56457.54 佳发教育
300593 41.63 32707.5 新雷能
300609 15.81 37742.0 汇纳科技
300619 69.72 30402.0 金银河
300643 11.26 110362.0 万通智控
300644 15.34 8696.92 南京聚隆
300645 22.02 41050.0 正元智慧
300654 8.9 28978.05 世纪天鸿
300710 41.02 12204.0 万隆光电
300743 11.39 61850.24 天地数码
300756 21.04 20406.04 金马游乐
300757 36.48 12863.7 罗博特科
300786 27.13 25792.86 国林科技
300796 20.58 52410.66 贝斯美
300801 20.81 41374.0 泰和科技
300828 22.62 25872.0 锐新科技
300831 12.03 63997.82 派瑞股份
300832 34.3 28206.98 新产业
300854 23.06 12126.85 中兰环保
300860 44.48 32821.83 锋尚文化
300871 20.07 38891.44 回盛生物
300885 18.9 49716.87 海昌新材
300902 42.21 61524.99 国安达
300950 26.26 10043.59 德固特
300963 17.45 8153.7 中洲特材
300970 22.39 33369.24 华绿生物
300985 32.0 31673.48 致远新能
300989 38.85 7172.65 蕾奥规划
300990 74.1 6401.13 同飞股份
300993 23.58 22397.55 玉马遮阳
300997 14.09 110056.18 欢乐家
301000 56.28 6696.0 肇民科技
301018 21.68 27662.62 申菱环境
301025 14.1 23689.72 读客文化
301026 45.94 4548.92 浩通科技
301033 41.55 2992.95 迈普医学
301043 28.07 10533.0 绿岛风
301058 19.85 163341.66 中粮科工
301063 27.72 13092.17 海锅股份
301070 30.58 4291.82 开勒股份
301081 15.82 22619.86 严牌股份
301082 17.87 11778.39 久盛电气
301085 32.65 15240.21 亚康股份
301092 26.7 9058.79 争光股份
301098 21.89 11764.0 金埔园林
301113 35.77 24047.0 雅艺科技
301117 51.88 33285.78 佳缘科技
301118 50.15 42639.44 恒光股份
301136 21.79 69421.14 招标股份
301149 14.15 25080.76 隆华新材
301158 25.27 99738.94 德石股份
301178 49.99 13110.41 天亿马
301188 17.23 9612.2 力诺特玻
301190 21.8 17964.14 善水科技
301236 45.87 40256.02 软通动力
301256 11.02 189210.84 华融化学
600083 10.76 50359.0 博信股份
600097 11.7 116775.0 开创国际
600099 8.47 29961.07 林海股份
600105 3.69 231654.23 永鼎股份
600108 4.0 1231081.0 亚盛集团
600127 9.58 599968.75 金健米业
600220 3.09 964252.25 江苏阳光
600230 17.67 77247.3 沧州大化
600257 6.92 614184.88 大湖股份
600262 19.72 23969.1 北方股份
600302 5.27 43778.2 标准股份
600338 24.09 221687.0 西藏珠峰
600354 7.1 983979.5 敦煌种业
600367 22.95 187731.0 红星发展
600371 14.95 336887.38 万向德农
600379 10.41 80702.64 宝光股份
600467 3.28 944257.19 好当家
600469 4.45 79873.0 风神股份
600481 11.89 400334.88 双良节能
600495 4.02 261656.73 晋西车轴
600540 6.37 478743.53 新赛股份
600582 4.74 435157.72 天地科技
600611 3.66 499042.34 大众交通
600720 11.19 279344.91 祁连山
600750 13.84 336696.34 江中药业
600773 16.95 155309.52 西藏城投
600800 4.66 87490.69 渤海化学
600857 12.75 78026.27 宁波中百
600980 14.65 18113.0 北矿科技
