000019 7.97 194171.55 深粮控股
000420 5.1 847941.12 吉林化纤
000505 7.97 183627.0 京粮控股
000517 2.76 383623.38 荣安地产
000533 3.97 333259.0 顺钠股份
000635 9.74 49296.0 英力特
000656 4.63 1044180.81 金科股份
000666 9.85 475705.56 经纬纺机
000683 9.62 1632854.12 远兴能源
000705 8.31 73260.83 浙江震元
000713 9.92 522602.56 丰乐种业
000723 15.08 2509979.0 美锦能源
000753 3.68 266021.78 漳州发展
000782 5.62 114245.23 美达股份
000819 12.9 107799.47 岳阳兴长
000822 7.53 497365.16 山东海化
000830 17.12 592664.81 鲁西化工
000833 6.24 189901.0 粤桂股份
000848 10.18 144672.8 承德露露
000852 7.24 515315.81 石化机械
000882 2.01 452184.47 华联股份
000998 19.7 413280.88 隆平高科
002041 23.92 268817.72 登海种业
002042 4.7 145274.78 华孚时尚
002061 6.5 467298.56 浙江交科
002107 7.29 122743.08 沃华医药
002116 9.6 206243.12 中国海诚
002117 9.11 222041.02 东港股份
002133 3.93 850347.62 广宇集团
002172 4.54 527183.12 澳洋健康
002188 6.69 148663.0 中天服务
002198 6.79 68021.08 嘉应制药
002224 5.55 116641.43 三力士
002263 3.64 587342.88 大东南
002301 7.19 149704.56 齐心集团
002308 4.76 363073.47 威创股份
002348 2.76 825148.94 高乐股份
002363 5.76 67479.0 隆基机械
002374 5.41 683719.06 中锐股份
002392 4.63 168112.0 北京利尔
002418 3.55 188896.0 康盛股份
002443 8.47 325532.0 金洲管道
002457 9.26 210758.41 青龙管业
002471 2.73 316845.53 中超控股
002483 8.98 288230.19 润邦股份
002506 3.76 1220583.25 协鑫集成
002514 4.87 152097.8 宝馨科技
002521 6.13 68165.67 齐峰新材
002528 3.89 120232.55 英飞拓
002551 5.1 143939.41 尚荣医疗
002565 4.58 289509.62 顺灏股份
002566 8.37 70254.0 益盛药业
002570 5.81 477282.56 贝因美
002580 8.19 344012.75 圣阳股份
002589 3.81 237118.09 瑞康医药
002610 4.49 4852881.5 爱康科技
002621 6.82 914544.31 美吉姆
002633 9.34 27532.02 申科股份
002639 10.69 1069855.0 雪人股份
002652 3.51 65286.17 扬子新材
002660 8.02 81571.0 茂硕电源
002671 5.27 197903.0 龙泉股份
002682 5.12 559418.25 龙洲股份
002691 5.41 103583.29 冀凯股份
002693 4.68 63640.82 双成药业
002702 5.49 146407.66 海欣食品
002748 14.57 138647.5 世龙实业
002762 10.3 141793.02 金发拉比
002778 19.43 71640.14 中晟高科
002790 8.55 74457.72 瑞尔特
002792 16.76 87826.22 通宇通讯
002849 13.93 77576.44 威星智能
002955 23.2 84294.58 鸿合科技
002969 6.15 100302.05 嘉美包装
002976 25.33 51351.25 瑞玛精密
002992 13.17 19740.1 宝明科技
002998 8.34 21453.29 优彩资源
002999 8.07 256855.94 天禾股份
300013 4.08 243411.84 新宁物流
300022 6.01 412730.0 吉峰科技
300026 7.0 2654764.75 红日药业
300039 8.11 1203635.62 上海凯宝
300050 4.69 204830.41 世纪鼎利
300056 7.13 150167.59 中创环保
300062 10.65 87356.0 中能电气
300068 13.03 406558.75 南都电源
300086 10.3 992957.75 康芝药业
300087 27.7 248424.84 荃银高科
300135 3.0 638158.62 宝利国际
300163 4.02 130308.94 先锋新材
300198 3.82 329020.25 纳川股份
300209 6.67 324462.38 有棵树
300214 8.67 108432.0 日科化学
300264 7.7 416344.0 佳创视讯
300299 6.1 419430.47 富春股份
300300 5.75 304885.97 海峡创新
300311 9.35 776348.19 任子行
300337 7.11 238441.8 银邦股份
300339 20.76 455042.69 润和软件
300359 6.28 186822.0 全通教育
300380 20.98 83269.07 安硕信息
300391 14.53 99530.5 康跃科技
300399 13.77 75574.5 天利科技
300402 26.35 106415.61 宝色股份
300404 12.34 86909.62 博济医药
300407 9.29 55443.4 凯发电气
300410 10.68 41287.24 正业科技
300446 13.73 88410.98 乐凯新材
300448 6.87 138533.38 浩云科技
300471 22.58 195965.92 厚普股份
300500 24.82 110584.59 启迪设计
300506 6.71 96274.89 名家汇
300546 31.58 229318.31 雄帝科技
300555 9.74 85065.5 路通视信
300566 24.55 24219.23 激智科技
300582 18.09 106671.11 英飞特
300588 16.88 218610.05 熙菱信息
300591 6.45 89779.12 万里马
300605 19.5 269254.47 恒锋信息
300645 23.92 126019.16 正元智慧
300649 30.68 213037.42 杭州园林
300654 8.88 38980.05 世纪天鸿
300693 35.08 157810.25 盛弘股份
300703 10.03 37340.81 创源股份
300821 21.65 595008.25 东岳硅材
300830 10.81 158852.0 金现代
300839 21.84 67915.56 博汇股份
300840 10.6 23223.0 酷特智能
300845 22.53 27258.0 捷安高科
300867 32.16 53672.65 圣元环保
300881 25.83 9863.08 盛德鑫泰
300935 51.88 5763.0 盈建科
300943 30.88 81131.64 春晖智控
300963 24.01 30880.31 中洲特材
300970 25.69 55702.06 华绿生物
300972 14.8 61113.69 万辰生物
300979 86.38 16369.01 华利集团
300987 29.06 30672.0 川网传媒
301009 18.66 50075.57 可靠股份
301020 29.29 22832.46 密封科技
301083 16.7 28822.99 百胜智能
301136 22.71 105416.18 招标股份
301168 49.75 79797.69 通灵股份
301228 36.14 80515.12 实朴检测
600051 7.97 105401.02 宁波联合
600055 31.39 215407.62 万东医疗
600159 3.16 335101.25 大龙地产
600191 4.03 52762.85 华资实业
600192 5.35 153354.0 长城电工
600256 7.39 1902110.5 广汇能源
600257 6.24 473838.75 大湖股份
600279 4.31 133028.75 重庆港
600301 15.56 33013.0 南化股份
600312 8.57 244489.97 平高电气
600322 2.1 247262.47 天房发展
600326 6.61 209754.95 西藏天路
600363 27.3 118562.16 联创光电
600405 6.48 438683.38 动力源
600422 11.6 216544.31 昆药集团
600479 12.1 125270.6 千金药业
600517 6.76 253468.8 国网英大
600530 4.22 219918.45 交大昂立
600536 47.06 177606.53 中国软件
600545 3.08 241415.59 卓郎智能
600550 5.56 345486.16 保变电气
600558 3.63 134246.0 大西洋
600596 28.39 476277.78 新安股份
600605 9.17 31902.03 汇通能源
600613 5.89 81671.0 神奇制药
600617 4.4 141853.55 国新能源
600653 2.02 361306.28 申华控股
600665 3.62 128643.29 天地源
600683 5.06 113609.17 京投发展
600684 3.75 254574.94 珠江股份
600691 4.73 573375.75 阳煤化工
600710 6.28 157239.47 苏美达
600737 8.76 488284.84 中粮糖业
600739 16.95 156929.78 辽宁成大
600758 3.92 209145.02 辽宁能源
600766 5.26 88925.65 园城黄金
600796 5.72 45991.42 钱江生化
600818 12.18 81487.3 中路股份
600824 4.46 728959.06 益民集团
600831 7.09 963656.81 广电网络
600833 10.23 44200.31 第一医药
600858 5.12 58893.6 银座股份
600869 5.97 263824.5 远东股份
600960 3.78 169592.52 渤海汽车
600962 9.89 58829.0 国投中鲁
600992 13.7 177596.83 贵绳股份
