000045 9.1 240928.52 深纺织A 1.34
000417 4.62 268393.59 合肥百货 2.44
000550 15.55 55004.27 江铃汽车 1.04
000695 11.49 22490.0 滨海能源 2.31
002077 14.72 871848.94 大港股份 5.59
002383 8.12 477624.81 合众思壮 1.12
002416 9.6 133785.38 爱施德 4.92
002472 31.85 159765.0 双环传动 0.6
002478 6.25 674206.81 常宝股份 2.8
002518 40.51 186319.55 科士达 1.58
002580 9.94 377305.81 圣阳股份 2.47
002598 11.26 318019.19 山东章鼓 5.73
002672 6.02 50338.22 东江环保 1.18
300125 26.7 173971.28 聆达股份 4.09
300207 25.55 249854.58 欣旺达 1.59
300686 13.8 120801.16 智动力 5.75
300698 27.45 83365.21 万马科技 5.66
600644 7.1 137960.0 乐山电力 0.71
600859 23.74 152984.47 王府井 1.02
600861 16.43 35995.0 北京城乡 2.43
600969 7.93 59293.01 郴电国际 1.41
