000504 18.58 67922.01 南华生物 1.14
000638 5.92 78309.5 万方发展 0.68
002354 5.5 1479077.88 天娱数科 4.96
300240 9.03 242785.66 飞力达 5.25
300314 16.53 259760.12 戴维医疗 2.04
300329 11.26 483772.12 海伦钢琴 2.55
300518 53.2 31114.1 盛讯达 1.64
300658 11.3 106509.33 延江股份 5.12
301009 21.05 163288.06 可靠股份 7.29
301015 28.98 153060.8 百洋医药 5.96
301017 25.42 153213.88 漱玉平民 4.48
301101 50.21 26685.99 明月镜片 4.15
600376 5.85 133338.58 首开股份 1.21
600506 12.78 31553.6 香梨股份 3.9
600808 4.75 2740930.75 马钢股份 3.71
600828 3.88 190922.2 茂业商业 1.57
