000058 5.98 156845.0 深赛格 0.67
000628 17.51 103198.29 高新发展 0.4
000751 3.44 292420.84 锌业股份 0.58
000801 6.68 150732.31 四川九洲 0.91
000837 8.58 357870.59 秦川机床 2.14
000962 10.78 95555.15 东方钽业 0.37
002120 18.83 419514.84 韵达股份 3.35
002225 5.21 558328.25 濮耐股份 0.97
002248 8.86 431582.62 华东数控 4.48
002341 4.67 356311.69 新纶新材 4.47
002516 5.9 416890.47 旷达科技 1.38
002522 5.88 166295.75 浙江众成 0.86
002595 24.87 101841.73 豪迈科技 4.06
002597 44.0 75368.59 金禾实业 0.23
300046 19.28 103408.36 台基股份 0.36
300251 8.57 135789.19 光线传媒 0.47
300402 22.53 68010.11 宝色股份 1.72
300410 9.13 60530.02 正业科技 2.01
300459 3.81 2237942.0 汤姆猫 1.6
300506 7.37 254125.88 名家汇 2.93
300582 15.38 199176.08 英飞特 3.29
300747 29.62 58569.6 锐科激光 4.78
301013 11.71 112688.76 利和兴 2.27
600285 12.24 78253.42 羚锐制药 0.74
600490 4.06 1560506.88 鹏欣资源 0.49
600967 9.17 301311.38 内蒙一机 0.99
600986 6.05 497373.88 浙文互联 1.17
