000032 25.18 161702.12 深桑达A 1.94
000682 8.37 330165.62 东方电子 4.1
002279 5.46 909448.62 久其软件 5.0
002463 18.27 662763.56 沪电股份 1.16
002518 24.82 106810.52 科士达 1.64
002738 60.17 164291.06 中矿资源 1.93
002837 38.83 96280.58 英维克 5.0
002881 41.16 42760.8 美格智能 0.88
002916 116.11 42769.02 深南电路 2.93
002929 36.5 54835.85 润建股份 2.36
002935 34.88 59709.98 天奥电子 3.78
300002 6.54 1792215.62 神州泰岳 1.4
300036 27.89 346144.88 超图软件 3.45
300045 13.47 813205.12 华力创通 6.99
300057 9.36 257957.59 万顺新材 3.42
300083 14.0 328762.59 创世纪 2.26
300099 9.67 615430.75 精准信息 3.2
300179 10.93 211637.73 四方达 2.82
300223 112.52 87615.01 北京君正 2.81
300263 9.96 274190.19 隆华科技 2.15
300342 14.59 300998.53 天银机电 4.59
300458 61.32 69464.04 全志科技 0.11
300468 22.63 507702.84 四方精创 5.4
300476 30.91 130558.52 胜宏科技 4.5
300480 36.97 102033.97 光力科技 3.44
300508 41.25 19216.56 维宏股份 1.93
300548 35.02 103577.55 博创科技 0.69
300569 13.17 119489.74 天能重工 0.69
300678 23.51 199753.86 中科信息 0.73
300693 36.79 187514.72 盛弘股份 5.29
300848 34.05 30759.71 美瑞新材 2.38
301179 56.25 38357.31 泽宇智能 3.17
600460 52.11 256613.27 士兰微 2.32
600641 29.13 132127.25 万业企业 2.68
600862 32.87 119793.89 中航高科 2.75
