000078 3.51 563157.44 海王生物
000539 4.4 307056.19 粤电力A
000547 9.47 483940.09 航天发展
000661 158.55 81182.49 长春高新
000665 8.82 2297158.75 湖北广电
000795 6.77 941835.75 英洛华
000807 10.4 784704.19 云铝股份
000810 14.11 268754.38 创维数字
000811 9.19 135039.41 冰轮环境
000887 13.26 503426.16 中鼎股份
002008 28.57 308541.56 大族激光
002015 15.6 243778.0 协鑫能科
002048 13.48 188282.78 宁波华翔
002059 6.37 591513.19 云南旅游
002064 7.73 293297.28 华峰化学
002080 21.35 227493.56 中材科技
002101 9.84 126072.5 广东鸿图
002125 11.62 272931.28 湘潭电化
002126 8.33 173580.05 银轮股份
002141 4.0 168600.05 贤丰控股
002245 19.98 610422.81 蔚蓝锂芯
002409 46.5 88444.26 雅克科技
002460 110.79 358230.69 赣锋锂业
002472 23.02 161601.08 双环传动
002475 30.61 1129875.5 立讯精密
002568 30.94 85873.18 百润股份
002667 20.49 284968.09 鞍重股份
002738 85.08 237413.72 中矿资源
002756 106.67 92126.13 永兴材料
002783 7.82 201644.27 凯龙股份
002815 11.11 121733.93 崇达技术
002861 11.41 35612.3 瀛通通讯
002876 26.46 58675.52 三利谱
002881 31.17 19405.44 美格智能
002886 15.66 30035.39 沃特股份
002921 13.41 19061.0 联诚精密
002975 34.11 7949.51 博杰股份
002984 28.87 45907.61 森麒麟
300041 12.4 58882.43 回天新材
300109 14.25 61488.7 新开源
300115 8.02 299068.97 长盈精密
300144 11.74 462107.44 宋城演艺
300179 11.68 212513.69 四方达
300199 15.91 971688.81 翰宇药业
300258 8.8 89301.0 精锻科技
300283 5.49 82345.36 温州宏丰
300331 14.29 60010.01 苏大维格
300337 6.2 188246.72 银邦股份
300346 28.55 267898.84 南大光电
300382 12.31 176825.56 斯莱克
300433 10.0 772126.75 蓝思科技
300457 18.76 159729.05 赢合科技
300487 71.31 22948.5 蓝晓科技
300496 100.3 68025.25 中科创达
300497 15.33 431868.56 富祥药业
300534 9.58 504749.53 陇神戎发
300568 23.06 340435.59 星源材质
300580 15.2 39823.81 贝斯特
300614 26.57 35047.87 百川畅银
300619 65.27 37505.75 金银河
300638 32.83 41667.25 广和通
300648 27.82 44265.5 星云股份
300656 33.69 10009.58 民德电子
300667 14.37 26096.8 必创科技
300680 19.58 27954.24 隆盛科技
300725 80.0 43848.21 药石科技
300735 9.72 97581.25 光弘科技
300752 15.7 44875.25 隆利科技
300782 194.18 64312.06 卓胜微
300787 24.34 24625.6 海能实业
300806 36.6 11257.8 斯迪克
300811 72.16 13011.28 铂科新材
300827 56.57 53173.65 上能电气
300840 9.74 43783.26 酷特智能
300890 39.75 31311.17 翔丰华
300953 102.0 11457.01 震裕科技
301010 27.7 145656.95 晶雪节能
301031 107.99 8099.53 中熔电气
301069 35.41 44867.87 凯盛新材
301088 19.23 114459.92 戎美股份
301097 45.4 29291.49 天益医疗
301219 182.81 29120.87 腾远钴业
600006 4.83 279292.81 东风汽车
600021 9.41 1092480.5 上海电力
600063 6.56 935369.75 皖维高新
600079 17.29 486063.06 人福医药
600111 33.64 1640225.25 北方稀土
600128 7.34 125625.89 弘业股份
600132 120.39 58979.87 重庆啤酒
600158 7.42 177421.48 中体产业
600180 9.99 877655.0 瑞茂通
600367 19.47 212863.23 红星发展
600387 5.99 68128.63 海越能源
600480 7.77 116358.96 凌云股份
600516 6.9 728142.06 方大炭素
600521 18.0 542118.56 华海药业
600549 16.57 241036.91 厦门钨业
600600 84.9 110313.28 青岛啤酒
600609 5.28 193142.73 金杯汽车
600613 5.79 225348.97 神奇制药
600660 36.77 347437.44 福耀玻璃
600699 11.29 423240.75 均胜电子
600702 142.32 99192.97 舍得酒业
600729 29.08 95941.79 重庆百货
600742 8.41 93762.8 一汽富维
600859 21.93 264364.66 王府井
600876 18.36 73119.32 洛阳玻璃
600884 22.44 441634.91 杉杉股份
600885 50.5 83788.97 宏发股份
