000016 6.3 240814.62 深康佳A
000037 10.5 871568.38 深南电A
000509 3.95 95058.31 华塑控股
000510 6.84 284575.31 新金路
000534 13.41 208226.92 万泽股份
000559 6.13 529372.88 万向钱潮
000633 7.96 440107.44 合金投资
000638 5.53 32954.14 万方发展
000798 9.82 176643.81 中水渔业
000820 3.74 64332.4 神雾节能
000903 3.06 510737.88 云内动力
000935 24.41 104378.48 四川双马
002055 12.25 164354.3 得润电子
002085 5.42 325714.12 万丰奥威
002114 7.07 140100.8 罗平锌电
002121 6.75 1180944.75 科陆电子
002125 17.45 527096.94 湘潭电化
002155 12.8 1130988.0 湖南黄金
002182 23.1 419557.44 云海金属
002213 15.01 65342.2 大为股份
002240 59.01 325375.16 盛新锂能
002272 5.57 184032.14 川润股份
002284 9.3 499174.47 亚太股份
002328 6.07 475830.03 新朋股份
002334 6.51 605734.5 英威腾
002406 5.29 295641.81 远东传动
002434 9.21 597731.25 万里扬
002438 13.45 74287.21 江苏神通
002441 9.56 119899.0 众业达
002446 6.6 310387.06 盛路通信
002448 7.21 347767.56 中原内配
002466 119.03 620407.62 天齐锂业
002506 4.05 6568379.0 协鑫集成
002510 4.33 874199.38 天汽模
002536 7.0 328244.62 飞龙股份
002578 5.76 558915.0 闽发铝业
002580 8.51 283876.81 圣阳股份
002590 8.94 307042.09 万安科技
002609 8.03 158006.0 捷顺科技
002651 7.95 282959.03 利君股份
002662 4.09 2045404.12 京威股份
002664 16.43 190927.38 信质集团
002708 6.81 241501.31 光洋股份
002758 13.94 197268.34 浙农股份
002765 9.36 330550.0 蓝黛科技
002766 5.91 507665.0 索菱股份
002786 6.56 253061.08 银宝山新
002787 5.77 34676.0 华源控股
002906 50.52 92109.47 华阳集团
002907 12.73 36273.0 华森制药
002912 24.34 27929.17 中新赛克
002920 153.96 78458.1 德赛西威
002922 16.94 226912.16 伊戈尔
002939 10.44 1474130.25 长城证券
002965 33.47 43355.8 祥鑫科技
002976 20.82 26839.35 瑞玛精密
300019 21.48 116773.23 硅宝科技
300068 15.01 345032.88 南都电源
300286 25.44 23322.9 安科瑞
300307 5.63 303128.0 慈星股份
300317 6.42 336142.0 珈伟新能
300373 69.3 230830.55 扬杰科技
300375 4.43 277602.25 鹏翎股份
300376 7.98 595632.0 易事特
300403 5.5 222412.77 汉宇集团
300450 68.18 170572.41 先导智能
300491 14.7 113014.4 通合科技
300499 12.39 282552.25 高澜股份
300507 7.39 971000.38 苏奥传感
300543 10.9 131206.14 朗科智能
300565 9.61 78127.39 科信技术
300568 30.71 319080.81 星源材质
300586 15.24 126118.23 美联新材
300680 29.71 98144.23 隆盛科技
300694 11.22 57563.0 蠡湖股份
300724 102.86 134209.73 捷佳伟创
300733 24.71 53171.18 西菱动力
300811 96.45 17422.2 铂科新材
300988 21.63 81396.0 津荣天宇
301031 147.69 7305.16 中熔电气
301092 30.29 39360.57 争光股份
301099 77.02 23991.93 雅创电子
301119 32.62 38210.1 正强股份
301133 30.28 63832.05 金钟股份
301215 7.3 407839.53 中汽股份
600063 7.18 717488.19 皖维高新
600066 9.2 2122452.5 宇通客车
600148 16.12 45809.0 长春一东
600151 11.08 200929.66 航天机电
600166 2.96 3185033.25 福田汽车
600212 6.6 434359.06 绿能慧充
600218 10.26 299317.91 全柴动力
600237 7.27 255449.5 铜峰电子
600375 10.23 438185.19 汉马科技
600523 23.49 85704.17 贵航股份
600580 14.49 541703.0 卧龙电驱
600609 5.94 324074.34 金杯汽车
600651 3.97 427132.66 飞乐音响
600742 9.6 287715.97 一汽富维
600817 9.95 170177.81 宇通重工
600834 9.26 120880.91 申通地铁
600862 28.16 214932.73 中航高科
600885 58.1 74786.0 宏发股份
600960 4.06 742732.56 渤海汽车
