000014 8.98 92317.69 沙河股份
000023 12.36 14898.77 深天地A
000061 5.99 169987.0 农产品
000422 19.09 567215.81 湖北宜化
000428 3.68 453464.0 华天酒店
000430 6.31 128099.0 张家界
000513 36.76 81075.49 丽珠集团
000518 3.54 225363.28 四环生物
000538 82.05 61199.8 云南白药
000545 3.97 339042.41 金浦钛业
000566 4.63 171572.8 海南海药
000589 5.43 123243.64 贵州轮胎
000609 4.72 58811.0 中迪投资
000632 4.01 153784.2 三木集团
000639 4.51 158404.73 西王食品
000652 4.15 226644.2 泰达股份
000671 2.3 897499.69 阳光城
000678 5.18 138083.0 襄阳轴承
000698 5.17 78300.1 沈阳化工
000702 5.31 104666.07 正虹科技
000716 3.17 204389.0 黑芝麻
000739 33.28 530550.31 普洛药业
000790 5.28 198354.48 华神科技
000812 6.51 466219.25 陕西金叶
000833 6.94 362617.91 粤桂股份
000868 4.11 119343.0 安凯客车
000902 17.12 164488.2 新洋丰
000919 7.61 85666.0 金陵药业
000952 7.49 44198.01 广济药业
000955 5.07 147054.08 欣龙控股
000989 9.71 194638.3 九芝堂
000997 17.25 327129.06 新大陆
000999 36.28 115876.83 华润三九
002001 36.0 370556.75 新和成
002007 23.78 231678.52 华兰生物
002012 5.6 66538.0 凯恩股份
002017 14.4 174307.28 东信和平
002030 18.8 678329.75 达安基因
002033 6.52 129108.2 丽江股份
002059 6.53 358964.0 云南旅游
002065 7.66 416204.0 东华软件
002082 10.65 74831.02 万邦德
002094 3.85 97808.04 青岛金王
002107 6.99 108045.03 沃华医药
002123 13.73 83372.17 梦网科技
002126 10.3 349554.88 银轮股份
002157 6.26 552338.94 正邦科技
002170 5.99 135505.0 芭田股份
002174 11.9 132242.7 游族网络
002185 11.33 386547.12 华天科技
002197 12.74 790823.62 证通电子
002198 6.47 72694.47 嘉应制药
002206 7.01 624816.06 海利得
002214 14.01 89110.43 大立科技
002215 6.44 277599.22 诺普信
002231 6.5 157349.84 奥维通信
002234 15.86 115874.3 民和股份
002243 10.83 150791.94 力合科创
002268 44.88 223862.64 电科网安
002286 12.28 73526.7 保龄宝
002330 8.91 751857.69 得利斯
002332 10.89 156797.19 仙琚制药
002350 7.6 225883.56 北京科锐
002353 47.5 163832.69 杰瑞股份
002363 5.96 122055.1 隆基机械
002365 9.51 52666.5 永安药业
002374 5.07 803336.94 中锐股份
002382 13.55 207114.28 蓝帆医疗
002390 5.79 317754.84 信邦制药
002403 7.16 35027.23 爱仕达
002424 6.63 277617.47 贵州百灵
002428 13.89 289041.06 云南锗业
002458 8.83 111545.16 益生股份
002467 4.46 150077.34 二六三
002481 8.22 219852.56 双塔食品
002491 5.08 160539.73 通鼎互联
002511 13.12 128064.49 中顺洁柔
002533 7.07 124988.2 金杯电工
002537 10.1 2663841.0 海联金汇
002539 13.55 169344.28 云图控股
002551 5.14 183303.78 尚荣医疗
002566 8.39 68191.75 益盛药业
002576 13.76 40173.72 通达动力
002584 10.89 1225343.12 西陇科学
002588 6.35 387768.97 史丹利
002589 4.23 1058464.12 瑞康医药
002601 23.94 161632.06 龙佰集团
002602 6.3 580456.75 世纪华通
002605 19.45 60092.14 姚记科技
002622 3.5 114664.0 皓宸医疗
002624 12.36 377778.59 完美世界
002650 4.8 125799.27 加加食品
002654 4.33 226764.08 万润科技
002662 3.66 195152.44 京威股份
002696 5.95 105806.2 百洋股份
002702 5.37 168422.41 海欣食品
002709 98.91 290796.47 天赐材料
002719 9.13 27563.01 麦趣尔
002729 42.62 10338.58 好利科技
002769 8.0 207705.2 普路通
002772 7.6 69840.76 众兴菌业
002773 16.2 77747.22 康弘药业
002788 8.69 526153.38 鹭燕医药
002799 12.64 50261.88 环球印务
002820 9.99 39469.0 桂发祥
002839 6.25 289871.66 张家港行
002842 10.02 68525.73 翔鹭钨业
002852 13.46 35484.77 道道全
002861 12.3 14685.34 瀛通通讯
002863 5.32 82504.73 今飞凯达
002864 28.99 65270.01 盘龙药业
002873 22.27 143889.28 新天药业
002907 14.42 127100.28 华森制药
002908 19.22 177137.09 德生科技
002912 27.8 13740.05 中新赛克
002935 34.46 46896.04 天奥电子
002940 36.34 12047.0 昂利康
002950 13.17 95315.43 奥美医疗
002953 15.28 16221.34 日丰股份
002956 16.4 12510.2 西麦食品
002961 19.51 28846.0 瑞达期货
002982 39.81 14523.79 湘佳股份
002999 8.0 233063.16 天禾股份
300008 4.87 740858.25 天海防务
300016 8.64 137499.09 北陆药业
300031 19.38 201385.31 宝通科技
300049 13.41 104588.9 福瑞股份
300052 24.52 355035.59 中青宝
300061 9.59 409353.44 旗天科技
300065 13.59 299264.81 海兰信
300074 4.34 300447.0 华平股份
300101 17.43 145108.48 振芯科技
300106 10.52 92161.9 西部牧业
300109 17.79 66566.83 新开源
300113 14.06 128034.79 顺网科技
300119 19.75 25853.11 瑞普生物
300121 9.75 60986.5 阳谷华泰
300122 122.0 216573.23 智飞生物
300123 7.03 111396.0 亚光科技
300130 13.81 212429.44 新国都
300138 16.57 66294.26 晨光生物
300142 44.06 318325.03 沃森生物
300148 3.72 400497.0 天舟文化
300149 13.02 138696.77 睿智医药
300158 8.16 675053.69 振东制药
300217 5.3 502442.88 东方电热
300219 10.64 120202.92 鸿利智汇
300229 10.82 144908.92 拓尔思
300233 36.25 106171.0 金城医药
300235 12.76 144288.98 方直科技
300238 14.97 51737.12 冠昊生物
300255 7.55 254787.8 常山药业
300271 10.44 270453.94 华宇软件
300294 31.78 50461.42 博雅生物
300299 6.32 473636.62 富春股份
300310 5.63 538205.62 宜通世纪
300318 8.28 385922.0 博晖创新
300324 3.49 619879.5 旋极信息
300326 8.79 123406.0 凯利泰
300369 13.07 174422.56 绿盟科技
300386 13.99 110477.26 飞天诚信
300412 18.73 389493.09 迦南科技
300418 17.01 184636.52 昆仑万维
300440 8.18 68906.94 运达科技
300452 18.96 165205.59 山河药辅
300453 10.95 48091.5 三鑫医疗
300461 17.26 13712.0 田中精机
300467 15.41 114102.51 迅游科技
300494 16.08 72340.84 盛天网络
300501 22.21 129108.47 海顺新材
300503 11.57 47521.34 昊志机电
300511 6.75 101397.95 雪榕生物
300518 56.1 23863.19 盛讯达
300519 20.37 81496.35 新光药业
300533 17.59 15664.19 冰川网络
300538 16.62 30526.02 同益股份
300552 25.88 30761.2 万集科技
300557 31.72 18073.88 理工光科
300558 57.0 55763.97 贝达药业
300562 13.25 105212.2 乐心医疗
300592 17.2 13276.08 华凯易佰
300595 37.06 161726.19 欧普康视
300622 16.89 24699.26 博士眼镜
300639 35.01 322939.38 凯普生物
300640 6.86 82809.28 德艺文创
300656 44.12 12481.28 民德电子
300658 10.53 34321.0 延江股份
300663 19.44 251787.22 科蓝软件
300673 15.9 18591.0 佩蒂股份
300677 48.87 190136.28 英科医疗
300683 52.45 31671.16 海特生物
300716 9.97 62718.14 国立科技
300721 48.65 13764.0 怡达股份
300762 21.31 39335.45 上海瀚讯
300783 29.18 28183.98 三只松鼠
300788 25.81 18511.37 中信出版
300801 21.77 29472.0 泰和科技
300803 37.93 59726.72 指南针
300808 12.62 13176.0 久量股份
300835 60.91 18440.51 龙磁科技
300848 30.69 11549.0 美瑞新材
300858 31.62 29118.6 科拓生物
300869 41.13 213001.16 康泰医学
300887 61.73 33833.58 谱尼测试
300888 71.24 20832.32 稳健医疗
300891 15.17 104920.62 惠云钛业
300892 29.96 13350.01 品渥食品
300925 21.92 23533.26 法本信息
300941 39.77 43017.97 创识科技
300972 15.61 89884.81 万辰生物
300981 73.51 23111.92 中红医疗
301016 23.09 6985.5 雷尔伟
301028 12.7 28406.69 东亚机械
301052 28.78 27202.91 果麦文化
301056 11.48 136408.34 森赫股份
301075 37.91 33912.39 多瑞医药
301093 46.25 14345.55 华兰股份
301111 39.31 118151.58 粤万年青
301149 16.16 26145.39 隆华新材
301188 19.98 21977.49 力诺特玻
301206 108.65 22173.54 三元生物
301213 61.0 47252.17 观想科技
600031 17.87 1422211.75 三一重工
600057 8.84 348004.75 厦门象屿
600059 10.4 114463.35 古越龙山
600062 12.42 117596.8 华润双鹤
600077 3.7 1059602.88 宋都股份
600085 43.71 222157.91 同仁堂
600089 21.18 1413481.75 特变电工
600097 11.49 49448.28 开创国际
600129 19.68 150550.3 太极集团
600138 12.0 313514.38 中青旅
600141 36.7 446510.88 兴发集团
600199 31.13 1248183.25 金种子酒
600211 41.36 44862.51 西藏药业
600232 5.82 97568.8 金鹰股份
600233 18.3 463032.19 圆通速递
600252 3.28 572852.44 中恒集团
600257 6.27 475808.81 大湖股份
600258 23.4 149124.94 首旅酒店
600267 14.42 346254.06 海正药业
600276 37.62 709098.81 恒瑞医药
600302 5.26 105371.86 标准股份
600351 7.79 584192.25 亚宝药业
600410 8.07 1018879.5 华胜天成
600419 13.35 53568.1 天润乳业
600455 24.25 18180.06 博通股份
600467 2.95 507312.62 好当家
600486 120.01 39419.8 扬农化工
600487 13.89 572120.38 亨通光电
600511 27.92 95939.64 国药股份
600513 9.33 84689.07 联环药业
600535 14.44 180492.56 天士力
600537 4.65 746374.44 亿晶光电
600539 8.33 59411.83 狮头股份
600543 6.75 100133.61 莫高股份
600556 8.6 214898.23 天下秀
600572 4.52 398961.44 康恩贝
600580 14.25 193091.56 卧龙电驱
600613 6.45 414568.72 神奇制药
600624 6.38 69826.21 复旦复华
600650 10.11 66763.44 锦江在线
600673 7.79 324417.16 东阳光
600699 15.85 293919.84 均胜电子
600702 195.79 134681.8 舍得酒业
600716 4.87 227854.56 凤凰股份
600746 13.55 78502.64 江苏索普
600750 12.37 97714.85 江中药业
600755 7.3 385571.62 厦门国贸
600757 6.26 1171205.25 长江传媒
600769 9.53 334430.97 祥龙电业
600779 93.98 56206.0 水井坊
600789 6.81 232428.09 鲁抗医药
600796 5.75 42090.13 钱江生化
600800 4.76 152306.17 渤海化学
600807 4.61 523697.03 济南高新
600855 12.92 60951.82 航天长峰
600872 31.73 159058.98 中炬高新
600877 14.39 80855.88 声光电科
600887 38.3 791863.94 伊利股份
600898 5.75 29523.29 国美通讯
600962 9.72 47369.0 国投中鲁
600980 16.9 32376.11 北矿科技
