000027 6.8 684538.56 深圳能源 3.34
000422 23.28 1097459.75 湖北宜化 4.21
000539 4.42 505432.56 粤电力A 2.08
000767 4.0 1016313.62 晋控电力 0.25
000791 5.95 421633.25 甘肃电投 1.19
000798 10.21 191384.48 中水渔业 4.18
000833 10.29 520047.0 粤桂股份 3.62
000862 7.56 610907.75 银星能源 3.85
000928 6.5 262294.12 中钢国际 1.09
002136 17.3 271823.09 安纳达 4.59
002307 6.55 1363136.0 北新路桥 4.13
002539 17.75 531107.19 云图控股 3.08
002581 18.08 108484.99 未名医药 1.29
300122 119.93 144905.62 智飞生物 0.88
300181 10.89 334878.03 佐力药业 3.62
300214 8.17 135194.0 日科化学 2.38
300340 16.53 137317.8 科恒股份 2.29
300343 17.77 1609717.5 联创股份 7.96
300759 107.0 119696.8 康龙化成 4.9
300888 72.66 47920.32 稳健医疗 4.82
300891 13.68 258089.77 惠云钛业 6.88
301096 88.75 22978.54 百诚医药 5.81
301118 45.86 44444.98 恒光股份 3.27
301257 51.3 27277.87 普蕊斯 1.1
301268 42.22 31982.8 铭利达 2.0
600011 7.84 1838100.38 华能国际 4.25
600101 10.97 845133.69 明星电力 7.55
600268 9.17 264123.88 国电南自 0.66
600312 8.5 446131.69 平高电气 2.53
600380 12.98 300628.28 健康元 0.93
600406 28.3 380539.06 国电南瑞 1.25
600493 5.97 184494.19 凤竹纺织 1.36
600505 8.77 128969.6 西昌电力 1.74
600617 4.85 163594.73 国新能源 1.89
600642 6.03 307755.41 申能股份 2.38
600673 9.72 580216.38 东阳光 4.18
600727 9.0 377996.38 鲁北化工 5.26
600847 19.98 58689.78 万里股份 2.94
600868 3.02 675831.44 梅雁吉祥 1.0
600979 3.42 437477.16 广安爱众 0.29
