002189 18.1 273865.72 中光学 2.14
002314 4.14 1301082.75 南山控股 4.02
002616 5.67 231548.69 长青集团 0.35
002661 12.99 238016.73 克明食品 3.92
002717 2.97 1081775.5 岭南股份 0.68
002731 24.4 73691.3 萃华珠宝 3.08
002791 88.12 80688.2 坚朗五金 3.28
002884 21.9 57992.61 凌霄泵业 4.68
002913 33.05 47026.28 奥士康 1.69
300076 5.18 188222.02 GQY视讯 1.37
300269 4.25 167037.59 联建光电 2.66
300680 30.61 98777.33 隆盛科技 4.36
300837 44.5 17470.0 浙矿股份 1.6
301045 23.46 26786.08 天禄科技 0.6
301193 32.7 23582.1 家联科技 1.65
600202 6.23 514742.47 哈空调 2.64
600438 59.96 1994797.0 通威股份 4.88
