000020 9.6 28314.55 深华发A
000023 12.0 38519.0 深天地A
000046 1.19 521327.03 泛海控股
000413 1.93 549676.19 东旭光电
000421 4.83 114026.0 南京公用
000506 3.33 370510.41 中润资源
000507 5.65 149980.41 珠海港
000532 11.1 39397.98 华金资本
000540 1.48 992565.44 中天金融
000554 5.31 174224.31 泰山石油
000565 6.1 74010.99 渝三峡A
000593 8.51 396796.62 德龙汇能
000607 4.58 159316.84 华媒控股
000609 5.95 223407.36 中迪投资
000612 5.57 152263.66 焦作万方
000619 6.71 172839.0 海螺新材
000628 12.95 103265.87 高新发展
000629 5.52 6295046.5 钒钛股份
000656 1.86 970178.06 金科股份
000663 7.46 61029.9 永安林业
000676 5.95 409138.41 智度股份
000681 11.68 397506.72 视觉中国
000692 3.69 84392.88 惠天热电
000695 11.83 84964.01 滨海能源
000719 7.7 235917.28 中原传媒
000767 3.61 399380.59 晋控电力
000807 10.14 791923.81 云铝股份
000820 4.77 289150.12 神雾节能
000851 5.76 1041982.88 高鸿股份
000880 10.75 147975.59 潍柴重机
000893 29.47 201792.69 亚钾国际
000922 10.68 139729.38 佳电股份
000923 10.34 84684.01 河钢资源
000925 7.73 121647.94 众合科技
000933 15.92 640197.62 神火股份
000960 13.08 374691.69 锡业股份
000981 2.02 1685559.62 山子股份
000982 1.97 729432.81 中银绒业
000985 17.44 23758.8 大庆华科
002016 5.52 86913.73 世荣兆业
002035 6.29 328228.06 华帝股份
002036 14.8 573595.25 联创电子
002041 21.72 114514.11 登海种业
002082 10.36 277980.88 万邦德
002093 7.67 1071964.88 国脉科技
002105 7.16 72311.41 信隆健康
002114 6.82 72655.94 罗平锌电
002117 7.79 234820.0 东港股份
002118 2.56 396545.53 紫鑫药业
002137 6.39 565805.31 实益达
002157 4.02 890506.31 正邦科技
002193 5.96 61705.07 如意集团
002198 6.33 268789.38 嘉应制药
002206 6.43 283225.03 海利得
002225 4.16 137655.48 濮耐股份
002231 7.92 332425.03 奥维通信
002235 5.07 842464.81 安妮股份
002245 18.21 699914.94 蔚蓝锂芯
002247 2.56 264206.0 聚力文化
002256 2.67 479875.28 兆新股份
002292 4.8 521392.56 奥飞娱乐
002296 8.77 796341.94 辉煌科技
002330 6.35 327511.69 得利斯
002343 5.17 105069.0 慈文传媒
002349 13.54 636609.5 精华制药
002351 9.04 168708.12 漫步者
002377 2.73 148735.0 国创高新
002385 9.79 1189603.75 大北农
002400 4.42 536704.56 省广集团
002416 10.48 145402.78 爱施德
002418 3.21 208166.48 康盛股份
002425 4.88 276497.59 凯撒文化
002431 3.04 534188.25 棕榈股份
002439 24.93 189720.73 启明星辰
002458 11.95 436116.16 益生股份
002489 3.53 573251.44 浙江永强
002490 4.57 312919.0 山东墨龙
002494 4.3 64658.11 华斯股份
002502 3.22 195001.0 鼎龙文化
002530 8.11 382913.12 金财互联
002554 3.91 394915.69 惠博普
002562 5.44 417971.88 兄弟科技
002571 7.2 182716.05 德力股份
002575 5.98 130831.42 群兴玩具
002582 7.07 80313.0 好想你
002602 3.95 615204.25 世纪华通
002614 8.64 422621.47 奥佳华
002615 6.29 211827.19 哈尔斯
002632 6.77 113903.13 道明光学
002643 15.7 207551.31 万润股份
002657 16.31 371150.12 中科金财
002668 6.13 312270.94 奥马电器
002672 6.06 346699.62 东江环保
002702 5.86 262802.38 海欣食品
002712 4.34 157299.08 思美传媒
002717 2.79 409232.75 岭南股份
002768 30.21 67186.48 国恩股份
002798 7.08 23097.05 帝欧家居
002813 31.27 55798.68 路畅科技
002842 8.61 102859.0 翔鹭钨业
002848 11.46 117715.6 高斯贝尔
002853 18.18 44194.82 皮阿诺
002855 9.47 169079.0 捷荣技术
002870 30.28 14379.29 香山股份
002891 22.36 67744.83 中宠股份
002898 11.71 72555.1 赛隆药业
002908 16.5 181495.02 德生科技
002918 14.38 57322.79 蒙娜丽莎
002943 67.52 80554.89 宇晶股份
002947 22.73 91665.58 恒铭达
002962 12.35 256422.16 五方光电
002963 13.68 28808.0 豪尔赛
002986 22.86 25482.3 宇新股份
300025 5.22 111636.0 华星创业
300044 3.55 375059.41 赛为智能
300058 5.55 1300122.38 蓝色光标
300063 3.83 134156.0 天龙集团
300069 13.93 11944.0 金利华电
300079 5.48 666949.0 数码视讯
300087 15.91 165335.67 荃银高科
300102 6.71 384756.62 乾照光电
300110 4.38 1032999.44 华仁药业
300113 11.02 154654.89 顺网科技
300128 3.73 233310.44 锦富技术
300137 6.4 121241.99 先河环保
300147 5.47 183377.95 香雪制药
300148 3.32 533033.69 天舟文化
300152 3.42 229498.09 新动力
300169 4.72 53628.0 天晟新材
300171 29.52 157129.02 东富龙
300182 4.83 819144.38 捷成股份
300190 4.79 133288.8 维尔利
300209 6.54 232378.16 有棵树
300213 5.47 131663.69 佳讯飞鸿
300220 12.22 42684.18 金运激光
300242 3.19 177006.0 佳云科技
300261 12.55 643444.94 雅本化学
300311 6.79 532455.5 任子行
300321 16.28 8486.0 同大股份
300329 6.59 62166.0 海伦钢琴
300366 11.0 1047946.19 创意信息
300387 7.29 263214.97 富邦股份
300407 8.22 36268.0 凯发电气
300410 13.3 212422.59 正业科技
300413 25.39 229322.41 芒果超媒
300436 34.11 45054.69 广生堂
300446 10.22 42856.7 乐凯新材
300449 5.65 67740.4 汉邦高科
300459 3.28 1016483.81 汤姆猫
300467 11.16 35568.0 迅游科技
300472 15.88 205932.02 新元科技
300483 13.88 91635.36 首华燃气
300547 19.72 77633.35 川环科技
300556 20.11 103537.86 丝路视觉
300564 12.61 18445.47 筑博设计
300583 27.07 16773.11 赛托生物
300591 4.9 71630.88 万里马
300609 14.85 51796.12 汇纳科技
300612 19.58 222442.59 宣亚国际
300621 8.15 29246.45 维业股份
300622 21.27 12125.4 博士眼镜
300624 31.92 33458.82 万兴科技
300640 6.26 76618.5 德艺文创
300650 11.16 99790.36 太龙股份
300656 34.21 25657.17 民德电子
300708 10.66 150557.66 聚灿光电
300730 15.19 424290.56 科创信息
300733 25.76 41756.56 西菱动力
300770 34.64 42876.85 新媒股份
300785 30.43 58407.96 值得买
300793 15.62 85812.18 佳禾智能
300806 26.01 78944.23 斯迪克
300821 13.61 95599.4 东岳硅材
300840 9.02 21657.0 酷特智能
300846 11.34 196415.14 首都在线
300858 28.0 20294.4 科拓生物
300888 70.42 20387.1 稳健医疗
300897 29.26 4940.0 山科智能
300918 8.88 47788.54 南山智尚
300945 13.73 47761.92 曼卡龙
300949 32.49 11475.45 奥雅股份
300950 20.08 92552.8 德固特
300958 19.21 36121.54 建工修复
300987 15.25 38239.67 川网传媒
300997 11.01 42973.03 欢乐家
301012 35.12 28364.0 扬电科技
301013 9.86 65829.93 利和兴
301025 10.54 58727.48 读客文化
301169 32.16 20939.03 零点有数
301178 31.76 24420.47 天亿马
301207 47.52 29642.38 华兰疫苗
301211 18.76 35001.39 亨迪药业
301257 54.98 17635.42 普蕊斯
301276 25.24 20565.21 嘉曼服饰
301296 15.72 75285.67 新巨丰
301306 50.1 26079.86 西测测试
301309 28.68 23247.43 万得凯
301318 53.22 25968.76 维海德
301380 42.91 55544.86 挖金客
600010 1.93 6546118.0 包钢股份
600077 2.78 305042.0 宋都股份
600083 8.41 37118.0 博信股份
600088 8.64 47523.37 中视传媒
600163 5.83 306452.16 中闽能源
600185 6.25 513726.59 格力地产
600200 7.29 516820.28 江苏吴中
600203 6.28 191383.41 福日电子
600219 3.34 1269078.38 南山铝业
600229 6.77 102376.65 城市传媒
600230 18.54 241699.75 沧州大化
600256 11.15 1973043.12 广汇能源
600259 47.72 182664.16 广晟有色
600281 4.74 72473.49 华阳新材
600331 2.81 250954.78 宏达股份
600362 17.03 399934.94 江西铜业
600392 15.58 723277.94 盛和资源
600396 2.73 170625.62 金山股份
600433 3.56 162158.98 冠豪高新
600448 3.25 222967.14 华纺股份
600452 13.64 167557.73 涪陵电力
600490 3.29 410569.31 鹏欣资源
600497 5.16 1049739.5 驰宏锌锗
600506 10.6 36679.32 香梨股份
600507 5.89 219540.52 方大特钢
600516 6.62 956717.19 方大炭素
600533 3.64 402929.0 栖霞建设
600549 23.8 209873.81 厦门钨业
600556 6.63 447000.59 天下秀
600581 3.92 487888.56 八一钢铁
600615 9.51 31071.01 丰华股份
600630 5.45 87358.12 龙头股份
600633 6.96 216031.27 浙数文化
600640 9.91 123194.4 国脉文化
600653 2.02 279009.75 申华控股
600668 11.99 83767.75 尖峰集团
600711 6.23 653494.19 盛屯矿业
600733 6.74 708834.19 北汽蓝谷
600735 6.4 129055.32 新华锦
600774 11.06 32019.0 汉商集团
600777 2.59 2145093.5 新潮能源
600784 6.75 59830.0 鲁银投资
600791 4.3 132919.0 京能置业
600875 25.56 669318.19 东方电气
600880 5.01 472484.31 博瑞传播
600881 2.49 613394.25 亚泰集团
600889 4.99 74685.54 南京化纤
600916 11.62 351370.47 中国黄金
600936 3.39 175255.06 广西广电
600938 16.41 1034655.75 中国海油
600982 4.44 116658.0 宁波能源
600986 5.13 611766.56 浙文互联
600988 20.28 517338.12 赤峰黄金
