000019 7.69 231794.44 深粮控股
000056 4.3 412847.44 皇庭国际
000153 9.2 184377.2 丰原药业
000509 4.11 327704.0 华塑控股
000595 8.38 1018010.62 宝塔实业
000650 6.51 849014.81 仁和药业
000757 4.3 262677.53 浩物股份
000790 5.21 288211.25 华神科技
000811 13.01 212649.48 冰轮环境
000812 6.17 788889.75 陕西金叶
000813 3.49 518898.28 德展健康
000932 4.37 902398.88 华菱钢铁
000950 5.42 282741.88 重药控股
000953 6.7 213473.36 河化股份
000985 18.14 26401.37 大庆华科
000989 9.35 343879.03 九芝堂
000999 54.55 121602.06 华润三九
002072 7.56 43918.0 凯瑞德
002107 6.98 330643.38 沃华医药
002166 10.68 406782.19 莱茵生物
002223 38.22 264065.38 鱼跃医疗
002225 4.33 159446.89 濮耐股份
002294 32.98 112920.88 信立泰
002314 3.3 340487.41 南山控股
002336 7.41 136208.48 人人乐
002347 5.07 266733.31 泰尔股份
002396 21.49 183791.72 星网锐捷
002420 6.63 73936.01 毅昌科技
002444 23.22 442129.75 巨星科技
002446 10.42 551004.62 盛路通信
002519 5.17 412546.62 银河电子
002559 8.57 403658.16 亚威股份
002606 10.78 371477.91 大连电瓷
002713 5.78 152690.94 东易日盛
002715 22.86 24897.51 登云股份
002717 2.87 432402.72 岭南股份
002737 24.62 131186.97 葵花药业
002783 9.52 95416.29 凯龙股份
002785 32.61 133398.62 万里石
002827 10.45 82420.5 高争民爆
002858 16.4 414580.56 力盛体育
002860 17.03 247027.16 星帅尔
002921 15.95 98317.81 联诚精密
002933 26.15 99350.58 新兴装备
300006 4.25 198284.64 莱美药业
300016 7.19 57471.5 北陆药业
300034 52.45 67903.16 钢研高纳
300039 6.25 677433.38 上海凯宝
300092 14.8 199651.44 科新机电
300111 3.04 147979.0 向日葵
300125 31.82 173883.16 聆达股份
300149 10.88 158892.44 睿智医药
300181 11.13 210415.59 佐力药业
300194 3.8 296518.25 福安药业
300203 36.4 103366.54 聚光科技
300238 11.67 32081.41 冠昊生物
300262 3.24 291259.56 巴安水务
300271 7.33 507150.62 华宇软件
300378 18.09 88209.35 鼎捷软件
300404 8.56 224072.12 博济医药
300408 30.03 187699.52 三环集团
300446 10.56 58832.81 乐凯新材
300485 12.5 139900.05 赛升药业
300501 15.14 25712.84 海顺新材
300557 31.22 21250.0 理工光科
300584 28.33 97357.66 海辰药业
300662 43.09 42912.16 科锐国际
300696 30.6 190913.05 爱乐达
300702 25.91 94572.48 天宇股份
300820 116.66 19430.44 英杰电气
300847 12.09 49988.12 中船汉光
300876 30.64 29440.76 蒙泰高新
300879 18.42 36024.03 大叶股份
300917 21.15 69684.86 特发服务
300937 28.73 33529.42 药易购
301005 21.96 12507.0 超捷股份
301015 29.39 66524.57 百洋医药
301017 17.13 28824.71 漱玉平民
301030 38.42 66555.31 仕净科技
301033 45.99 11904.54 迈普医学
301063 39.25 19830.18 海锅股份
301065 35.12 7088.61 本立科技
301077 21.27 14179.95 星华新材
301089 93.4 77293.27 拓新药业
301100 22.89 41831.86 风光股份
301129 75.44 4597.73 瑞纳智能
301130 34.21 13897.56 西点药业
301148 23.57 15010.39 嘉戎技术
301263 34.1 59156.34 泰恩康
301302 74.91 19577.71 华如科技
301363 47.27 59867.73 美好医疗
600052 5.35 93926.14 东望时代
600056 15.2 1411097.25 中国医药
600062 21.18 676046.31 华润双鹤
600159 2.68 131575.05 大龙地产
600222 5.97 156672.36 太龙药业
600329 29.8 110019.17 达仁堂
600338 26.69 479161.72 西藏珠峰
600351 6.41 391373.34 亚宝药业
600361 6.62 90248.19 创新新材
600376 5.62 259290.3 首开股份
600393 1.42 285845.0 粤泰股份
600466 1.24 1608614.75 蓝光发展
600479 10.43 233669.88 千金药业
600505 8.39 97169.87 西昌电力
600547 18.68 652593.44 山东黄金
600594 5.84 353913.88 益佰制药
600769 7.78 55737.29 祥龙电业
600782 3.87 483763.53 新钢股份
600791 4.49 176763.0 京能置业
600829 6.73 137295.16 人民同泰
600929 8.46 215665.3 雪天盐业
600993 24.45 113953.08 马应龙
