000548 5.0 304212.62 湖南投资 1.42
000759 5.58 580754.81 中百集团 2.76
000886 4.69 448387.88 海南高速 1.51
000951 14.85 356940.0 中国重汽 4.06
000957 14.32 1184485.5 中通客车 6.15
002199 7.09 48156.0 东晶电子 1.43
002343 5.73 237895.8 慈文传媒 1.24
002383 7.05 344542.09 合众思壮 4.14
002410 55.57 113413.5 广联达 0.69
002419 5.75 202719.69 天虹股份 0.88
002860 16.71 105576.13 星帅尔 2.2
002928 13.13 123491.25 华夏航空 4.29
300052 20.76 359538.38 中青宝 6.46
300434 11.71 280976.75 金石亚药 5.02
300479 18.12 53189.26 神思电子 0.06
300528 7.51 167013.48 幸福蓝海 4.6
301039 9.0 518397.91 中集车辆 6.89
301111 26.58 83112.4 粤万年青 5.73
301268 46.03 20220.76 铭利达 1.17
600029 7.45 924419.25 南方航空 2.06
600115 5.35 836619.62 中国东航 2.69
600335 8.39 267122.88 国机汽车 3.45
600390 5.22 933194.12 五矿资本 2.35
600693 4.18 182512.0 东百集团 0.72
600766 14.38 53299.51 园城黄金 1.77
600838 6.89 289945.12 上海九百 3.14
600880 5.06 407453.41 博瑞传播 1.81
