000007 7.61 141962.34 全新好
000505 9.22 492031.12 京粮控股
000595 6.64 1287057.0 宝塔实业
000661 202.6 107256.42 长春高新
000819 23.56 258602.64 岳阳兴长
002008 35.5 1257735.25 大族激光
002031 4.66 6642630.0 巨轮智能
002139 15.15 1443215.0 拓邦股份
002151 33.14 250382.0 北斗星通
002164 8.23 1149488.38 宁波东力
002214 15.34 208543.44 大立科技
002288 5.88 579375.44 超华科技
002371 270.01 155893.59 北方华创
002409 55.05 181218.88 雅克科技
002436 13.9 1039680.81 兴森科技
002552 19.32 277813.59 宝鼎科技
002708 10.08 533262.75 光洋股份
002753 11.74 408597.09 永东股份
002850 158.0 51456.43 科达利
002857 17.42 70531.66 三晖电气
002938 34.48 555443.38 鹏鼎控股
300115 12.84 1146840.75 长盈精密
300331 19.82 193897.2 苏大维格
300394 34.2 96216.42 天孚通信
300416 26.68 61345.91 苏试试验
300452 13.65 256071.2 山河药辅
300481 39.48 171926.56 濮阳惠成
300527 8.17 722949.94 中船应急
300549 15.82 84773.65 优德精密
300581 25.92 275802.28 晨曦航空
300655 19.55 414611.44 晶瑞电材
300706 28.87 247176.28 阿石创
300722 35.0 148068.03 新余国科
300747 32.3 105045.43 锐科激光
300810 21.26 87579.15 中科海讯
300847 13.54 200866.12 中船汉光
300875 39.24 47915.99 捷强装备
300969 114.9 36069.2 恒帅股份
301050 109.17 40219.73 雷电微力
301117 63.59 26864.19 佳缘科技
301213 45.02 46747.54 观想科技
600246 10.56 499944.25 万通发展
600577 6.97 2017965.5 精达股份
