000002 16.63 1604655.88 万科A
000498 9.07 428007.41 山东路桥
000651 31.93 1401502.75 格力电器
000757 4.8 565667.81 浩物股份
002116 10.15 318212.0 中国海诚
002157 5.98 1188929.38 正邦科技
002173 7.57 614013.56 创新医疗
002212 9.85 545539.25 天融信
002216 17.69 217457.77 三全食品
002231 7.53 365969.69 奥维通信
002568 23.31 138936.94 百润股份
002575 7.19 511637.53 群兴玩具
002695 11.88 178607.12 煌上煌
002773 15.67 177173.02 康弘药业
002791 95.47 52007.2 坚朗五金
002821 171.55 76435.82 凯莱英
002941 14.06 154416.39 新疆交建
002949 14.8 104336.42 华阳国际
300339 18.74 338503.69 润和软件
300363 60.99 111232.87 博腾股份
300379 18.29 92092.02 东方通
300494 15.84 248078.3 盛天网络
300533 32.11 104091.53 冰川网络
300563 13.55 120792.07 神宇股份
300672 71.7 106013.48 国科微
300782 101.74 113739.01 卓胜微
300783 21.69 91640.03 三只松鼠
300785 31.35 151100.19 值得买
300788 20.59 69964.83 中信出版
300790 19.68 72853.54 宇瞳光学
301080 161.02 10689.98 百普赛斯
301110 39.97 17765.46 青木股份
301127 11.81 138607.06 天源环保
301190 25.43 53005.07 善水科技
301257 55.5 15257.69 普蕊斯
301336 64.89 30258.89 趣睡科技
600153 11.74 350196.38 建发股份
600228 6.89 136024.77 返利科技
600749 11.73 108419.5 西藏旅游
600791 4.36 164213.56 京能置业
600906 8.18 617605.19 财达证券
