000045 8.98 233575.48 深纺织A
000056 5.06 271576.0 皇庭国际
000417 4.51 173945.52 合肥百货
000550 15.39 54855.7 江铃汽车
000552 3.83 620070.38 靖远煤电
000565 6.43 53140.69 渝三峡A
000576 12.22 88414.85 甘化科工
000637 4.92 142622.02 茂化实华
000695 11.23 22147.89 滨海能源
000753 3.86 108197.0 漳州发展
000756 17.62 210102.56 新华制药
000757 4.34 106286.27 浩物股份
000795 6.81 137040.02 英洛华
000837 9.39 539520.31 秦川机床
000929 10.44 436947.47 兰州黄河
000937 6.9 333603.94 冀中能源
000957 16.25 759375.19 中通客车
000983 14.47 871343.75 山西焦煤
002009 17.51 75014.61 天奇股份
002026 11.01 52641.0 山东威达
002059 7.22 347722.53 云南旅游
002077 13.94 571692.38 大港股份
002090 11.86 213307.08 金智科技
002091 8.97 159061.58 江苏国泰
002121 7.93 375603.59 科陆电子
002136 13.4 42286.16 安纳达
002149 17.65 153628.41 西部材料
002150 8.01 103228.31 通润装备
002181 4.51 664300.0 粤传媒
002186 8.9 52925.0 全聚德
002192 127.8 106795.48 融捷股份
002204 5.94 558555.38 大连重工
002248 8.1 330634.88 华东数控
002264 6.12 136976.0 新华都
002272 7.08 390034.0 川润股份
002369 4.81 225504.0 卓翼科技
002383 8.03 440413.84 合众思壮
002384 26.66 232504.23 东山精密
002407 38.41 172718.95 多氟多
002435 4.41 138812.92 长江健康
002454 8.15 315333.59 松芝股份
002455 10.37 91589.41 百川股份
002460 83.9 384836.72 赣锋锂业
002472 31.66 150760.59 双环传动
002478 6.08 642740.38 常宝股份
002497 27.95 297176.69 雅化集团
002498 4.18 353542.59 汉缆股份
002510 3.95 222156.0 天汽模
002512 3.76 179936.64 达华智能
002514 11.05 466444.81 宝馨科技
002518 39.88 184455.52 科士达
002519 4.6 143889.48 银河电子
002520 6.41 201229.92 日发精机
002523 3.23 403774.97 天桥起重
002527 6.6 72073.0 新时达
002529 16.9 65700.83 海源复材
002531 13.82 236227.12 天顺风能
002540 5.25 101248.7 亚太科技
002547 5.4 1029950.88 春兴精工
002553 14.58 450095.38 南方精工
002559 7.03 155971.66 亚威股份
002576 12.87 49521.95 通达动力
002579 8.92 231639.7 中京电子
002580 9.7 359026.19 圣阳股份
002593 3.91 246282.92 日上集团
002598 10.65 170006.45 山东章鼓
002666 5.51 125332.02 德联集团
002689 4.52 649318.0 远大智能
002697 4.98 378979.53 红旗连锁
002747 19.51 167533.8 埃斯顿
002753 9.24 102805.54 永东股份
002766 5.32 97469.0 索菱股份
002796 8.98 62737.46 世嘉科技
002813 28.0 18139.34 路畅科技
002823 10.96 126752.82 凯中精密
002849 14.3 49367.5 威星智能
002862 12.03 43432.75 实丰文化
002892 13.92 51439.76 科力尔
002902 14.52 55829.0 铭普光磁
002931 10.39 20004.2 锋龙股份
002953 11.5 48725.06 日丰股份
002976 28.18 102691.47 瑞玛精密
002988 15.69 34119.15 豪美新材
300105 7.01 288169.69 龙源技术
300125 25.65 164016.09 聆达股份
300144 12.85 277024.62 宋城演艺
300207 25.15 210741.52 欣旺达
300293 9.08 29172.22 蓝英装备
300403 7.94 408052.28 汉宇集团
300428 29.25 111711.18 立中集团
300436 33.88 24855.77 广生堂
300437 18.08 31669.84 清水源
300438 79.18 119588.79 鹏辉能源
300506 7.61 109405.76 名家汇
300508 21.87 10700.2 维宏股份
300565 38.79 325582.09 科信技术
300584 24.38 18063.42 海辰药业
300585 13.64 21542.05 奥联电子
300587 12.72 290523.59 天铁股份
300617 36.0 20061.0 安靠智电
300618 49.97 56508.43 寒锐钴业
300686 13.05 89791.01 智动力
300695 55.32 8001.46 兆丰股份
300715 14.83 44975.32 凯伦股份
300795 25.77 9272.0 米奥会展
300808 14.86 46334.09 久量股份
300908 39.25 14872.12 仲景食品
300946 32.18 10690.0 恒而达
300987 16.1 40139.91 川网传媒
301005 20.02 5273.2 超捷股份
301039 8.43 112013.0 中集车辆
301132 29.15 23897.13 满坤科技
301149 13.74 23981.47 隆华新材
301155 86.58 25507.18 海力风电
301186 29.84 4332.0 超达装备
301192 23.59 27120.0 泰祥股份
301268 51.83 18922.65 铭利达
301336 56.25 10830.0 趣睡科技
600062 17.97 157735.66 华润双鹤
600063 7.64 428009.16 皖维高新
600141 37.3 225361.83 兴发集团
600191 7.4 51779.0 华资实业
600197 24.73 93056.79 伊力特
600258 21.98 146218.7 首旅酒店
600328 16.3 128202.96 中盐化工
600359 9.2 229920.0 新农开发
600367 19.6 92322.68 红星发展
600400 5.53 274968.94 红豆股份
600487 17.98 535369.88 亨通光电
600491 5.97 197295.52 龙元建设
600499 17.66 314056.84 科达制造
600522 23.53 395952.19 中天科技
600593 14.9 17216.0 大连圣亚
600616 6.22 129865.18 金枫酒业
600644 7.05 106137.0 乐山电力
600685 22.63 137188.31 中船防务
600702 139.38 85747.17 舍得酒业
600758 4.41 333598.91 辽宁能源
600773 21.29 177923.52 西藏城投
600778 7.48 122706.81 友好集团
600794 4.09 318138.0 保税科技
600814 6.43 83763.28 杭州解百
600838 7.1 179774.08 上海九百
600858 6.41 140845.12 银座股份
600859 23.5 132625.2 王府井
600861 16.04 33248.62 北京城乡
600877 13.28 119778.58 声光电科
600884 24.0 204766.7 杉杉股份
600969 7.82 58055.0 郴电国际
