000014 8.81 156222.56 沙河股份
000411 15.43 143691.38 英特集团
000533 4.95 1345609.12 顺钠股份
000538 109.5 166035.38 云南白药
000566 5.21 324821.34 海南海药
000590 10.22 76970.31 启迪药业
000597 6.19 243788.59 东北制药
000650 10.08 987670.25 仁和药业
000659 4.29 246421.88 珠海中富
000679 4.48 44975.51 大连友谊
000788 7.03 120427.61 北大医药
000825 7.65 1643677.12 太钢不锈
000828 10.48 124965.58 东莞控股
000830 16.04 496093.69 鲁西化工
000902 17.41 137219.45 新洋丰
000908 4.5 707893.69 景峰医药
000919 7.87 162939.03 金陵药业
000922 12.18 188142.95 佳电股份
000952 8.05 92861.64 广济药业
002015 16.86 249725.02 协鑫能科
002030 21.9 1004677.06 达安基因
002038 11.22 227362.36 双鹭药业
002054 10.21 155803.72 德美化工
002066 11.36 55676.0 瑞泰科技
002092 9.99 1010262.81 中泰化学
002096 13.14 171263.2 南岭民爆
002118 3.64 1162237.62 紫鑫药业
002129 39.45 506065.59 TCL中环
002198 7.91 230800.36 嘉应制药
002238 6.77 290627.72 天威视讯
002246 9.58 463182.88 北化股份
002269 2.68 1341112.0 美邦服饰
002274 12.64 315131.84 华昌化工
002278 6.15 85681.3 神开股份
002308 4.82 437002.03 威创股份
002312 13.0 245795.45 川发龙蟒
002349 12.06 1437226.5 精华制药
002390 7.54 679800.88 信邦制药
002412 7.2 297260.88 汉森制药
002435 5.4 390919.84 长江健康
002440 10.0 290897.0 闰土股份
002488 9.12 482134.0 金固股份
002492 6.13 261223.2 恒基达鑫
002502 4.65 233526.34 鼎龙文化
002513 5.32 60179.92 蓝丰生化
002533 8.46 130753.0 金杯电工
002538 10.15 318380.91 司尔特
002562 5.44 486446.0 兄弟科技
002588 6.01 287344.09 史丹利
002589 4.08 461074.44 瑞康医药
002612 30.96 172850.36 朗姿股份
002617 15.09 633647.62 露笑科技
002633 8.96 24283.0 申科股份
002639 17.28 1973488.38 雪人股份
002728 18.0 280913.75 特一药业
002826 11.39 42985.0 易明医药
002862 15.15 49626.5 实丰文化
002875 9.87 55858.88 安奈儿
002888 14.0 60785.4 惠威科技
002895 23.57 134799.52 川恒股份
002942 18.83 30785.74 新农股份
300016 9.55 328351.28 北陆药业
300030 11.4 327402.03 阳普医疗
300067 4.55 688819.5 安诺其
300110 4.84 431845.19 华仁药业
300147 8.41 611946.06 香雪制药
300194 5.05 680206.31 福安药业
300199 12.88 594319.88 翰宇药业
300206 14.4 141649.95 理邦仪器
300221 7.27 236760.0 银禧科技
300254 8.47 279063.0 仟源医药
300267 4.78 922320.38 尔康制药
300269 4.1 173028.0 联建光电
300272 7.54 298732.41 开能健康
300280 40.1 110140.66 紫天科技
300294 38.57 108461.82 博雅生物
300314 14.21 139962.31 戴维医疗
300328 8.74 276642.25 宜安科技
300343 16.69 705932.75 联创股份
300349 12.95 170113.08 金卡智能
300391 16.47 123780.3 康跃科技
300396 19.32 65615.42 迪瑞医疗
300407 8.97 37847.0 凯发电气
300430 13.82 137387.98 诚益通
300501 19.98 33064.33 海顺新材
300504 20.81 148421.53 天邑股份
300555 9.63 89823.0 路通视信
300562 15.55 137579.98 乐心医疗
300583 29.35 46061.57 赛托生物
300587 18.87 187927.88 天铁股份
300591 7.57 155080.5 万里马
300607 17.13 139064.5 拓斯达
300670 9.66 63987.19 大烨智能
300694 11.44 52107.58 蠡湖股份
300717 17.26 80763.11 华信新材
300721 50.22 30380.36 怡达股份
300746 14.16 46747.0 汉嘉设计
300753 20.78 34545.28 爱朋医疗
300756 28.56 48476.63 金马游乐
300805 14.05 134228.75 电声股份
300818 47.85 52304.75 耐普矿机
300821 18.2 271835.25 东岳硅材
300838 19.06 32757.0 浙江力诺
300847 18.46 148155.3 中船汉光
300854 29.87 31692.31 中兰环保
300865 30.12 34801.45 大宏立
300867 32.13 96641.19 圣元环保
300869 42.27 108734.29 康泰医学
300888 93.72 81015.93 稳健医疗
300921 22.68 33466.18 南凌科技
300923 32.96 52303.24 研奥股份
300937 47.58 42920.84 药易购
300962 22.17 76447.5 中金辐照
300966 41.75 40953.96 共同药业
300969 103.2 13891.07 恒帅股份
300984 69.64 9255.0 金沃股份
300992 26.49 49891.05 泰福泵业
300995 28.94 22369.37 奇德新材
300998 33.98 32098.54 宁波方正
301009 19.64 67666.68 可靠股份
301015 31.92 90593.98 百洋医药
301017 24.01 95040.98 漱玉平民
301026 63.56 10184.1 浩通科技
301027 19.55 94892.74 华蓝集团
301037 25.98 14060.17 保立佳
301065 51.33 14533.82 本立科技
301075 40.0 24406.19 多瑞医药
301081 21.03 31202.23 严牌股份
301089 71.66 60092.32 拓新药业
301111 41.78 110572.19 粤万年青
301186 42.07 29437.71 超达装备
600082 3.38 286925.44 海泰发展
600141 35.52 663606.38 兴发集团
600153 9.86 450903.69 建发股份
600191 3.93 72707.0 华资实业
600200 8.2 354356.84 江苏吴中
600211 53.98 79434.08 西藏药业
600215 8.67 97246.12 派斯林
600248 5.22 746210.0 陕西建工
600281 5.92 72745.42 华阳新材
600325 6.57 685408.5 华发股份
600328 17.0 481386.41 中盐化工
600332 35.03 236043.84 白云山
600353 7.6 556856.12 旭光电子
600355 3.42 374369.88 精伦电子
600375 10.4 133178.38 汉马科技
600409 9.11 563919.5 三友化工
600476 14.36 311290.53 湘邮科技
600505 10.59 233808.39 西昌电力
600513 9.98 80010.92 联环药业
600557 14.56 280425.94 康缘药业
600581 6.9 1008950.88 八一钢铁
600618 12.5 104665.45 氯碱化工
600711 10.32 558812.88 盛屯矿业
600713 4.99 291913.31 南京医药
600716 4.29 100980.94 凤凰股份
600718 13.94 395850.62 东软集团
600750 15.1 225376.41 江中药业
600780 4.05 118878.15 通宝能源
600782 5.96 1065443.88 新钢股份
600807 4.35 588485.81 济南高新
600808 4.25 1743936.62 马钢股份
600888 8.55 394671.34 新疆众和
600919 6.44 2110619.25 江苏银行
