000049 38.54 126350.27 德赛电池 2.39
000088 5.36 191835.8 盐田港 2.68
000516 8.98 686426.06 国际医学 3.81
000524 11.1 542674.5 岭南控股 6.73
000553 12.18 178006.95 安道麦A 4.28
000802 4.05 36793.0 北京文化 0.25
000917 5.46 481300.38 电广传媒 4.4
000923 15.06 175352.72 河钢资源 3.79
000966 5.81 637944.06 长源电力 4.31
002036 13.69 596261.62 联创电子 3.79
002063 7.1 301202.03 远光软件 3.65
002123 9.88 157590.7 梦网科技 2.7
002183 8.65 3205437.75 怡亚通 4.22
002196 9.09 205624.2 方正电机 7.45
002238 5.98 201270.2 天威视讯 6.79
002242 16.77 180160.95 九阳股份 1.21
002245 19.78 610839.94 蔚蓝锂芯 4.21
002272 5.06 66695.0 川润股份 1.4
002335 24.43 202688.28 科华数据 3.69
002376 7.07 90481.66 新北洋 4.59
002409 52.01 93757.11 雅克科技 6.36
002636 8.58 58242.0 金安国纪 1.54
002640 3.45 287104.97 跨境通 2.98
002698 11.3 36371.59 博实股份 3.1
002705 18.38 151986.56 新宝股份 3.2
002747 17.49 161921.58 埃斯顿 3.67
002765 7.71 410695.0 蓝黛科技 2.66
002833 21.4 23039.1 弘亚数控 2.49
002845 17.55 37805.99 同兴达 1.56
002859 25.19 99245.18 洁美科技 7.1
002867 14.74 175058.31 周大生 3.8
300001 16.47 367366.44 特锐德 0.98
300024 8.25 146937.77 机器人 1.48
300046 18.98 172786.8 台基股份 3.72
300065 12.45 336674.31 海兰信 4.1
300068 12.98 231980.36 南都电源 0.7
300222 6.94 111186.86 科大智能 1.61
300230 3.77 229478.8 永利股份 2.17
300300 3.92 150480.67 海峡创新 0.77
300354 28.57 7845.0 东华测试 3.74
300382 13.23 94783.09 斯莱克 0.76
300441 6.29 59187.0 鲍斯股份 1.12
300491 14.39 57170.05 通合科技 1.98
300528 6.88 114350.8 幸福蓝海 1.48
300529 45.47 59664.28 健帆生物 3.32
300552 18.24 28218.8 万集科技 2.88
300566 16.71 19806.98 激智科技 1.21
300570 13.37 44676.47 太辰光 1.14
300616 25.97 13237.8 尚品宅配 1.05
300648 31.4 30398.35 星云股份 2.51
300682 25.86 52273.36 朗新科技 2.42
300735 9.95 85943.55 光弘科技 1.74
300770 37.98 45760.16 新媒股份 1.93
300787 26.01 21848.0 海能实业 2.36
300802 26.58 30116.15 矩子科技 3.63
300806 39.2 24990.0 斯迪克 6.41
300831 13.7 277511.47 派瑞股份 6.53
300843 22.57 49269.27 胜蓝股份 7.42
300858 24.53 38965.85 科拓生物 3.68
300894 31.5 55980.34 火星人 4.65
300908 34.49 14870.53 仲景食品 2.01
300911 62.9 22212.51 亿田智能 7.78
300993 22.12 15067.34 玉马遮阳 2.31
301016 18.93 14277.47 雷尔伟 2.99
301051 62.8 8042.21 信濠光电 4.47
301135 25.1 29507.44 瑞德智能 3.0
301187 24.9 103942.32 欧圣电气 4.18
301189 31.96 13850.91 奥尼电子 2.77
301196 36.24 8953.47 唯科科技 1.23
301200 49.83 25472.64 大族数控 1.69
301221 49.09 25490.44 光庭信息 4.85
301226 32.04 19591.85 祥明智能 1.26
301236 46.63 30046.55 软通动力 0.8
600125 5.72 592050.62 铁龙物流 3.06
600238 14.51 567865.06 海南椰岛 4.76
600363 21.35 107318.01 联创光电 0.99
600418 11.93 1966659.75 江淮汽车 1.02
600516 7.17 831607.56 方大炭素 1.56
600796 5.97 126548.05 钱江生化 2.93
600836 6.87 157673.38 上海易连 2.23
600933 14.18 119000.41 爱柯迪 3.05
600976 43.92 90039.28 健民集团 4.32
