000023 11.71 50462.16 深天地A 0.43
000042 9.18 77566.0 中洲控股 0.55
000058 6.0 294949.41 深赛格 4.35
000609 5.48 251074.98 中迪投资 6.0
000695 8.99 68354.76 滨海能源 5.52
000829 12.0 790368.06 天音控股 7.14
000925 8.19 473240.75 众合科技 6.78
002083 4.44 312900.88 孚日股份 2.07
002813 30.3 116268.97 路畅科技 5.87
002929 34.87 50080.58 润建股份 0.03
300117 4.11 879717.19 嘉寓股份 1.73
300181 9.6 350734.72 佐力药业 2.67
300438 56.0 187109.28 鹏辉能源 1.65
300546 28.09 197383.2 雄帝科技 2.97
301015 23.07 77488.49 百洋医药 6.95
301023 44.06 18567.23 江南奕帆 4.14
301160 44.17 72607.43 翔楼新材 1.08
