000055 4.9 1684843.62 方大集团
000338 12.92 1461875.62 潍柴动力
000521 3.98 511174.0 长虹美菱
000543 4.7 1156997.25 皖能电力
000601 5.51 492293.69 韶能股份
000622 4.73 410497.44 恒立实业
000632 4.92 716645.62 三木集团
000637 4.81 244451.52 茂化实华
000677 3.16 181416.08 恒天海龙
000680 5.71 1282089.5 山推股份
000695 9.4 48087.29 滨海能源
000810 17.83 602244.75 创维数字
000815 9.76 252822.19 美利云
000831 31.78 480688.31 中国稀土
000851 4.98 690242.56 高鸿股份
000863 3.5 342278.0 三湘印象
000911 9.3 44446.03 南宁糖业
000951 14.33 402287.12 中国重汽
000958 4.83 335866.88 电投产融
002017 12.17 152094.0 东信和平
002058 12.46 43087.72 威尔泰
002062 7.0 885767.44 宏润建设
002079 13.65 908145.5 苏州固锝
002116 9.28 187972.56 中国海诚
002137 5.1 148262.0 实益达
002162 4.49 492000.09 悦心健康
002172 3.63 172412.12 澳洋健康
002182 26.63 483050.28 云海金属
002209 6.83 36846.32 达意隆
002225 4.24 203471.42 濮耐股份
002232 13.9 152346.0 启明信息
002245 21.15 1331579.88 蔚蓝锂芯
002251 6.54 291646.44 步步高
002268 46.92 287191.03 电科网安
002279 4.48 135568.05 久其软件
002296 7.27 282722.84 辉煌科技
002307 7.01 1071934.12 北新路桥
002323 3.8 436130.84 雅博股份
002331 7.1 67538.71 皖通科技
002377 3.5 522784.0 国创高新
002383 6.41 392647.91 合众思壮
002398 6.59 279918.09 垒知集团
002453 13.92 89471.66 华软科技
002466 148.0 554851.06 天齐锂业
002491 5.38 310761.94 通鼎互联
002544 22.86 72549.28 普天科技
002564 4.73 411803.19 天沃科技
002566 7.99 72589.62 益盛药业
002591 5.13 84188.11 恒大高新
002593 3.54 132503.0 日上集团
002603 25.11 579387.19 以岭药业
002611 4.85 405512.16 东方精工
002621 4.25 885062.75 美吉姆
002623 43.6 238811.72 亚玛顿
002628 3.76 274179.0 成都路桥
002633 9.35 25332.0 申科股份
002651 8.0 185110.8 利君股份
002748 15.45 79294.58 世龙实业
002767 11.12 23070.5 先锋电子
002835 10.1 89007.0 同为股份
002848 10.68 35624.57 高斯贝尔
002897 45.92 59093.41 意华股份
300020 7.47 278887.97 银江技术
300043 3.04 471163.84 星辉娱乐
300045 7.73 99327.94 华力创通
300058 6.26 853955.75 蓝色光标
300071 3.3 392661.0 福石控股
300074 3.73 148867.48 华平股份
300088 7.28 1433491.5 长信科技
300121 11.2 108482.22 阳谷华泰
300136 16.99 322144.09 信维通信
300139 8.94 80585.0 晓程科技
300148 3.26 206141.41 天舟文化
300150 4.02 67175.96 世纪瑞尔
300180 3.95 242496.72 华峰超纤
300183 14.25 74678.16 东软载波
300205 12.23 133770.02 天喻信息
300210 3.45 50367.42 森远股份
300211 8.6 29727.66 亿通科技
300212 17.38 306803.09 易华录
300213 5.58 109564.0 佳讯飞鸿
300226 22.59 66056.98 上海钢联
300232 6.64 218680.48 洲明科技
300247 3.51 152138.0 融捷健康
300258 11.1 79919.96 精锻科技
300277 6.97 61451.0 海联讯
300284 6.68 288191.47 苏交科
300287 4.13 702672.56 飞利信
300333 6.48 80520.37 兆日科技
300344 4.18 78232.58 立方数科
300366 8.47 236958.95 创意信息
300380 14.07 17389.47 安硕信息
300382 16.95 309039.56 斯莱克
300386 11.29 63437.14 飞天诚信
300397 10.55 159558.64 天和防务
300420 3.12 715671.19 五洋停车
300433 11.5 1451772.12 蓝思科技
300449 5.05 92823.4 汉邦高科
300458 29.73 491523.12 全志科技
300506 7.18 253844.19 名家汇
300514 10.79 77959.0 友讯达
300570 15.15 45222.06 太辰光
300589 12.03 149170.02 江龙船艇
300615 10.82 21314.7 欣天科技
300619 82.6 31201.88 金银河
300634 12.54 55411.71 彩讯股份
300652 24.32 42672.0 雷迪克
300654 8.49 33329.55 世纪天鸿
300674 15.54 84879.21 宇信科技
300709 29.95 65946.48 精研科技
300711 11.75 38302.44 广哈通信
300712 61.4 101901.69 永福股份
300724 116.55 210670.0 捷佳伟创
300752 22.27 82192.89 隆利科技
300805 8.03 67437.7 电声股份
300857 20.19 15884.0 协创数据
300919 140.0 132574.17 中伟股份
300943 15.19 100384.7 春晖智控
300956 18.34 16772.05 英力股份
300976 49.63 18118.86 达瑞电子
300985 28.94 39849.15 致远新能
300987 16.02 26976.5 川网传媒
300995 21.14 10124.47 奇德新材
301007 14.61 60975.88 德迈仕
301013 11.34 57019.28 利和兴
301023 44.38 11055.06 江南奕帆
301029 70.03 11720.12 怡合达
301042 32.83 4240.0 安联锐视
301078 15.23 213008.05 孩子王
301126 18.19 114353.98 达嘉维康
301222 30.19 24193.06 浙江恒威
600062 31.14 854314.12 华润双鹤
600067 3.5 201355.95 冠城大通
600098 6.16 454386.34 广州发展
600104 18.56 1501659.88 上汽集团
600111 34.02 1387883.38 北方稀土
600114 8.71 244727.3 东睦股份
600131 14.79 252498.88 国网信通
600152 6.34 258558.25 维科技术
600203 7.13 184274.12 福日电子
600207 6.87 200145.44 安彩高科
600238 13.8 161143.52 海南椰岛
600272 9.7 104803.5 开开实业
600293 3.81 806137.94 三峡新材
600351 6.76 374790.62 亚宝药业
600381 12.49 254915.39 青海春天
600389 63.1 79082.68 江山股份
600416 21.15 369823.06 湘电股份
600428 4.86 417292.03 中远海特
600463 7.05 82810.9 空港股份
600491 6.75 363829.94 龙元建设
600498 14.53 116171.92 烽火通信
600506 13.1 116259.46 香梨股份
600528 8.82 540737.44 中铁工业
600561 5.35 36787.0 江西长运
600617 4.92 141767.16 国新能源
600639 13.57 184099.42 浦东金桥
600651 3.87 162616.2 飞乐音响
600773 21.77 334530.12 西藏城投
600780 5.91 476325.16 通宝能源
600791 4.26 126091.9 京能置业
600805 5.18 360129.75 悦达投资
600854 5.85 334848.66 春兰股份
600908 5.57 240096.45 无锡银行
600973 6.23 646028.25 宝胜股份
600982 5.71 598965.0 宁波能源
600986 6.06 600519.19 浙文互联
600995 16.78 280135.34 南网储能
