000010 3.46 61888.01 美丽生态
000048 20.65 74207.57 京基智农
000055 4.52 85254.41 方大集团
000065 8.24 101019.54 北方国际
000099 7.65 77831.68 中信海直
000151 8.14 49159.08 中成股份
000159 6.28 100890.07 国际实业
000404 4.38 140691.77 长虹华意
000488 6.9 177985.3 晨鸣纸业
000505 6.83 110445.12 京粮控股
000509 3.89 220711.44 华塑控股
000516 7.32 475986.69 国际医学
000521 3.37 151804.19 长虹美菱
000545 3.75 134284.69 金浦钛业
000557 4.65 285710.78 西部创业
000593 5.93 58715.0 德龙汇能
000603 12.82 108317.41 盛达资源
000626 21.36 54525.0 远大控股
000629 3.77 1293037.25 钒钛股份
000659 3.64 152064.7 珠海中富
000663 7.9 47842.0 永安林业
000666 8.33 56103.15 经纬纺机
000680 4.06 295324.41 山推股份
000707 8.25 90936.65 双环科技
000722 7.54 64990.0 湖南发展
000777 13.3 59044.01 中核科技
000788 6.41 74897.77 北大医药
000795 6.83 320896.0 英洛华
000819 12.89 116969.96 岳阳兴长
000821 11.08 121782.45 京山轻机
000829 14.22 254973.23 天音控股
000833 5.8 93926.02 粤桂股份
000859 6.45 99699.0 国风新材
000880 8.03 21212.7 潍柴重机
000905 7.49 161354.69 厦门港务
000930 10.08 195216.77 中粮科技
000949 5.14 448018.25 新乡化纤
000985 13.59 17628.0 大庆华科
000998 19.38 282340.31 隆平高科
000999 35.59 102007.98 华润三九
002002 5.35 596367.94 鸿达兴业
002023 11.96 126136.53 海特高新
002035 5.98 82022.81 华帝股份
002040 6.27 65255.4 南京港
002041 22.35 172019.88 登海种业
002042 4.71 225913.64 华孚时尚
002044 7.43 465211.84 美年健康
002045 11.15 189637.48 国光电器
002054 9.86 43565.9 德美化工
002080 30.69 208738.95 中材科技
002087 3.51 157672.44 新野纺织
002094 3.88 108657.39 青岛金王
002100 11.01 334591.91 天康生物
002114 7.53 64224.4 罗平锌电
002132 5.21 185085.59 恒星科技
002133 3.35 185837.84 广宇集团
002136 14.84 39146.4 安纳达
002161 5.65 487331.25 远望谷
002163 11.41 112324.51 海南发展
002167 7.15 101915.03 东方锆业
002174 12.44 107364.38 游族网络
002205 7.9 45631.82 国统股份
002217 3.65 411668.88 合力泰
002226 5.49 197666.7 江南化工
002247 2.81 151669.27 聚力文化
002258 29.48 83376.33 利尔化学
002262 14.06 89960.59 恩华药业
002274 11.7 230481.12 华昌化工
002286 12.33 97352.08 保龄宝
002288 7.21 116806.38 超华科技
002297 8.4 137403.0 博云新材
002303 3.58 133454.0 美盈森
002314 4.26 492480.88 南山控股
002328 5.59 172455.98 新朋股份
002337 4.08 108513.8 赛象科技
002344 4.53 133223.31 海宁皮城
002345 5.68 238419.09 潮宏基
002351 11.3 68215.32 漫步者
002367 7.67 62318.26 康力电梯
002385 9.45 932100.5 大北农
002396 22.88 185672.23 星网锐捷
002398 6.98 112122.0 垒知集团
002428 13.27 345938.09 云南锗业
002446 6.34 270937.91 盛路通信
002455 12.54 117791.26 百川股份
002469 6.16 97338.79 三维化学
002495 2.75 207766.92 佳隆股份
002506 3.27 668454.06 协鑫集成
002542 2.88 416186.12 中化岩土
002545 9.1 169455.92 东方铁塔
002588 5.7 128930.99 史丹利
002591 5.45 44570.0 恒大高新
002593 3.9 122461.03 日上集团
002615 5.44 55085.18 哈尔斯
002629 3.82 265019.0 仁智股份
002652 3.52 69414.8 扬子新材
002662 3.83 209934.55 京威股份
002671 4.82 164826.42 龙泉股份
002691 5.02 70520.7 冀凯股份
002703 5.96 78597.56 浙江世宝
002730 10.24 31044.57 电光科技
002743 7.57 144577.25 富煌钢构
002752 6.02 123950.93 N兴股份
002753 8.9 27167.16 永东股份
002763 9.4 20762.0 汇洁股份
002782 13.25 47472.91 可立克
002842 9.21 22553.04 翔鹭钨业
002843 10.65 24223.0 泰嘉股份
002862 13.1 17818.0 实丰文化
002883 11.58 43582.5 中设股份
002890 16.93 8386.6 弘宇股份
002900 16.09 31372.0 哈三联
002921 18.14 11859.02 联诚精密
002968 37.28 14702.31 新大正
002972 17.82 5994.0 科安达
002982 48.05 25487.9 湘佳股份
002991 63.86 13489.9 甘源食品
002992 12.28 10308.1 宝明科技
002998 8.09 22722.58 优彩资源
300019 21.38 130788.63 硅宝科技
300041 17.0 43372.45 回天新材
300080 4.91 140472.45 易成新能
300083 12.29 235905.12 创世纪
300092 10.78 29557.8 科新机电
300103 9.23 33199.12 达刚控股
300127 21.98 42495.61 银河磁体
300135 2.77 152071.0 宝利国际
300137 6.97 70254.6 先河环保
300139 11.11 130030.97 晓程科技
300140 6.8 56388.05 中环装备
300145 2.96 263862.56 中金环境
300157 4.28 220536.8 恒泰艾普
300179 10.15 69652.61 四方达
300193 11.82 52294.95 佳士科技
300208 10.14 101376.94 青岛中程
300210 3.65 115005.6 森远股份
300224 14.39 189438.7 正海磁材
300228 8.09 202408.27 富瑞特装
300303 5.45 144349.94 聚飞光电
300355 4.79 563143.69 蒙草生态
300371 14.84 26214.85 汇中股份
300376 8.77 267430.0 易事特
300402 23.04 37672.86 宝色股份
300425 5.06 115211.28 中建环能
300435 18.84 70849.0 中泰股份
300456 21.84 48847.52 赛微电子
300471 21.64 108643.23 厚普股份
300477 7.32 200275.23 合纵科技
300483 15.13 44338.67 首华燃气
300490 17.45 102174.55 华自科技
300503 11.97 56705.5 昊志机电
300506 6.0 157178.95 名家汇
300514 12.06 44356.0 友讯达
300517 12.52 19701.6 海波重科
300543 12.86 30584.4 朗科智能
300554 16.74 40933.0 三超新材
300581 25.3 134343.45 晨曦航空
300600 9.26 26989.68 国瑞科技
300606 17.53 13085.0 金太阳
300621 8.98 31018.5 维业股份
300626 9.48 37503.39 华瑞股份
300629 27.5 45227.5 新劲刚
300635 14.86 15819.0 中达安
300643 11.58 26575.53 万通智控
300649 15.29 10597.0 杭州园林
300668 20.52 25344.46 杰恩设计
300670 10.58 132353.17 大烨智能
300707 17.2 30280.76 威唐工业
300736 11.3 25347.39 百邦科技
300740 15.61 68653.88 水羊股份
300778 19.16 17243.12 新城市
300779 15.91 8459.0 惠城环保
300789 25.17 4112.0 唐源电气
300795 24.71 4210.0 米奥会展
300809 37.03 23230.57 华辰装备
300817 19.61 6589.07 双飞股份
300818 42.62 32475.01 耐普矿机
300819 24.03 9739.0 聚杰微纤
300826 20.57 24325.49 测绘股份
300836 32.0 5496.0 佰奥智能
300839 18.59 12019.0 博汇股份
300844 65.12 9574.27 山水比德
300847 14.51 30977.78 中船汉光
300854 26.85 8330.11 中兰环保
300856 51.5 7446.0 科思股份
300857 35.58 96541.62 协创数据
300862 31.47 10892.87 蓝盾光电
300867 29.91 41623.28 圣元环保
300880 22.1 14609.0 迦南智能
300881 24.93 9114.0 盛德鑫泰
300882 16.88 16725.36 万胜智能
300887 61.45 8510.82 谱尼测试
300891 14.77 42051.34 惠云钛业
300895 42.46 64055.41 铜牛信息
300909 48.82 25170.24 汇创达
300931 10.0 17879.74 通用电梯
300935 50.6 8672.0 盈建科
300946 60.9 5867.25 恒而达
300949 55.85 15597.4 奥雅股份
300958 24.15 11997.05 建工修复
300960 23.16 8463.91 通业科技
300961 18.6 13210.27 深水海纳
300963 22.02 8583.44 中洲特材
300977 52.65 6651.58 深圳瑞捷
300983 78.88 5635.0 尤安设计
300986 57.49 4020.3 志特新材
300992 23.0 10096.16 泰福泵业
301001 29.23 4850.34 凯淳股份
301003 55.63 5231.2 江苏博云
301006 28.0 14278.7 迈拓股份
301007 18.05 11578.77 德迈仕
301016 24.45 7300.98 雷尔伟
301019 38.59 2586.0 宁波色母
301020 28.55 23781.25 密封科技
301021 35.46 7459.14 英诺激光
301022 40.28 6818.0 海泰科
301024 47.41 6622.02 霍普股份
301036 28.36 5692.26 双乐股份
301039 11.06 63171.34 中集车辆
301046 41.46 13085.01 能辉科技
301048 13.14 41958.13 金鹰重工
301053 28.08 7526.73 远信工业
301057 18.89 8199.86 汇隆新材
301063 36.65 19389.21 海锅股份
301075 33.1 8460.58 多瑞医药
301090 11.94 91398.6 华润材料
301101 53.99 28346.67 明月镜片
301108 56.45 14296.51 洁雅股份
301128 40.06 12643.07 强瑞技术
301138 44.15 24888.02 华研精机
301149 16.98 31947.42 隆华新材
301159 43.0 28415.1 三维天地
301179 47.97 12092.7 泽宇智能
301189 47.08 13447.61 奥尼电子
600004 14.0 323101.91 白云机场
600008 3.27 861260.75 首创环保
600009 52.2 198485.23 上海机场
600032 13.08 88049.44 浙江新能
600035 3.21 319839.78 楚天高速
600052 4.76 91825.58 东望时代
600082 2.98 64202.63 海泰发展
600097 10.75 26696.0 开创国际
600103 2.7 289543.5 青山纸业
600106 4.87 358951.88 重庆路桥
600113 7.15 321711.62 浙江东日
600114 10.54 132320.58 东睦股份
600133 5.4 124518.4 东湖高新
600160 13.62 629785.06 巨化股份
600168 6.67 76521.11 武汉控股
600195 12.49 142121.55 中牧股份
600220 2.52 208359.09 江苏阳光
600269 3.55 345386.88 赣粤高速
600273 10.68 217924.5 嘉化能源
600292 7.14 80742.54 远达环保
600293 3.67 196873.17 三峡新材
600308 5.77 159136.2 华泰股份
600319 5.57 43724.8 亚星化学
600321 2.1 326872.0 正源股份
600326 6.35 115231.63 西藏天路
600327 6.1 331763.5 大东方
600358 4.96 348745.09 国旅联合
600368 3.98 130475.83 五洲交通
600371 12.52 103556.74 万向德农
600387 6.27 69622.0 海越能源
600428 4.65 223020.92 中远海特
600463 9.15 106142.8 空港股份
600467 2.75 318464.91 好当家
600477 4.21 405830.59 杭萧钢构
600481 10.29 182311.27 双良节能
600483 13.4 175603.34 福能股份
600490 4.37 233186.78 鹏欣资源
600495 3.76 141437.0 晋西车轴
600520 8.68 28009.0 文一科技
600533 3.37 378537.88 栖霞建设
600549 20.26 184180.81 厦门钨业
600558 3.4 126227.0 大西洋
600586 8.6 166468.02 金晶科技
600617 4.1 116329.33 国新能源
600618 11.48 77644.99 氯碱化工
600619 7.08 102478.11 海立股份
600644 6.39 54004.88 乐山电力
600653 1.95 344185.09 申华控股
600691 4.52 298345.19 阳煤化工
600698 4.4 198571.2 湖南天雁
600704 5.52 536776.0 物产中大
600708 2.53 222528.5 光明地产
600727 9.74 59644.84 鲁北化工
600730 5.26 74407.25 中国高科
600735 7.85 310090.47 新华锦
600746 13.63 63915.0 江苏索普
600755 7.1 207582.36 厦门国贸
600783 13.86 109667.74 鲁信创投
600791 4.13 138051.0 京能置业
600792 3.68 117038.0 云煤能源
600796 5.38 35172.12 钱江生化
600802 7.52 176093.8 福建水泥
600810 11.93 177934.41 神马股份
600821 8.55 430919.84 金开新能
600830 5.02 62835.01 香溢融通
600839 3.18 727956.88 四川长虹
600854 5.15 140390.0 春兰股份
600861 25.05 46546.5 北京城乡
600863 3.35 800607.44 内蒙华电
600873 7.57 375146.81 梅花生物
600874 6.7 108786.01 创业环保
600885 66.71 91029.19 宏发股份
600935 6.3 165247.95 华塑股份
600968 2.83 848284.75 海油发展
600969 7.04 40436.34 郴电国际
600982 4.27 132035.27 宁波能源
