000697 7.47 112558.57 炼石航空
000738 28.52 161746.62 航发控制
000768 31.07 436144.0 中航西飞
000892 5.11 2199825.0 欢瑞世纪
002013 11.71 630706.12 中航机电
002037 14.87 851330.81 保利联合
002051 9.11 415707.12 中工国际
002059 7.18 296570.75 云南旅游
002155 13.4 309531.19 湖南黄金
002319 15.14 62423.52 乐通股份
002443 7.87 583808.0 金洲管道
002633 10.13 26134.0 申科股份
002723 13.3 220367.78 小崧股份
002733 21.7 400163.16 雄韬股份
002767 11.73 56933.5 先锋电子
002803 13.58 170827.72 吉宏股份
300034 49.63 45532.68 钢研高纳
300144 12.6 419953.28 宋城演艺
300316 82.9 169116.92 晶盛机电
300397 12.04 297899.41 天和防务
300481 43.09 148302.11 濮阳惠成
300522 13.4 49974.7 世名科技
300699 86.02 104217.47 光威复材
300775 41.65 67256.48 三角防务
300820 106.68 33733.0 英杰电气
300838 16.18 30996.0 浙江力诺
300859 30.22 108091.25 西域旅游
300910 104.68 15458.9 瑞丰新材
300976 51.19 13836.36 达瑞电子
301016 21.49 22509.2 雷尔伟
301050 86.97 37076.56 雷电微力
301119 36.45 53789.11 正强股份
301258 48.06 42115.44 富士莱
600393 1.73 853706.06 粤泰股份
600642 6.75 494238.38 申能股份
600706 10.19 129530.4 曲江文旅
600730 5.7 131897.98 中国高科
600862 25.75 235778.23 中航高科
600863 4.36 3143603.5 内蒙华电
600875 23.65 808857.12 东方电气
