000514 5.12 760909.62 渝开发 5.57
000708 20.81 125591.0 中信特钢 4.05
000886 4.77 497919.0 海南高速 0.21
000893 36.19 155150.8 亚钾国际 3.49
002160 5.37 561894.94 常铝股份 0.94
002270 8.58 242233.36 华明装备 3.37
002451 7.39 610134.81 摩恩电气 3.36
002694 5.07 311243.44 顾地科技 5.62
002922 20.65 371807.16 伊戈尔 2.94
300062 7.79 584671.69 中能电气 4.42
300265 9.57 104756.03 通光线缆 2.35
300690 20.02 110761.85 双一科技 6.26
300776 178.66 23770.98 帝尔激光 2.92
301040 32.66 48698.07 中环海陆 6.35
600048 16.62 1191297.12 保利发展 0.12
600150 20.15 969384.38 中国船舶 5.39
600318 7.89 610070.12 新力金融 3.27
600487 17.12 959550.69 亨通光电 4.07
600622 3.69 1319702.38 光大嘉宝 7.27
