000411 13.82 112432.36 英特集团
000539 5.54 529933.69 粤电力A
000584 6.11 646342.19 哈工智能
000591 10.43 2751479.75 太阳能
000619 5.74 82881.0 海螺新材
000719 8.03 132125.62 中原传媒
000721 4.61 399365.69 西安饮食
000722 8.66 180676.0 湖南发展
000881 9.53 272262.12 中广核技
000935 21.44 100968.61 四川双马
000993 12.05 228413.48 闽东电力
002036 16.62 364172.97 联创电子
002037 12.24 572494.94 保利联合
002112 8.68 297030.12 三变科技
002136 18.34 203145.69 安纳达
002205 9.27 194235.28 国统股份
002210 3.13 327045.09 飞马国际
002216 15.03 70071.5 三全食品
002218 6.24 424801.16 拓日新能
002335 30.91 175449.42 科华数据
002338 23.35 90006.14 奥普光电
002443 8.74 541766.06 金洲管道
002479 5.81 115659.99 富春环保
002480 5.62 290176.03 新筑股份
002487 37.51 284997.78 大金重工
002581 17.65 134489.0 未名医药
002665 3.89 1723719.0 首航高科
002671 5.2 203292.0 龙泉股份
002672 7.65 117348.2 东江环保
002693 4.97 181619.95 双成药业
002713 6.78 47187.6 东易日盛
002728 15.39 73714.0 特一药业
002774 10.31 335248.0 快意电梯
002787 6.26 89356.32 华源控股
002812 229.99 125663.07 恩捷股份
002836 10.69 95462.85 新宏泽
002922 18.37 161585.66 伊戈尔
002951 13.2 247499.23 金时科技
002987 34.81 62822.12 京北方
300018 7.09 153998.44 中元股份
300035 32.0 289150.97 中科电气
300054 21.4 338450.41 鼎龙股份
300068 13.76 567184.25 南都电源
300118 30.47 840821.81 东方日升
300199 18.64 1013329.25 翰宇药业
300205 17.36 299272.16 天喻信息
300231 10.18 492282.97 银信科技
300275 15.55 106127.01 梅安森
300284 6.92 229297.77 苏交科
300334 10.54 239835.0 津膜科技
300355 5.3 915098.19 蒙草生态
300360 10.17 133032.77 炬华科技
300430 12.38 126336.74 诚益通
300437 24.83 199379.56 清水源
300493 7.6 104173.58 润欣科技
300497 16.3 318869.97 富祥药业
300593 44.33 39135.49 新雷能
300668 19.17 18570.0 杰恩设计
300675 19.0 83474.8 建科院
300676 80.55 43333.7 华大基因
300732 15.5 234810.59 设研院
300777 57.02 84963.71 中简科技
300875 60.05 30658.67 捷强装备
300878 48.16 25799.39 维康药业
300953 96.2 13451.92 震裕科技
301022 41.5 12475.33 海泰科
301040 38.5 33485.46 中环海陆
301091 34.59 52328.21 深城交
301159 47.3 48303.79 三维天地
301166 76.71 24517.6 优宁维
301167 36.88 68392.01 建研设计
301211 30.66 108251.07 亨迪药业
301235 60.35 80085.46 华康医疗
600021 11.93 1494922.62 上海电力
600032 13.74 117703.54 浙江新能
600101 7.59 269105.84 明星电力
600110 13.27 537412.88 诺德股份
600163 8.0 378041.22 中闽能源
600187 2.61 720371.62 国中水务
600249 5.62 253839.52 两面针
600379 13.57 137517.81 宝光股份
600483 11.97 349131.47 福能股份
600546 13.26 1088335.38 山煤国际
600550 5.55 380572.19 保变电气
600560 10.09 53255.02 金自天正
600679 11.32 73649.03 上海凤凰
600698 5.04 443287.81 湖南天雁
600894 7.45 116794.13 广日股份
600966 9.98 186838.0 博汇纸业
600975 8.39 386737.56 新五丰
