000777 12.58 126749.07 中核科技 2.95
000881 10.33 351117.28 中广核技 7.05
000895 31.87 308592.19 双汇发展 2.91
002048 16.15 118046.17 宁波华翔 3.99
002130 6.27 239203.41 沃尔核材 4.5
002284 7.27 162567.89 亚太股份 3.86
002406 5.56 168239.0 远东传动 1.09
002465 10.17 307944.81 海格通信 5.72
002590 7.85 185882.12 万安科技 7.53
002847 65.2 19448.76 盐津铺子 3.54
002920 114.86 76795.85 德赛西威 7.07
002956 17.55 65490.71 西麦食品 5.28
300373 70.37 149548.02 扬杰科技 5.38
300861 65.86 22291.41 美畅股份 6.21
300893 23.08 49645.5 松原股份 4.43
300897 31.63 3918.9 山科智能 2.03
301181 32.37 37333.7 标榜股份 5.99
301207 44.99 56709.06 华兰疫苗 4.17
600617 4.5 193853.59 国新能源 2.74
600863 3.22 1567884.62 内蒙华电 2.55
600929 7.61 368554.69 雪天盐业 5.26
