000550 12.89 75747.25 江铃汽车 3.95
000682 6.28 677663.81 东方电子 7.53
002058 10.32 12926.0 威尔泰 4.56
002314 4.89 2480990.0 南山控股 7.47
002707 5.76 598759.56 众信旅游 4.35
002815 11.56 177800.3 崇达技术 4.05
002876 28.04 92044.6 三利谱 5.97
300473 15.95 37223.0 德尔股份 1.92
300550 10.47 30987.86 和仁科技 6.84
300601 68.98 85398.85 康泰生物 3.14
300656 34.4 11425.6 民德电子 2.11
300667 14.83 33383.0 必创科技 3.2
300708 11.79 358870.53 聚灿光电 6.41
300752 16.4 49064.87 隆利科技 4.46
301003 32.42 84929.61 江苏博云 2.4
301088 20.47 176688.52 戎美股份 6.45
600171 17.09 315192.69 上海贝岭 3.01
600827 12.22 299265.28 百联股份 3.56
600876 18.71 73417.97 洛阳玻璃 1.91
