000060 5.31 2120153.25 中金岭南
000607 6.1 1195606.5 华媒控股
000856 10.02 332094.0 冀东装备
000909 8.05 194770.0 数源科技
002103 5.48 919938.31 广博股份
002155 12.49 1024169.62 湖南黄金
002779 31.49 64935.79 中坚科技
002941 14.05 382762.69 新疆交建
300135 3.07 772312.0 宝利国际
300164 8.15 1577072.5 通源石油
300172 5.98 824655.12 中电环保
300274 126.9 281606.97 阳光电源
300407 9.34 160134.12 凯发电气
300564 26.62 36507.42 筑博设计
300948 22.35 85691.47 冠中生态
301027 23.11 107780.8 华蓝集团
301072 37.72 61078.82 中捷精工
600096 23.92 1489075.0 云天化
600199 24.56 918132.44 金种子酒
600927 26.45 331623.59 永安期货
600992 14.25 260035.61 贵绳股份
