000539 4.4 581975.81 粤电力A
000591 8.91 2753775.75 太阳能
000767 3.97 591799.94 晋控电力
000807 10.04 1276395.0 云铝股份
000868 6.08 706075.06 安凯客车
000899 12.93 1202420.5 赣能股份
002054 8.43 119337.12 德美化工
002063 6.84 529474.25 远光软件
002090 13.8 812426.94 金智科技
002100 12.13 453150.62 天康生物
002157 6.07 690383.44 正邦科技
002234 16.41 124238.56 民和股份
002272 6.56 865693.69 川润股份
002452 7.93 444732.47 长高电新
002518 35.51 198418.59 科士达
002520 7.39 948596.0 日发精机
002540 6.81 290001.0 亚太科技
002559 8.68 410580.25 亚威股份
002577 12.64 94305.54 雷柏科技
002581 18.3 167272.95 未名医药
002662 4.1 498976.56 京威股份
002714 59.6 452056.28 牧原股份
002725 11.31 359850.91 跃岭股份
002747 28.3 447362.91 埃斯顿
002842 9.31 71698.23 翔鹭钨业
002970 27.9 26454.78 锐明技术
300020 7.73 332689.31 银江技术
300054 20.98 182182.27 鼎龙股份
300223 88.88 112283.09 北京君正
300270 6.67 150737.84 中威电子
300300 4.4 312434.12 海峡创新
300345 7.94 109402.0 华民股份
300389 12.66 81045.69 艾比森
300415 24.36 318355.38 伊之密
300449 6.38 168370.8 汉邦高科
300537 12.84 107060.61 广信材料
300670 8.42 79057.5 大烨智能
300682 30.7 117269.03 朗新科技
300693 37.72 185722.0 盛弘股份
300731 24.83 131156.44 科创新源
300830 8.98 169521.44 金现代
300856 46.4 31791.78 科思股份
300880 17.97 64116.75 迦南智能
300931 8.59 110898.29 通用电梯
300984 29.62 22535.97 金沃股份
301030 23.58 54730.77 仕净科技
301180 23.44 102045.4 万祥科技
301188 17.64 57921.49 力诺特玻
301199 31.92 80300.84 迈赫股份
600010 2.26 8330398.5 包钢股份
600081 13.17 219428.67 东风科技
600107 6.49 163284.81 美尔雅
600212 6.61 884770.38 绿能慧充
600220 3.31 813005.12 江苏阳光
600277 4.95 1111086.0 亿利洁能
600476 14.23 151733.7 湘邮科技
600592 8.76 271102.72 龙溪股份
600847 19.18 37370.66 万里股份
