000008 2.4 647053.81 神州高铁
000153 8.58 77249.0 丰原药业
000513 33.71 170439.2 丽珠集团
000529 6.86 370547.62 广弘控股
000586 8.48 41633.0 汇源通信
000590 8.66 34546.85 启迪药业
000650 6.01 358480.81 仁和药业
000716 5.01 1451178.12 黑芝麻
000739 20.86 450718.81 普洛药业
000753 4.05 225163.44 漳州发展
000766 5.08 111870.94 通化金马
000833 7.12 153638.81 粤桂股份
000838 5.21 365832.0 财信发展
000922 9.19 86488.6 佳电股份
000963 45.9 258198.28 华东医药
002003 12.15 98953.58 伟星股份
002082 9.37 69400.28 万邦德
002084 5.24 1601663.62 海鸥住工
002107 6.21 75934.34 沃华医药
002166 11.16 334235.88 莱茵生物
002169 9.68 747005.75 智光电气
002209 8.25 50102.0 达意隆
002227 13.32 36030.2 奥特迅
002245 15.25 369120.19 蔚蓝锂芯
002276 9.61 257256.16 万马股份
002300 8.5 256169.23 太阳电缆
002307 5.17 359158.19 北新路桥
002370 5.06 209375.05 亚太药业
002382 8.83 382685.56 蓝帆医疗
002389 23.43 674410.56 航天彩虹
002412 6.23 180383.59 汉森制药
002424 6.86 248556.64 贵州百灵
002452 7.94 186396.8 长高电新
002478 5.84 310787.47 常宝股份
002487 48.83 195946.77 大金重工
002492 5.72 173355.0 恒基达鑫
002543 13.41 491084.44 万和电气
002550 5.93 290854.59 千红制药
002566 8.35 111708.24 益盛药业
002580 10.66 642945.94 圣阳股份
002694 5.1 65673.91 顾地科技
002726 9.67 142163.47 龙大美食
002729 32.78 21314.26 好利科技
002733 18.79 152966.61 雄韬股份
002823 11.33 300886.81 凯中精密
002826 10.25 31367.2 易明医药
002843 20.86 97412.58 泰嘉股份
002879 15.22 35900.4 长缆科技
002898 11.16 36459.67 赛隆药业
002917 11.15 228088.0 金奥博
002929 35.78 17328.2 润建股份
002950 13.0 91350.66 奥美医疗
300034 56.7 45349.55 钢研高纳
300039 5.73 380512.47 上海凯宝
300062 6.55 254121.45 中能电气
300086 5.87 137026.73 康芝药业
300105 6.6 216781.88 龙源技术
300147 5.34 161682.3 香雪制药
300158 5.38 380433.62 振东制药
300171 28.44 297796.41 东富龙
300181 10.01 252875.5 佐力药业
300257 20.97 110726.23 开山股份
300412 6.68 233630.62 迦南科技
300430 13.57 133201.02 诚益通
300436 33.17 28493.77 广生堂
300443 46.48 80248.35 金雷股份
300485 12.07 94031.75 赛升药业
300487 77.4 21884.67 蓝晓科技
300497 12.95 117648.14 富祥药业
300499 10.8 156946.98 高澜股份
300510 4.75 197767.31 金冠股份
300575 21.05 53493.46 中旗股份
300584 26.13 45057.0 海辰药业
300593 48.93 33195.7 新雷能
300594 16.86 23162.76 朗进科技
300595 45.72 200372.8 欧普康视
300601 33.11 154004.91 康泰生物
300615 12.47 29514.7 欣天科技
300677 22.35 223946.0 英科医疗
300702 24.5 36828.68 天宇股份
300705 25.56 82697.52 九典制药
300709 30.1 36167.21 精研科技
300785 35.08 104814.16 值得买
300786 14.19 52944.8 国林科技
300787 33.57 27672.8 海能实业
300796 19.47 62260.8 贝斯美
300811 100.61 8806.34 铂科新材
300902 32.76 28488.35 国安达
300933 8.35 46253.58 中辰股份
300937 27.05 25399.35 药易购
300939 33.67 26832.85 秋田微
300982 52.4 23873.71 苏文电能
301001 22.9 26278.52 凯淳股份
301039 8.16 207291.27 中集车辆
301046 30.55 38700.01 能辉科技
301057 18.68 21610.16 汇隆新材
301067 42.25 10163.08 显盈科技
301075 23.94 9977.36 多瑞医药
301082 18.3 30621.94 久盛电气
301085 28.78 14262.62 亚康股份
301089 78.0 44616.52 拓新药业
301103 29.85 35067.37 何氏眼科
301111 22.72 51199.72 粤万年青
301116 16.62 60945.23 益客食品
301120 22.06 77349.53 新特电气
301130 33.23 23449.73 西点药业
301152 55.64 67401.2 天力锂能
301155 109.2 37364.9 海力风电
301179 41.7 12995.18 泽宇智能
301207 50.01 28871.84 华兰疫苗
301229 32.58 24639.73 纽泰格
301283 55.25 20662.69 聚胶股份
600085 52.5 146789.41 同仁堂
600119 6.25 42328.0 长江投资
600193 5.64 90575.0 创兴资源
600267 11.32 169218.59 海正药业
600285 13.56 254741.67 羚锐制药
600379 10.85 117612.67 宝光股份
600422 12.76 165695.91 昆药集团
600479 10.0 116402.7 千金药业
600580 13.12 321165.81 卧龙电驱
600594 5.52 174910.77 益佰制药
600645 18.09 63034.66 中源协和
600771 29.56 143505.97 广誉远
600818 29.77 62963.69 中路股份
600861 16.69 56720.56 北京城乡
600869 6.88 1048554.44 远东股份
600993 23.21 96027.88 马应龙
