000032 14.83 66127.73 深桑达A
000035 5.24 661006.94 中国天楹
000607 4.48 144891.7 华媒控股
000815 8.58 553173.69 美利云
000820 5.38 718105.94 神雾节能
002020 14.0 922964.31 京新药业
002094 3.65 677620.0 青岛金王
002139 11.25 574747.69 拓邦股份
002180 52.03 128716.13 纳思达
002188 6.37 458358.62 中天服务
002248 9.37 999953.75 华东数控
002323 3.77 446827.91 雅博股份
002444 22.05 549999.69 巨星科技
002468 14.3 323781.5 申通快递
002609 7.48 64044.74 捷顺科技
002922 17.38 191729.0 伊戈尔
002960 27.62 60844.71 青鸟消防
002978 35.56 22972.92 安宁股份
300014 96.22 379993.84 亿纬锂能
300123 5.96 244238.59 亚光科技
300207 26.14 428855.19 欣旺达
300260 91.6 52124.01 新莱应材
300410 10.35 145199.08 正业科技
300438 77.65 250926.08 鹏辉能源
300473 17.3 50632.86 德尔股份
300484 11.9 88171.0 蓝海华腾
300568 21.69 554528.31 星源材质
300670 7.73 93657.68 大烨智能
300680 31.3 50556.24 隆盛科技
300715 14.28 32102.82 凯伦股份
300724 129.3 102453.9 捷佳伟创
300769 292.86 34613.21 德方纳米
300813 40.53 51473.23 泰林生物
301016 20.19 25758.63 雷尔伟
301266 66.62 20796.04 宇邦新材
301288 18.44 32444.8 清研环境
301328 66.7 33747.5 维峰电子
600039 10.94 491249.22 四川路桥
600160 15.82 508343.56 巨化股份
600212 8.25 247137.8 绿能慧充
600348 20.3 823328.06 华阳股份
600537 6.94 1546909.5 亿晶光电
600973 5.58 410909.88 宝胜股份
