000065 9.14 496809.38 北方国际
000078 3.28 287925.25 海王生物
000408 38.44 249774.0 藏格矿业
000422 21.5 745489.06 湖北宜化
000520 4.23 1034032.5 长航凤凰
000539 5.47 870485.94 粤电力A
000545 3.91 419186.31 金浦钛业
000555 14.93 221078.72 神州信息
000572 5.38 291603.97 海马汽车
000762 50.5 432061.88 西藏矿业
000838 7.4 399132.31 财信发展
000862 9.43 1246744.5 银星能源
000915 35.78 27503.14 华特达因
000962 11.6 129596.18 东方钽业
000973 4.9 215423.08 佛塑科技
002009 19.89 146730.61 天奇股份
002011 11.96 220540.08 盾安环境
002030 18.57 380822.41 达安基因
002094 4.04 192476.94 青岛金王
002099 6.7 185523.12 海翔药业
002132 5.92 519899.38 恒星科技
002145 11.18 331600.88 中核钛白
002160 4.91 385998.84 常铝股份
002196 12.33 149285.11 方正电机
002212 14.7 209046.28 天融信
002240 58.67 341593.44 盛新锂能
002254 19.68 101730.14 泰和新材
002317 11.38 412044.84 众生药业
002337 4.18 131429.5 赛象科技
002386 12.18 327279.81 天原股份
002423 8.78 221702.2 中粮资本
002428 13.78 328826.72 云南锗业
002466 100.38 451163.59 天齐锂业
002478 4.53 74278.38 常宝股份
002488 7.48 172533.06 金固股份
002497 36.35 1617057.75 雅化集团
002541 49.0 53686.67 鸿路钢构
002547 4.09 347683.81 春兴精工
002550 5.44 469348.75 千红制药
002584 9.96 873921.62 西陇科学
002623 30.39 43181.36 亚玛顿
002657 14.24 287884.44 中科金财
002658 9.15 185780.16 雪迪龙
002691 5.16 83072.9 冀凯股份
002709 106.19 213029.3 天赐材料
002813 28.25 72503.74 路畅科技
002816 18.88 57080.36 和科达
002850 157.68 22431.47 科达利
002878 22.51 190941.84 元隆雅图
002895 26.63 132922.95 川恒股份
002908 19.8 152977.02 德生科技
002932 80.2 63276.6 明德生物
002978 44.83 34875.17 安宁股份
002981 23.85 30645.79 朝阳科技
002997 18.82 73053.51 瑞鹄模具
300004 6.64 115756.0 南风股份
300012 20.81 212902.81 华测检测
300031 19.73 162150.2 宝通科技
300047 10.02 788667.94 天源迪科
300079 7.36 461398.72 数码视讯
300151 30.46 59267.76 昌红科技
300181 10.64 552234.31 佐力药业
300208 13.17 431121.59 青岛中程
300308 38.45 108066.2 中际旭创
300352 5.58 447764.72 北信源
300389 11.52 77750.57 艾比森
300409 24.6 267972.47 道氏技术
300428 24.1 121126.18 立中集团
300439 16.21 265278.88 美康生物
300489 22.57 21429.5 光智科技
300501 19.06 37905.53 海顺新材
300534 13.14 695701.94 陇神戎发
300568 37.96 183390.73 星源材质
300569 14.72 143428.59 天能重工
300579 43.72 77797.38 数字认证
300612 18.56 100039.68 宣亚国际
300618 80.05 115232.05 寒锐钴业
300653 69.56 19862.93 正海生物
300683 53.37 19210.75 海特生物
300686 13.94 32304.47 智动力
300687 28.38 38824.95 赛意信息
300709 53.44 46050.7 精研科技
300726 83.5 37707.01 宏达电子
300767 82.8 13331.04 震安科技
300776 223.75 15411.25 帝尔激光
300777 54.05 83012.25 中简科技
300778 22.35 82069.45 新城市
300790 32.76 22313.0 宇瞳光学
300820 79.5 14417.0 英杰电气
300855 58.52 19805.21 图南股份
300867 31.23 70951.57 圣元环保
300887 63.62 15341.16 谱尼测试
300890 60.1 33525.88 翔丰华
300891 15.71 176662.36 惠云钛业
300919 135.6 72372.81 中伟股份
300981 74.49 12343.44 中红医疗
300998 32.0 44879.06 宁波方正
301015 25.15 29141.61 百洋医药
301060 28.9 74787.54 兰卫医学
301065 46.82 11674.99 本立科技
301096 79.32 20428.25 百诚医药
301116 21.53 58680.83 益客食品
301199 30.35 19381.06 迈赫股份
301217 18.97 231748.62 铜冠铜箔
600017 3.0 696026.56 日照港
600053 17.96 60334.22 九鼎投资
600056 11.01 111623.52 中国医药
600096 25.85 1516568.5 云天化
600114 10.85 149969.16 东睦股份
600116 12.6 380506.66 三峡水利
600131 19.35 119235.84 国网信通
600152 7.2 298440.06 维科技术
600235 6.68 453198.06 民丰特纸
600250 5.74 144825.94 南纺股份
600283 13.3 62290.0 钱江水利
600379 13.47 163342.83 宝光股份
600419 13.08 57519.7 天润乳业
600428 4.86 461142.22 中远海特
600452 16.61 159394.31 涪陵电力
600456 56.45 104633.63 宝钛股份
600513 9.03 65515.67 联环药业
600559 24.07 226701.12 老白干酒
600566 25.11 181484.41 济川药业
600610 14.32 144683.02 中毅达
600638 5.56 95876.87 新黄浦
600692 6.67 146595.61 亚通股份
600717 4.43 321798.06 天津港
600727 10.43 149486.27 鲁北化工
600732 20.23 237419.86 爱旭股份
600751 3.06 502467.47 海航科技
600765 48.07 163122.92 中航重机
600773 24.1 376217.75 西藏城投
600874 7.07 116568.53 创业环保
600905 7.13 5808734.5 三峡能源
