000032 23.82 63822.51 深桑达A 2.98
000851 6.73 1380483.88 高鸿股份 6.83
000899 5.33 64481.13 赣能股份 0.57
000937 7.07 1688870.12 冀中能源 6.8
002063 8.78 377971.38 远光软件 4.4
002125 12.58 463311.28 湘潭电化 5.36
002279 5.34 247630.62 久其软件 3.09
002331 8.76 84212.53 皖通科技 3.92
002544 26.16 183465.69 普天科技 4.6
002584 9.24 879290.38 西陇科学 7.19
002838 15.88 63172.84 道恩股份 3.72
300074 4.41 389630.47 华平股份 4.75
300102 8.63 390098.0 乾照光电 3.73
300208 11.33 201391.84 青岛中程 6.38
300270 6.98 226055.52 中威电子 7.05
300436 38.55 103433.02 广生堂 7.47
300444 5.96 248589.2 双杰电气 4.38
300597 10.17 132331.69 吉大通信 3.14
300650 27.82 114217.4 太龙股份 1.46
300730 19.81 230080.12 科创信息 3.18
300872 39.16 137740.16 天阳科技 2.19
301026 59.5 10519.77 浩通科技 0.86
600348 12.35 446704.47 华阳股份 2.49
600476 13.62 80600.11 湘邮科技 3.73
600487 15.08 579998.94 亨通光电 2.87
