000034 19.1 574407.75 神州数码
000409 6.97 298601.75 云鼎科技
000603 13.48 224122.31 盛达资源
000659 4.22 242378.41 珠海中富
000737 7.68 86980.88 北方铜业
000776 23.04 1377684.75 广发证券
000791 6.45 466520.81 甘肃电投
000816 3.88 439451.44 智慧农业
002238 7.4 486725.12 天威视讯
002292 6.81 752580.31 奥飞娱乐
002567 8.26 556077.5 唐人神
002676 4.61 179362.14 顺威股份
002791 177.35 25690.38 坚朗五金
300229 11.93 271559.0 拓尔思
300244 34.69 145502.8 迪安诊断
300329 10.66 249488.84 海伦钢琴
300368 12.13 772394.94 汇金股份
300380 19.57 116219.55 安硕信息
300663 25.79 674211.12 科蓝软件
300766 18.03 475083.97 每日互动
300819 26.07 38338.94 聚杰微纤
301073 44.91 16993.59 君亭酒店
301211 34.86 122748.43 亨迪药业
600009 51.05 194413.06 上海机场
600126 5.78 750107.31 杭钢股份
600258 26.7 142509.81 首旅酒店
600285 14.97 156331.84 羚锐制药
600446 15.53 507854.59 金证股份
600721 7.42 39822.01 百花医药
600906 12.05 362235.12 财达证券
