000066 11.09 869661.62 中国长城 1.56
000552 4.65 1671149.0 靖远煤电 5.68
000601 5.68 502083.84 韶能股份 6.57
000799 169.37 100795.74 酒鬼酒 2.0
000913 16.68 123178.87 钱江摩托 4.91
002121 7.69 2656070.25 科陆电子 3.08
002240 57.51 756882.0 盛新锂能 3.31
002390 5.52 692252.81 信邦制药 4.54
002567 7.95 652260.75 唐人神 1.66
002665 3.37 2017612.0 首航高科 5.64
002728 14.29 185248.0 特一药业 4.61
002817 7.05 145203.69 黄山胶囊 3.83
002900 12.57 51621.0 哈三联 0.16
300010 3.37 1008580.31 豆神教育 4.33
300147 5.91 530246.19 香雪制药 5.35
300164 5.08 569872.81 通源石油 1.6
300172 5.16 577322.12 中电环保 5.74
300315 3.65 1481725.88 掌趣科技 6.11
300401 15.61 454008.28 花园生物 5.12
300483 14.85 158073.95 首华燃气 0.81
300505 26.64 303525.84 川金诺 4.59
300759 134.0 89368.28 康龙化成 5.1
600276 32.09 1184831.38 恒瑞医药 2.89
600529 27.32 211830.27 山东药玻 3.33
600546 19.69 854175.44 山煤国际 4.51
600661 10.18 281726.88 昂立教育 5.27
600693 4.66 510263.19 东百集团 2.64
600744 5.33 1001484.62 华银电力 4.71
600756 14.51 374189.31 浪潮软件 0.07
600779 81.31 122618.44 水井坊 5.04
