000089 7.15 408493.16 深圳机场 4.84
000426 7.08 452125.28 兴业矿业 3.81
000550 17.75 263871.41 江铃汽车 1.02
000723 12.7 1587873.62 美锦能源 0.79
000792 31.48 2092346.75 盐湖股份 5.0
000837 8.87 520101.12 秦川机床 5.09
000859 6.55 386751.69 国风新材 4.47
000967 5.25 396814.38 盈峰环境 6.49
002064 8.19 267687.84 华峰化学 0.99
002148 4.92 131384.41 北纬科技 2.71
002154 4.28 439891.03 报喜鸟 2.64
002184 12.35 194658.64 海得控制 4.75
002186 8.9 92795.01 全聚德 4.46
002306 3.3 304761.38 中科云网 4.76
002361 4.25 279341.56 神剑股份 5.2
002386 11.14 327278.69 天原股份 4.21
002459 81.8 183724.59 晶澳科技 3.49
002584 8.14 384802.47 西陇科学 1.24
002597 42.38 84990.68 金禾实业 4.88
002611 4.82 422862.0 东方精工 4.78
002620 6.03 223049.05 瑞和股份 1.34
002685 3.84 604441.81 华东重机 4.07
002877 6.79 115790.98 智能自控 3.66
002886 22.52 131751.69 沃特股份 4.74
002903 16.04 123808.64 宇环数控 4.63
300025 5.17 162673.8 华星创业 3.61
300143 10.78 108434.41 盈康生命 5.17
300171 34.26 116117.27 东富龙 5.48
300222 8.54 469988.91 科大智能 4.4
300261 14.9 852990.81 雅本化学 3.47
300275 13.87 68903.0 梅安森 3.12
300405 6.12 129160.6 科隆股份 5.16
300437 24.87 286251.25 清水源 3.11
300624 32.7 39291.2 万兴科技 4.14
300655 20.0 386678.53 晶瑞电材 6.89
300661 182.08 39678.2 圣邦股份 3.07
300672 78.71 73725.74 国科微 1.82
300701 10.23 86990.77 森霸传感 1.69
300802 32.5 68503.36 矩子科技 5.11
300809 39.84 102528.0 华辰装备 7.97
300844 29.39 11007.13 山水比德 2.83
300888 66.52 31195.7 稳健医疗 2.4
300964 33.55 17194.72 本川智能 3.87
300971 26.49 28731.44 博亚精工 5.71
301011 31.9 15755.24 华立科技 2.11
301091 22.31 64812.56 深城交 6.24
301135 27.61 67533.94 瑞德智能 2.22
301256 11.18 379402.69 华融化学 4.0
600029 7.34 744183.12 南方航空 4.11
600171 25.44 930515.56 上海贝岭 6.31
600234 9.43 22082.01 科新发展 6.79
600243 4.57 300096.0 青海华鼎 1.56
600258 25.5 185986.31 首旅酒店 5.16
600312 8.36 468472.28 平高电气 3.21
600319 5.96 86824.89 亚星化学 2.06
600584 26.7 592445.5 长电科技 3.49
600662 6.78 162880.48 外服控股 2.11
600715 2.36 415129.06 文投控股 3.06
600884 31.8 1081255.88 杉杉股份 6.14
600980 16.8 67207.0 北矿科技 3.64
600985 14.64 249809.88 淮北矿业 2.81
