000008 2.56 1139789.12 神州高铁 4.92
000036 4.23 315925.69 华联控股 2.92
000430 6.26 190053.41 张家界 2.12
000703 10.42 602551.81 恒逸石化 6.65
000777 11.17 175615.08 中核科技 5.48
000785 4.44 223139.5 居然之家 3.5
000915 42.8 63000.12 华特达因 5.29
000928 6.3 289729.72 中钢国际 3.28
000978 6.42 355136.59 桂林旅游 3.55
002037 10.12 597353.0 保利联合 5.42
002045 8.45 158863.27 国光电器 3.43
002190 26.9 146716.55 成飞集成 5.28
002205 13.61 491125.84 国统股份 7.17
002246 9.68 652019.5 北化股份 4.76
002338 17.31 50058.01 奥普光电 3.96
002523 2.76 635131.25 天桥起重 2.22
002552 13.38 38989.0 宝鼎科技 4.61
002632 5.99 39616.19 道明光学 2.57
002678 5.95 45699.35 珠江钢琴 3.3
002789 17.96 298032.41 建艺集团 4.12
002967 16.96 53163.0 广电计量 5.28
300105 5.78 260475.7 龙源技术 5.86
300678 16.96 75596.44 中科信息 4.5
300797 13.66 51355.0 钢研纳克 5.56
301048 11.75 162525.47 金鹰重工 5.76
301062 11.58 26460.98 上海艾录 2.75
301129 58.71 12150.21 瑞纳智能 3.36
600063 7.41 1271136.25 皖维高新 5.56
600088 9.08 75991.51 中视传媒 6.08
600125 5.42 368102.78 铁龙物流 2.26
600148 17.5 111537.32 长春一东 7.63
600218 9.83 363883.06 全柴动力 4.57
600278 8.29 264919.81 东方创业 2.85
600287 5.24 171266.2 江苏舜天 6.94
600343 11.03 310467.03 航天动力 6.06
600361 6.09 62953.0 创新新材 2.35
600463 8.52 121550.0 空港股份 3.4
600505 8.72 182679.0 西昌电力 4.81
600579 6.61 162787.94 克劳斯 5.25
600787 6.08 744634.06 中储股份 1.33
600825 4.17 298142.12 新华传媒 0.24
600830 6.16 238478.5 香溢融通 2.84
600838 9.2 677910.56 上海九百 5.38
600855 12.03 201821.39 航天长峰 2.38
