000011 11.67 159585.09 深物业A
000032 26.91 409510.69 深桑达A
000045 11.17 124519.32 深纺织A
000419 6.39 393994.59 通程控股
000514 4.54 195690.0 渝开发
000524 12.01 99881.94 岭南控股
000550 15.62 85002.71 江铃汽车
000554 6.0 140137.0 泰山石油
000573 4.2 483792.75 粤宏远A
000625 13.77 1750671.0 长安汽车
000629 5.83 2424775.75 钒钛股份
000651 36.14 813049.75 格力电器
000657 15.76 109734.22 中钨高新
000695 14.66 55359.0 滨海能源
000736 17.33 471324.75 中交地产
000751 3.46 235110.3 锌业股份
000767 3.43 397900.53 晋控电力
000779 11.76 121826.83 甘咨询
000800 8.82 294297.84 一汽解放
000819 23.86 60375.23 岳阳兴长
000831 41.84 449782.44 中国稀土
000936 6.3 663635.94 华西股份
000949 3.82 340731.75 新乡化纤
002010 6.22 560823.94 传化智联
002056 22.1 185915.92 横店东磁
002090 14.0 181540.0 金智科技
002095 21.8 154038.12 生意宝
002101 24.2 211580.58 广东鸿图
002117 10.28 644385.25 东港股份
002128 13.52 383936.56 电投能源
002140 11.1 171733.64 东华科技
002209 11.64 175550.0 达意隆
002266 4.2 356699.28 浙富控股
002279 8.86 968310.62 久其软件
002314 3.8 716703.06 南山控股
002332 13.12 287632.09 仙琚制药
002350 8.29 298322.03 北京科锐
002383 8.02 308234.84 合众思壮
002434 9.79 187516.8 万里扬
002440 7.98 132548.06 闰土股份
002446 10.2 315541.03 盛路通信
002451 7.05 193406.56 摩恩电气
002487 43.23 202613.23 大金重工
002530 8.49 760999.19 金财互联
002537 8.27 595313.5 海联金汇
002544 21.84 148706.38 普天科技
002553 13.67 265876.12 南方精工
002590 9.3 80764.0 万安科技
002606 10.56 169311.28 大连电瓷
002623 36.96 188705.77 亚玛顿
002642 9.12 769515.69 荣联科技
002649 14.92 593804.88 博彦科技
002705 20.69 234725.41 新宝股份
002716 3.22 721876.38 金贵银业
002766 6.1 352622.84 索菱股份
002777 19.22 369447.03 久远银海
002783 9.87 94370.74 凯龙股份
002789 16.0 37115.52 建艺集团
002798 8.88 92787.36 帝欧家居
002829 39.31 29596.46 星网宇达
002833 16.63 138821.72 弘亚数控
002841 71.4 60556.29 视源股份
002866 41.06 129731.42 传艺科技
002886 19.19 55227.45 沃特股份
002978 39.52 34257.05 安宁股份
002982 48.27 51415.15 湘佳股份
002985 47.98 34464.05 北摩高科
300007 20.0 106553.63 汉威科技
300009 11.61 150846.98 安科生物
300042 16.3 193284.8 朗科科技
300053 8.69 318036.06 欧比特
300058 6.2 1855914.75 蓝色光标
300068 26.75 469970.72 南都电源
300109 27.06 48474.43 新开源
300112 10.95 83713.85 万讯自控
300170 11.65 888673.12 汉得信息
300208 11.04 98405.0 青岛中程
300212 25.57 364325.75 易华录
300271 9.71 486267.59 华宇软件
300288 14.26 553628.5 朗玛信息
300290 5.1 214422.44 荣科科技
300292 3.69 893255.06 吴通控股
300344 5.8 561974.19 立方数科
300349 11.8 39330.95 金卡智能
300364 13.24 985869.62 中文在线
300386 11.15 131179.91 飞天诚信
300403 8.13 356874.0 汉宇集团
300407 8.99 106883.8 凯发电气
300409 16.94 194849.45 道氏技术
300430 15.95 40199.95 诚益通
300442 55.53 46327.86 润泽科技
300447 17.91 92784.16 全信股份
300451 9.01 698912.56 创业慧康
300490 17.09 211125.36 华自科技
300503 9.63 104221.0 昊志机电
300546 26.3 96391.62 雄帝科技
300567 63.96 47312.08 精测电子
300610 14.23 47885.99 晨化股份
300620 42.28 29019.68 光库科技
300644 17.02 16977.9 南京聚隆
300645 29.5 28547.31 正元智慧
300668 22.55 17110.03 杰恩设计
300710 27.47 25088.58 万隆光电
300762 13.56 80453.86 上海瀚讯
300772 16.16 145446.59 运达股份
300787 36.53 127913.12 海能实业
300821 13.22 138088.08 东岳硅材
300836 24.75 15506.58 佰奥智能
300837 45.74 9733.0 浙矿股份
300842 49.4 24432.04 帝科股份
300859 30.1 35917.35 西域旅游
300928 40.65 15286.58 华安鑫创
300930 33.47 56651.41 屹通新材
300932 18.05 38653.19 三友联众
300936 28.88 18391.0 中英科技
300948 14.86 98540.52 冠中生态
300964 30.5 9755.24 本川智能
300978 13.15 24604.0 东箭科技
300994 26.24 39572.35 久祺股份
301006 21.75 17070.99 迈拓股份
301012 40.99 21703.57 扬电科技
301081 13.19 26911.98 严牌股份
301117 85.2 14687.75 佳缘科技
301119 30.77 10380.06 正强股份
301122 57.3 9540.8 采纳股份
301185 19.65 29705.16 鸥玛软件
301195 81.6 6759.35 北路智控
301197 22.61 13266.26 工大科雅
301219 73.7 29147.48 腾远钴业
301233 45.64 27247.13 盛帮股份
301270 39.03 45003.14 汉仪股份
301328 101.5 7997.4 维峰电子
600006 6.12 264284.62 东风汽车
600010 2.1 6313694.5 包钢股份
600060 16.34 146926.47 海信视像
600079 25.71 263600.31 人福医药
600089 21.7 914694.56 特变电工
600096 23.61 935431.31 云天化
600111 29.79 1188100.12 北方稀土
600113 8.33 251398.47 浙江东日
600123 13.95 256716.62 兰花科创
600141 32.69 413347.91 兴发集团
600184 13.42 84401.39 光电股份
600211 47.39 89986.57 西藏药业
600243 4.62 342422.12 青海华鼎
600281 4.89 116061.35 华阳新材
600301 19.67 205572.44 南化股份
600328 15.75 177852.05 中盐化工
600380 12.78 540910.12 健康元
600390 5.42 535243.69 五矿资本
600392 16.33 371465.0 盛和资源
600419 17.7 47733.0 天润乳业
600438 41.78 1244099.25 通威股份
600480 8.74 96324.84 凌云股份
600481 13.06 696545.38 双良节能
600490 3.32 412270.81 鹏欣资源
600502 5.45 597097.5 安徽建工
600507 6.43 489124.28 方大特钢
600509 6.76 141678.0 天富能源
600511 31.53 125372.94 国药股份
600516 6.83 820798.69 方大炭素
600537 8.86 559075.19 亿晶光电
600572 5.25 810581.69 康恩贝
600576 7.48 85747.36 祥源文旅
600580 13.6 195801.81 卧龙电驱
600581 4.68 849339.38 八一钢铁
600602 9.85 799910.25 云赛智联
600615 9.71 19921.01 丰华股份
600657 5.47 399917.25 信达地产
600686 6.68 194265.98 金龙汽车
600711 6.5 1064577.25 盛屯矿业
600730 6.86 198756.94 中国高科
600775 11.15 164167.73 南京熊猫
600814 7.8 142808.11 杭州解百
600861 24.5 57142.63 北京城乡
600966 8.62 141479.77 博汇纸业
