002227 15.24 176443.94 奥特迅 2.21
002362 36.25 723046.38 汉王科技 3.1
002519 5.65 733648.62 银河电子 4.82
002827 11.35 176988.52 高争民爆 3.75
300001 19.26 382812.25 特锐德 4.11
300039 8.25 1591022.88 上海凯宝 7.42
300062 7.16 487934.62 中能电气 2.73
300141 10.3 112820.31 和顺电气 3.0
300398 20.86 249755.09 飞凯材料 3.27
300632 14.15 76991.6 光莆股份 1.43
300724 130.95 163852.98 捷佳伟创 6.05
300811 94.38 36960.25 铂科新材 3.16
300826 14.17 65299.22 测绘股份 4.58
300981 23.08 68338.27 中红医疗 3.45
301111 23.3 71002.67 粤万年青 2.92
301130 32.2 17060.11 西点药业 2.29
301133 27.4 30314.5 金钟股份 4.18
600351 6.37 189877.41 亚宝药业 0.63
600362 20.04 469410.44 江西铜业 2.72
600422 17.21 117927.4 昆药集团 1.83
600498 16.7 414040.72 烽火通信 6.17
