000715 6.59 249689.12 中兴商业 0.77
002043 14.97 944806.94 兔宝宝 6.17
002078 12.35 406811.97 太阳纸业 1.81
002198 7.94 211312.22 嘉应制药 5.73
002562 5.87 1129094.12 兄弟科技 7.31
002596 3.62 533087.06 海南瑞泽 1.97
002861 12.61 112777.6 瀛通通讯 1.69
002942 20.05 54792.61 新农股份 4.86
300084 6.38 263691.69 海默科技 2.41
300250 20.3 641049.25 初灵信息 3.25
300401 15.89 212439.42 花园生物 2.58
300500 17.94 99606.16 启迪设计 1.82
300518 45.43 26749.4 盛讯达 4.13
300616 25.1 82245.99 尚品宅配 3.72
300682 29.24 195244.64 朗新科技 0.55
300779 44.75 45404.6 惠城环保 5.84
300795 56.12 13940.64 米奥会展 2.04
300915 46.59 13317.88 海融科技 2.62
301020 21.73 50017.72 密封科技 7.04
301038 16.55 27902.38 深水规院 0.98
301120 25.35 204346.95 新特电气 7.64
600189 7.08 147550.09 泉阳泉 1.72
600200 8.94 427988.84 江苏吴中 1.36
600305 13.02 332014.78 恒顺醋业 3.33
600827 12.04 179145.28 百联股份 1.6
