000034 25.81 265584.31 神州数码
000045 11.95 248095.42 深纺织A
000711 3.03 1876312.38 京蓝科技
000722 14.5 332685.25 湖南发展
000909 10.66 923048.31 数源科技
000977 25.25 855326.94 浪潮信息
002028 44.69 96818.11 思源电气
002063 8.93 489258.31 远光软件
002181 5.62 527240.88 粤传媒
002229 8.14 493536.56 鸿博股份
002241 22.76 3559758.5 歌尔股份
002246 11.29 443825.47 北化股份
002281 19.92 297533.75 光迅科技
002406 5.72 788315.44 远东传动
002439 31.08 161704.34 启明星辰
002492 7.1 200330.0 恒基达鑫
002517 8.85 847896.38 恺英网络
002527 7.86 435199.41 新时达
002546 4.27 290079.44 新联电子
002555 22.67 500224.56 三七互娱
002625 18.73 399111.91 光启技术
002642 9.65 2288655.75 荣联科技
002649 12.6 335280.09 博彦科技
002789 17.09 189306.16 建艺集团
002792 12.54 110382.79 通宇通讯
002862 16.87 74144.0 实丰文化
002869 26.08 105718.38 金溢科技
002870 32.18 46834.88 香山股份
002877 12.1 862934.94 智能自控
002935 28.67 52016.12 天奥电子
002987 32.85 236470.23 京北方
300002 5.49 1471676.5 神州泰岳
300047 7.9 1090214.88 天源迪科
300075 21.0 430839.91 数字政通
300081 8.27 845080.38 恒信东方
300115 13.28 353750.25 长盈精密
300166 9.42 971474.81 东方国信
300182 5.23 1878453.12 捷成股份
300226 34.59 97708.92 上海钢联
300235 12.95 131640.02 方直科技
300245 10.15 486789.31 天玑科技
300287 4.12 1018560.0 飞利信
300334 6.86 37167.0 津膜科技
300352 5.06 1045412.88 北信源
300364 12.16 858111.94 中文在线
300366 12.43 807597.19 创意信息
300383 9.87 754945.06 光环新网
300396 29.91 43245.28 迪瑞医疗
300418 19.61 979970.81 昆仑万维
300428 31.1 190814.2 立中集团
300459 3.68 2728539.25 汤姆猫
300465 10.66 365552.41 高伟达
300502 27.24 279648.81 新易盛
300514 12.22 167643.0 友讯达
300541 13.49 209553.56 先进数通
300542 13.65 132199.7 新晨科技
300557 34.85 14706.0 理工光科
300578 19.09 143262.95 会畅通讯
300588 11.06 119589.2 熙菱信息
300608 10.7 334003.31 思特奇
300624 42.19 131935.06 万兴科技
300674 16.91 254724.16 宇信科技
300678 21.25 243016.23 中科信息
300687 36.66 144829.89 赛意信息
300710 28.31 39998.75 万隆光电
300730 14.47 358928.38 科创信息
300766 12.69 209712.0 每日互动
300773 19.09 587989.62 拉卡拉
300781 21.75 76175.4 因赛集团
300807 25.49 37417.77 天迈科技
300820 97.43 62226.92 英杰电气
300830 9.3 117551.0 金现代
300832 62.58 80746.84 新产业
300843 21.31 55688.11 胜蓝股份
300847 22.3 197777.36 中船汉光
300882 18.0 66226.79 万胜智能
300935 30.17 26108.19 盈建科
300970 20.45 55659.31 华绿生物
300975 7.11 115467.39 商络电子
301025 11.7 106010.95 读客文化
301040 27.01 59161.08 中环海陆
301042 39.1 9710.36 安联锐视
301052 26.44 69681.74 果麦文化
301085 36.97 82872.62 亚康股份
301159 33.45 23367.89 三维天地
301165 40.6 76857.87 锐捷网络
301171 21.15 150159.53 易点天下
301185 18.89 104207.71 鸥玛软件
301197 23.05 22051.86 工大科雅
301213 41.34 25047.8 观想科技
301231 25.96 87039.18 荣信文化
301236 44.2 99613.39 软通动力
301316 29.29 220377.0 慧博云通
301339 21.37 105049.72 通行宝
301396 47.3 94510.39 宏景科技
600100 5.13 856581.69 同方股份
600131 17.39 118814.98 国网信通
600191 5.99 97272.21 华资实业
600571 11.9 741600.5 信雅达
600602 10.23 777778.06 云赛智联
600633 10.0 871406.12 浙数文化
600728 6.21 691980.0 佳都科技
600797 7.01 414428.62 浙大网新
