000151 14.78 726337.62 中成股份
000510 6.69 259099.36 新金路
000524 11.13 124382.92 岭南控股
000539 6.11 295358.75 粤电力A
000663 9.58 275239.16 永安林业
000679 5.9 99510.0 大连友谊
000710 12.7 63550.8 贝瑞基因
000799 146.86 137647.8 酒鬼酒
000816 3.97 521719.03 智慧农业
000860 27.84 221163.88 顺鑫农业
000925 8.09 360530.19 众合科技
000929 11.36 290258.31 兰州黄河
000949 3.83 667911.19 新乡化纤
002033 11.08 245646.98 丽江股份
002046 12.99 214402.81 国机精工
002096 13.93 161150.19 南岭民爆
002123 12.92 216973.31 梦网科技
002188 8.1 305629.84 中天服务
002197 10.71 831083.94 证通电子
002216 17.93 152128.91 三全食品
002219 4.66 726186.62 新里程
002319 16.59 68308.0 乐通股份
002330 6.84 425679.28 得利斯
002338 25.93 55849.21 奥普光电
002377 2.87 253622.0 国创高新
002393 25.28 46050.55 力生制药
002397 5.54 248311.59 梦洁股份
002419 6.47 372158.53 天虹股份
002435 5.53 354352.97 长江健康
002481 6.19 209760.88 双塔食品
002517 8.29 542639.44 恺英网络
002555 21.23 314408.38 三七互娱
002561 11.79 442792.59 徐家汇
002587 6.35 568681.75 奥拓电子
002596 3.52 624535.12 海南瑞泽
002597 34.24 135145.53 金禾实业
002615 7.57 557555.44 哈尔斯
002644 10.01 110353.0 佛慈制药
002646 16.81 270650.94 天佑德酒
002675 19.25 75347.65 东诚药业
002715 20.59 26201.78 登云股份
002719 11.57 259085.7 麦趣尔
002758 15.75 158659.56 浙农股份
002820 10.84 327308.25 桂发祥
002861 11.55 41071.06 瀛通通讯
002862 15.79 57962.63 实丰文化
002882 14.24 340280.09 金龙羽
002917 13.26 155775.91 金奥博
002963 15.23 49280.0 豪尔赛
002969 4.3 222131.0 嘉美包装
002970 22.93 27867.01 锐明技术
002986 24.8 32652.86 宇新股份
300048 5.63 319337.59 合康新能
300053 8.0 263100.88 欧比特
300055 9.3 69080.0 万邦达
300058 5.72 1932774.75 蓝色光标
300077 16.0 453390.25 国民技术
300079 5.67 1083094.5 数码视讯
300094 5.96 860709.19 国联水产
300096 6.65 168241.48 易联众
300126 6.53 54685.01 锐奇股份
300136 18.12 240347.44 信维通信
300137 6.07 72096.32 先河环保
300184 4.81 298943.69 力源信息
300219 7.69 170639.44 鸿利智汇
300260 71.3 118281.35 新莱应材
300286 42.7 33877.15 安科瑞
300339 22.27 911514.31 润和软件
300354 48.58 12243.0 东华测试
300358 17.05 89664.9 楚天科技
300363 50.45 245350.88 博腾股份
300394 29.39 73555.35 天孚通信
300399 12.03 48323.36 天利科技
300404 8.35 72859.81 博济医药
300413 33.32 371852.91 芒果超媒
300415 23.36 116566.06 伊之密
300421 13.46 133392.53 力星股份
300449 5.58 62106.4 汉邦高科
300452 18.46 66071.69 山河药辅
300458 23.44 279335.53 全志科技
300462 10.41 76689.0 华铭智能
300467 13.22 88032.04 迅游科技
300469 15.16 106019.77 信息发展
300474 66.0 150780.41 景嘉微
300497 13.64 94655.81 富祥药业
300509 6.36 66957.42 新美星
300511 7.0 330774.81 雪榕生物
300515 14.4 47427.0 三德科技
300529 34.69 100872.02 健帆生物
300538 12.4 24947.02 同益股份
300547 18.35 75448.82 川环科技
300552 22.34 66860.4 万集科技
300558 63.84 65050.27 贝达药业
300571 33.09 63790.5 平治信息
300604 45.61 228254.08 长川科技
300614 27.99 44513.9 百川畅银
300624 38.4 162160.94 万兴科技
300672 93.09 66427.74 国科微
300679 42.58 91940.44 电连技术
300682 26.57 123498.95 朗新科技
300698 26.52 31744.67 万马科技
300747 26.82 87801.48 锐科激光
300756 16.67 37758.89 金马游乐
300770 38.79 41269.19 新媒股份
300783 21.39 74707.14 三只松鼠
300788 22.2 34423.57 中信出版
300791 36.82 22546.75 仙乐健康
300802 22.28 57333.78 矩子科技
300832 59.73 58802.15 新产业
300846 11.23 313325.47 首都在线
300859 29.2 47449.0 西域旅游
300884 11.21 68019.77 狄耐克
300887 36.8 37224.03 谱尼测试
300898 23.32 54899.27 熊猫乳品
300915 44.63 12953.69 海融科技
300932 17.07 43639.47 三友联众
300981 21.52 58045.83 中红医疗
300997 12.31 48804.07 欢乐家
301058 15.98 97767.87 中粮科工
301066 12.75 69849.8 万事利
301077 24.1 13080.0 星华新材
301095 98.2 26047.97 广立微
301116 15.57 99211.8 益客食品
301129 80.04 4410.0 瑞纳智能
301163 31.34 26448.79 宏德股份
301169 37.0 32930.09 零点有数
301178 27.82 29857.2 天亿马
301198 26.09 24455.97 喜悦智行
301201 55.42 11094.96 诚达药业
301227 32.67 9243.66 森鹰窗业
301270 40.1 80593.91 汉仪股份
301273 46.07 5609.06 瑞晨环保
301289 46.8 7995.1 国缆检测
301290 41.19 23755.87 东星医疗
301316 27.6 285454.28 慧博云通
301318 48.5 16680.96 维海德
301333 113.2 11426.0 诺思格
301367 219.15 10574.09 怡和嘉业
600071 24.95 123713.1 凤凰光学
600165 7.55 158518.44 新日恒力
600172 6.2 1632090.12 黄河旋风
600188 35.55 413395.44 兖矿能源
600197 27.32 169945.27 伊力特
600199 28.85 485242.0 金种子酒
600200 8.1 430882.78 江苏吴中
600216 13.4 620926.31 浙江医药
600305 12.65 285725.44 恒顺醋业
600326 4.97 211279.31 西藏天路
600380 12.19 337904.66 健康元
600381 10.64 172701.61 青海春天
600387 7.97 173153.0 海越能源
600419 16.58 66903.1 天润乳业
600428 7.2 996430.19 中远海特
600509 6.19 366156.19 天富能源
600587 26.33 104798.75 新华医疗
600588 25.72 531360.44 用友网络
600641 19.77 291110.16 万业企业
600645 18.8 80632.27 中源协和
600693 4.42 271077.09 东百集团
600702 189.35 84437.59 舍得酒业
600819 7.05 929722.69 耀皮玻璃
600955 23.41 83499.84 维远股份
600963 6.71 474704.34 岳阳林纸
600988 20.8 501804.31 赤峰黄金
