000338 10.7 505577.38 潍柴动力
000507 6.03 688121.81 珠海港
000539 6.01 407316.41 粤电力A
000567 15.15 106794.31 海德股份
000570 5.12 86768.84 苏常柴A
000729 10.82 287751.69 燕京啤酒
000776 15.63 852917.12 广发证券
000799 140.97 111087.12 酒鬼酒
000848 8.81 393290.88 承德露露
000858 189.0 402790.56 五粮液
000860 30.5 150392.78 顺鑫农业
000888 9.49 471226.0 峨眉山A
000948 26.7 1290957.88 南天信息
000981 1.89 577471.25 山子股份
002121 10.36 562877.81 科陆电子
002191 7.59 210069.08 劲嘉股份
002331 6.83 106453.3 皖通科技
002357 8.43 887812.0 富临运业
002416 9.84 217472.05 爱施德
002492 6.66 256816.14 恒基达鑫
002524 7.58 223273.0 光正眼科
002557 49.58 67600.02 洽洽食品
002565 4.33 451073.19 顺灏股份
002607 4.85 5006514.0 中公教育
002675 17.49 139603.61 东诚药业
002707 9.9 689096.5 众信旅游
002735 22.79 18731.0 王子新材
002813 26.64 12947.2 路畅科技
002855 8.43 37512.0 捷荣技术
002866 47.29 244152.36 传艺科技
002989 17.0 115532.57 中天精装
300009 10.25 239197.02 安科生物
300033 103.76 52927.7 同花顺
300059 20.37 3153216.0 东方财富
300146 23.72 161216.5 汤臣倍健
300214 6.89 75736.63 日科化学
300271 7.66 396200.75 华宇软件
300365 8.58 131536.5 恒华科技
300484 11.1 25365.61 蓝海华腾
300514 10.96 30607.0 友讯达
300515 13.13 49391.45 三德科技
300529 32.14 87499.75 健帆生物
300539 10.41 20925.0 横河精密
300546 23.77 148016.42 雄帝科技
300573 129.96 46680.58 兴齐眼药
300585 22.1 154412.0 奥联电子
300601 34.15 189487.31 康泰生物
300643 15.4 63055.92 万通智控
300712 50.89 79206.6 永福股份
300727 26.45 55925.05 润禾材料
300731 17.94 17214.56 科创新源
300759 73.0 173686.95 康龙化成
300790 16.8 53980.55 宇瞳光学
300821 12.25 62255.68 东岳硅材
300827 68.15 115841.25 上能电气
300841 89.53 15010.62 康华生物
300858 35.05 61027.59 科拓生物
300866 61.02 25100.42 安克创新
300885 9.3 44276.08 海昌新材
300986 42.03 21142.68 志特新材
301023 38.65 4923.0 江南奕帆
301049 22.46 13326.07 超越科技
301096 72.9 26438.16 百诚医药
301102 39.7 58956.71 兆讯传媒
301107 28.71 8975.98 瑜欣电子
301193 35.63 12835.99 家联科技
301267 75.35 22579.2 华厦眼科
301367 232.25 10498.58 怡和嘉业
600004 15.01 279711.38 白云机场
600009 58.34 225888.12 上海机场
600109 9.01 667751.0 国金证券
600114 8.99 81389.27 东睦股份
600196 36.51 311389.62 复星医药
600237 6.94 204580.19 铜峰电子
600483 11.1 199453.3 福能股份
600521 22.73 387326.41 华海药业
600559 28.29 367704.66 老白干酒
600571 10.28 291807.06 信雅达
600573 10.82 93171.0 惠泉啤酒
600645 17.8 65249.6 中源协和
600702 164.2 84411.49 舍得酒业
600706 13.67 484435.12 曲江文旅
600763 151.05 48893.64 通策医疗
600779 85.12 124969.9 水井坊
600853 3.98 1448993.38 龙建股份
600859 28.82 304787.38 王府井
600867 9.69 284298.34 通化东宝
600872 37.42 126341.76 中炬高新
600882 33.09 142764.52 妙可蓝多
600958 9.27 1261136.62 东方证券
