000400 21.71 269382.62 许继电气 1.59
000819 24.3 136054.91 岳阳兴长 3.1
002145 6.85 429002.59 中核钛白 4.58
002324 18.88 284845.0 普利特 7.89
002455 10.08 139921.75 百川股份 3.28
002669 14.77 135143.0 康达新材 7.81
002850 132.32 49647.38 科达利 3.5
300018 6.43 86810.58 中元股份 1.74
300037 51.0 178645.41 新宙邦 5.96
300049 26.36 141756.0 福瑞股份 5.23
300681 42.81 32847.2 英搏尔 1.16
300718 26.01 80041.71 长盛轴承 3.62
300769 244.4 58421.18 德方纳米 5.25
300803 51.63 155402.88 指南针 4.66
300926 23.19 24618.39 博俊科技 2.2
300930 27.71 22534.39 屹通新材 5.6
301012 38.8 23065.03 扬电科技 2.86
301051 54.35 23579.02 信濠光电 6.13
301131 49.19 48173.75 聚赛龙 2.99
301188 15.9 111399.41 力诺特玻 7.5
301377 22.64 99718.02 鼎泰高科 5.55
600418 14.46 2033950.25 江淮汽车 7.19
600458 10.37 325699.69 时代新材 7.91
600537 6.2 724865.0 亿晶光电 4.2
600549 21.26 210431.62 厦门钨业 2.41
600586 10.49 1124462.12 金晶科技 7.26
