000010 3.52 148308.05 美丽生态
000065 10.6 465215.84 北方国际
000151 14.78 334290.5 中成股份
000528 6.65 467958.31 柳工
000547 11.05 400828.41 航天发展
000568 260.6 154415.48 泸州老窖
000609 6.09 119359.82 中迪投资
000619 7.18 131574.31 海螺新材
000629 5.86 5136647.5 钒钛股份
000798 11.68 123635.0 中水渔业
000848 9.1 268842.75 承德露露
002092 8.48 888993.38 中泰化学
002216 17.35 142329.44 三全食品
002302 8.13 159428.48 西部建设
002307 5.64 324460.75 北新路桥
002345 6.44 193435.31 潮宏基
002374 5.16 396955.69 中锐股份
002391 7.78 86396.06 长青股份
002457 8.81 99185.02 青龙管业
002479 4.88 175843.56 富春环保
002496 2.51 436921.25 辉丰股份
002562 5.47 457370.81 兄弟科技
002565 4.37 563233.06 顺灏股份
002572 21.46 201438.0 索菲亚
002596 3.55 338594.09 海南瑞泽
002612 27.63 175114.72 朗姿股份
002646 17.19 264171.75 天佑德酒
002671 4.81 66236.0 龙泉股份
002685 4.26 390569.0 华东重机
002785 25.67 202191.12 万里石
002820 10.99 314003.59 桂发祥
002853 22.66 42934.0 皮阿诺
002861 12.4 36915.8 瀛通通讯
002867 15.59 112500.49 周大生
300022 5.56 248099.02 吉峰科技
300084 6.23 221968.56 海默科技
300103 6.94 48666.15 达刚控股
300137 6.49 238673.64 先河环保
300266 3.9 596458.38 兴源环境
300342 9.48 175000.2 天银机电
300374 14.58 168763.5 中铁装配
300401 15.49 182564.56 花园生物
300406 17.66 113286.83 九强生物
300411 7.28 45428.4 金盾股份
300421 14.88 157015.72 力星股份
300427 20.22 41127.86 红相股份
300500 17.62 81297.4 启迪设计
300518 43.63 22181.42 盛讯达
300545 20.54 40777.88 联得装备
300589 14.03 326382.72 江龙船艇
300594 24.4 26428.75 朗进科技
300600 9.02 74622.68 国瑞科技
300616 24.2 76552.66 尚品宅配
300623 23.93 221034.55 捷捷微电
300675 16.7 65834.16 建科院
300678 21.81 158277.12 中科信息
300720 14.17 59397.32 海川智能
300755 35.21 80528.87 华致酒行
300756 16.93 27672.0 金马游乐
300796 24.32 56197.25 贝斯美
300823 18.5 32191.68 建科机械
300838 19.0 29070.49 浙江力诺
300865 20.22 11156.0 大宏立
300870 64.02 19965.26 欧陆通
300896 627.9 20104.77 爱美客
300915 45.4 9006.5 海融科技
300973 96.74 17213.22 立高食品
301038 16.39 19758.77 深水规院
301068 32.54 11245.34 大地海洋
301126 17.31 56201.73 达嘉维康
301159 39.18 58123.48 三维天地
301177 61.59 32598.87 迪阿股份
301209 26.31 21831.93 联合化学
301228 17.74 41210.46 实朴检测
600004 14.68 497921.22 白云机场
600189 6.96 85779.28 泉阳泉
600200 8.82 426718.94 江苏吴中
600421 12.37 28120.0 华嵘控股
600425 4.14 310071.22 青松建化
600463 9.47 105607.16 空港股份
600587 29.66 225146.41 新华医疗
600600 104.6 90548.55 青岛啤酒
600728 6.44 518400.62 佳都科技
600774 13.69 70847.5 汉商集团
600780 7.34 217235.92 通宝能源
600785 17.66 40165.09 新华百货
600855 13.77 248342.34 航天长峰
600962 14.4 32570.08 国投中鲁
600995 15.77 202598.91 南网储能
