000157 6.45 1947621.25 中联重科 6.44
000516 12.23 572275.5 国际医学 3.29
000523 3.8 637155.69 广州浪奇 7.34
000610 16.01 433287.44 西安旅游 6.24
000799 154.7 173887.69 酒鬼酒 5.63
000828 10.34 223865.08 东莞控股 5.08
000860 29.94 171689.05 顺鑫农业 2.67
000976 4.42 915980.94 华铁股份 5.74
002205 11.88 122380.6 国统股份 2.59
002251 6.8 842241.44 步步高 3.34
002372 24.0 97651.24 伟星新材 5.96
002695 13.33 161229.3 煌上煌 3.82
002732 20.89 71468.4 燕塘乳业 4.71
002852 12.88 99975.29 道道全 2.96
002859 33.05 70725.48 洁美科技 3.93
300094 6.28 905178.81 国联水产 3.8
300106 9.25 78868.58 西部牧业 1.54
300133 5.51 461169.44 华策影视 3.77
300183 18.3 226116.81 东软载波 6.46
300292 3.61 1143318.12 吴通控股 2.27
300447 18.41 188276.38 全信股份 4.07
300506 6.98 142130.38 名家汇 4.02
300539 15.23 100086.19 横河精密 4.53
300633 52.59 60901.34 开立医疗 0.55
300682 29.08 141818.62 朗新科技 5.06
300740 14.34 123058.31 水羊股份 2.94
300783 21.99 87150.84 三只松鼠 0.55
300791 38.3 20556.85 仙乐健康 4.79
300795 55.0 13677.83 米奥会展 6.8
300825 13.95 174741.64 阿尔特 5.28
300898 24.85 106945.33 熊猫乳品 7.3
300932 18.64 82949.43 三友联众 7.62
301002 26.18 51998.28 崧盛股份 5.44
301073 70.6 46031.5 君亭酒店 5.23
301076 35.36 33562.95 新瀚新材 0.46
301079 24.4 34722.95 邵阳液压 4.9
301097 66.4 13777.23 天益医疗 3.98
301116 16.36 139406.77 益客食品 2.38
301120 23.55 158367.48 新特电气 3.02
301235 39.38 25622.76 华康医疗 4.21
600059 10.61 475129.59 古越龙山 4.53
600258 25.92 245644.14 首旅酒店 4.22
600300 3.49 301130.59 维维股份 2.05
600429 5.14 218971.42 三元股份 2.6
600529 30.5 195149.8 山东药玻 2.8
600702 205.9 99164.96 舍得酒业 4.38
600779 84.33 120377.7 水井坊 4.11
600826 9.98 80947.4 兰生股份 1.42
