000521 4.58 305102.38 长虹美菱
000563 3.39 467875.31 陕国投A
000617 5.8 1622288.0 中油资本
000627 3.35 474278.09 天茂集团
000691 4.87 217773.52 亚太实业
000713 9.01 281406.41 丰乐种业
000728 6.8 689006.56 国元证券
000776 16.42 1524800.62 广发证券
000892 4.32 394879.25 欢瑞世纪
000917 5.34 335636.59 电广传媒
000921 16.85 111924.02 海信家电
000933 16.35 348429.16 神火股份
002009 15.15 66868.46 天奇股份
002020 13.81 158888.84 京新药业
002033 11.02 185373.72 丽江股份
002035 6.03 145025.38 华帝股份
002050 23.8 605865.88 三花智控
002068 14.27 579085.62 黑猫股份
002074 31.42 221097.36 国轩高科
002093 8.01 1034552.5 国脉科技
002125 14.46 170952.06 湘潭电化
002136 14.59 118489.73 安纳达
002173 6.83 112841.01 创新医疗
002183 6.22 581352.5 怡亚通
002284 7.95 248037.8 亚太股份
002290 9.08 64440.51 禾盛新材
002327 7.4 114323.77 富安娜
002512 3.59 207145.55 达华智能
002526 2.3 580387.5 山东矿机
002537 8.23 679221.12 海联金汇
002640 5.6 2748769.25 跨境通
002644 9.42 75949.0 佛慈制药
002670 7.9 216161.94 国盛金控
002686 6.25 194407.0 亿利达
002690 25.78 60140.02 美亚光电
002709 48.8 364599.28 天赐材料
002724 8.91 64800.94 海洋王
002766 6.07 1198480.62 索菱股份
002813 28.35 26356.36 路畅科技
002818 12.7 58020.94 富森美
002939 8.93 501089.28 长城证券
002971 19.46 35032.65 和远气体
002983 18.18 17910.8 芯瑞达
300015 33.73 642333.88 爱尔眼科
300059 21.75 2117860.25 东方财富
300085 10.2 143640.38 银之杰
300095 9.55 116540.03 华伍股份
300151 21.97 104165.63 昌红科技
300227 7.49 385938.62 光韵达
300247 3.62 162296.2 融捷健康
300266 3.26 480298.12 兴源环境
300347 115.97 82237.17 泰格医药
300358 15.9 65369.43 楚天科技
300374 13.66 117682.5 中铁装配
300457 19.09 126174.72 赢合科技
300498 20.31 639900.25 温氏股份
300527 7.12 273635.91 中船应急
300616 23.88 88905.32 尚品宅配
300677 24.3 353380.59 英科医疗
300715 14.43 38226.14 凯伦股份
300737 13.93 154249.09 科顺股份
300770 38.35 36881.56 新媒股份
300848 28.5 32672.11 美瑞新材
300976 53.28 21733.11 达瑞电子
301005 28.0 19816.8 超捷股份
301052 23.29 24962.19 果麦文化
301059 23.12 32348.8 金三江
301119 29.48 29610.44 正强股份
301126 15.99 48965.98 达嘉维康
301127 9.9 66614.53 天源环保
301152 50.63 27670.43 天力锂能
301187 17.38 15290.31 欧圣电气
301231 21.21 12869.0 荣信文化
301235 37.78 14309.8 华康医疗
301290 40.07 42752.4 东星医疗
301296 16.7 22184.69 新巨丰
301328 84.76 15756.31 维峰电子
301333 98.4 7331.0 诺思格
301389 19.35 46533.98 隆扬电子
600037 8.26 161052.33 歌华有线
600072 12.01 89356.73 中船科技
600073 8.13 683079.25 上海梅林
600184 11.57 63262.95 光电股份
600319 6.18 163679.09 亚星化学
600343 8.97 114075.67 航天动力
600455 23.8 20754.1 博通股份
600511 30.22 125382.1 国药股份
600556 7.46 1352225.62 天下秀
600593 14.78 30224.93 大连圣亚
600831 6.27 570148.94 广电网络
600873 10.35 319295.09 梅花生物
600909 4.81 480887.75 华安证券
600976 58.87 27872.51 健民集团
600986 5.18 342169.47 浙文互联
