000028 35.35 37517.89 国药一致
000034 24.75 292595.72 神州数码
000561 10.89 315423.41 烽火电子
000590 9.49 51044.11 启迪药业
000698 5.19 308310.19 沈阳化工
000717 2.98 253190.95 中南股份
000723 9.95 742655.81 美锦能源
000792 26.1 743209.94 盐湖股份
000807 13.43 690603.62 云铝股份
000813 3.91 756937.06 德展健康
000878 13.31 732484.5 云南铜业
000922 10.84 98910.65 佳电股份
000977 33.92 1958181.25 浪潮信息
002075 4.48 636526.19 沙钢股份
002156 22.11 1879261.12 通富微电
002227 14.91 109241.18 奥特迅
002246 11.34 295914.16 北化股份
002255 5.44 409410.97 海陆重工
002276 10.11 543765.0 万马股份
002325 2.17 1612822.12 洪涛股份
002328 7.08 1457784.5 新朋股份
002333 6.58 414709.59 罗普斯金
002349 12.3 344715.53 精华制药
002362 35.16 657215.81 汉王科技
002381 6.98 64743.0 双箭股份
002384 30.78 344743.03 东山精密
002401 17.38 480966.91 中远海科
002407 37.98 321425.59 多氟多
002519 5.39 397974.59 银河电子
002591 8.49 831149.38 恒大高新
002643 19.25 176219.2 万润股份
002665 3.94 1473951.5 首航高科
002667 26.75 108860.57 鞍重股份
002713 7.48 431461.59 东易日盛
002719 11.98 278325.47 麦趣尔
002733 21.88 571889.81 雄韬股份
002813 32.59 53852.84 路畅科技
002827 10.94 76805.5 高争民爆
002835 17.0 314314.75 同为股份
002842 10.01 383285.53 翔鹭钨业
002864 37.67 78445.91 盘龙药业
002898 12.21 57811.82 赛隆药业
002912 37.88 48021.44 中新赛克
002927 15.67 317148.19 泰永长征
300018 7.02 137516.88 中元股份
300019 19.26 117402.14 硅宝科技
300039 7.68 970593.12 上海凯宝
300051 13.36 251840.22 三五互联
300062 6.97 348068.97 中能电气
300091 4.0 464446.38 金通灵
300092 17.28 80801.88 科新机电
300140 8.25 177102.8 中环装备
300141 10.0 91069.2 和顺电气
300179 14.12 157444.66 四方达
300194 4.04 215038.88 福安药业
300204 12.4 118606.1 舒泰神
300217 7.75 844407.69 东方电热
300267 3.79 768806.19 尔康制药
300286 43.82 25460.31 安科瑞
300305 14.18 50375.61 裕兴股份
300352 5.26 1225909.75 北信源
300360 18.81 212363.88 炬华科技
300364 12.6 1074621.88 中文在线
300383 10.28 723850.62 光环新网
300398 20.2 219577.31 飞凯材料
300407 8.87 82281.67 凯发电气
300410 12.03 185909.0 正业科技
300550 14.14 84715.25 和仁科技
300604 47.93 236500.36 长川科技
300617 40.38 50421.4 安靠智电
300632 13.95 69288.35 光莆股份
300677 27.59 231678.05 英科医疗
300724 123.48 124189.23 捷佳伟创
300811 91.49 24441.33 铂科新材
300826 13.55 21888.24 测绘股份
300831 16.78 267218.53 派瑞股份
300848 40.0 34095.5 美瑞新材
300894 33.95 57499.37 火星人
300937 30.85 31861.93 药易购
300956 17.02 52333.9 英力股份
300981 22.31 63041.97 中红医疗
300985 24.91 28661.08 致远新能
300997 13.63 70601.52 欢乐家
301012 41.2 55239.85 扬电科技
301031 194.2 8923.73 中熔电气
301051 68.73 18613.16 信濠光电
301070 28.14 9946.0 开勒股份
301080 131.42 12926.45 百普赛斯
301087 38.45 32929.58 可孚医疗
301105 40.84 18667.8 鸿铭股份
301106 34.01 12795.04 骏成科技
301118 34.12 34451.6 恒光股份
301133 26.3 14555.54 金钟股份
301135 28.65 36589.99 瑞德智能
301223 22.24 111189.28 中荣股份
301227 34.3 16928.57 森鹰窗业
301269 103.45 93898.33 华大九天
301290 42.2 25366.86 东星医疗
600160 17.68 596209.75 巨化股份
600210 6.15 637221.69 紫江企业
600285 14.64 98373.55 羚锐制药
600312 9.36 374951.75 平高电气
600351 6.33 154809.06 亚宝药业
600352 10.26 511510.31 浙江龙盛
600362 19.51 347873.62 江西铜业
600369 4.1 671237.0 西南证券
600405 7.09 574180.94 动力源
600409 7.18 249471.05 三友化工
600422 16.9 86052.43 昆药集团
600498 15.73 248450.59 烽火通信
600505 8.88 173445.94 西昌电力
600517 5.29 265180.16 国网英大
600537 8.64 494527.84 亿晶光电
600573 12.15 108695.0 惠泉啤酒
600584 28.86 723991.38 长电科技
600720 11.85 313566.16 祁连山
600755 8.43 370597.97 厦门国贸
600875 20.93 455480.12 东方电气
600992 24.4 182987.39 贵绳股份
600993 25.31 100519.08 马应龙
