000019 7.94 99884.89 深粮控股
000021 12.81 360256.72 深科技
000040 4.55 1493246.38 东旭蓝天
000070 8.51 813114.81 特发信息
000157 6.06 1410597.12 中联重科
000421 5.36 122458.02 南京公用
000498 8.18 441330.69 山东路桥
000516 11.84 537999.75 国际医学
000523 3.54 216091.91 广州浪奇
000543 4.63 374510.62 皖能电力
000544 6.9 200510.2 中原环保
000600 5.69 536051.69 建投能源
000607 5.47 542794.94 华媒控股
000610 15.07 280849.84 西安旅游
000627 3.47 904147.5 天茂集团
000710 13.71 111881.57 贝瑞基因
000712 14.22 245954.95 锦龙股份
000793 2.68 1428798.75 华闻集团
000799 146.45 110325.73 酒鬼酒
000821 25.98 812383.19 京山轻机
000828 9.84 159069.88 东莞控股
000892 4.42 557335.62 欢瑞世纪
000899 10.05 373478.62 赣能股份
000925 8.06 300969.62 众合科技
000976 4.18 819914.5 华铁股份
002047 3.97 552060.19 宝鹰股份
002067 3.68 335021.91 景兴纸业
002123 14.55 680404.19 梦网科技
002140 10.39 181072.56 东华科技
002157 3.73 1212715.25 正邦科技
002163 11.98 138410.94 海南发展
002191 8.04 705122.06 劲嘉股份
002205 11.58 90049.22 国统股份
002209 11.89 367753.03 达意隆
002230 47.91 1344871.38 科大讯飞
002251 6.58 793250.0 步步高
002301 7.7 203883.59 齐心集团
002354 6.22 5347038.5 天娱数科
002463 15.5 1487336.5 沪电股份
002481 6.41 202051.2 双塔食品
002515 4.48 215138.05 金字火腿
002557 47.76 54618.43 洽洽食品
002638 2.54 473338.0 勤上股份
002657 19.19 554957.5 中科金财
002695 12.84 106263.02 煌上煌
002719 11.4 192515.41 麦趣尔
002732 19.95 34403.38 燕塘乳业
002772 9.6 205794.5 众兴菌业
002787 8.08 334155.81 华源控股
002852 12.51 71594.59 道道全
002859 31.8 49227.07 洁美科技
002877 11.16 768683.12 智能自控
002972 19.8 80297.0 科安达
300006 4.15 189076.86 莱美药业
300021 5.03 195769.0 大禹节水
300047 8.53 1168607.38 天源迪科
300093 45.84 68702.82 金刚光伏
300094 6.05 765439.19 国联水产
300105 8.49 272889.41 龙源技术
300106 9.11 67259.56 西部牧业
300133 5.31 425253.53 华策影视
300134 10.05 304836.47 大富科技
300155 5.36 62801.0 安居宝
300175 4.1 167580.0 朗源股份
300189 4.32 626809.56 神农科技
300198 3.11 254752.69 纳川股份
300206 12.94 139362.61 理邦仪器
300227 9.08 514134.81 光韵达
300228 5.81 266533.38 富瑞特装
300229 20.4 1321611.75 拓尔思
300270 6.99 76464.34 中威电子
300280 18.88 72158.97 紫天科技
300292 3.53 807057.19 吴通控股
300324 3.34 1288926.5 旋极信息
300344 5.57 899237.25 立方数科
300353 11.75 339872.91 东土科技
300359 9.09 855400.62 全通教育
300447 17.69 112361.13 全信股份
300505 25.28 115151.98 川金诺
300506 6.71 109245.11 名家汇
300513 13.23 175973.2 恒实科技
300539 14.57 87213.76 横河精密
300573 155.94 39354.87 兴齐眼药
300606 13.71 72993.64 金太阳
300609 19.77 91887.52 汇纳科技
300683 39.56 17866.0 海特生物
300721 48.11 31401.49 怡达股份
300740 13.93 110485.61 水羊股份
300767 53.36 25898.22 震安科技
300783 21.87 77601.39 三只松鼠
300791 36.55 12408.0 仙乐健康
300795 51.5 10181.0 米奥会展
300806 29.2 42837.57 斯迪克
300818 36.6 32369.15 耐普矿机
300825 13.25 127205.47 阿尔特
300858 37.0 34079.14 科拓生物
300898 23.16 52111.08 熊猫乳品
300959 32.65 26513.83 线上线下
300981 21.3 33942.16 中红医疗
300987 17.74 161017.0 川网传媒
300997 12.8 44771.0 欢乐家
301002 24.83 35560.86 崧盛股份
301047 112.17 13023.09 义翘神州
301051 65.01 12673.06 信濠光电
301076 35.2 28970.2 新瀚新材
301079 23.26 15644.59 邵阳液压
301102 40.87 14321.38 兆讯传媒
301116 15.98 96690.78 益客食品
301120 22.86 144077.88 新特电气
301171 22.32 253795.56 易点天下
301193 38.67 19354.08 家联科技
301235 37.79 19525.0 华康医疗
301258 45.16 24596.63 富士莱
301296 19.62 33874.68 新巨丰
301318 51.04 28254.18 维海德
301338 60.2 19550.75 凯格精机
301380 44.55 47768.52 挖金客
301391 112.0 5784.93 卡莱特
600059 10.15 350372.66 古越龙山
600160 16.9 654290.31 巨化股份
600163 5.74 377873.22 中闽能源
600183 17.36 391825.62 生益科技
600199 28.65 417696.78 金种子酒
600257 5.69 526033.56 大湖股份
600300 3.42 252767.2 维维股份
600313 11.27 932530.94 农发种业
600325 10.17 363841.09 华发股份
600354 8.61 1018091.75 敦煌种业
600416 20.76 247700.23 湘电股份
600498 15.08 219980.28 烽火通信
600501 14.75 169984.59 航天晨光
600503 2.96 486800.0 华丽家族
600509 6.54 188797.02 天富能源
600529 29.67 164844.42 山东药玻
600703 20.46 1088238.38 三安光电
600706 11.28 158806.34 曲江文旅
600779 81.0 108742.44 水井坊
600826 9.84 72819.36 兰生股份
600863 3.65 1376898.25 内蒙华电
