000049 50.98 170473.65 德赛电池
000534 17.4 117161.61 万泽股份
000628 13.95 104092.85 高新发展
000819 26.46 96867.22 岳阳兴长
002015 11.45 256843.34 协鑫能科
002166 10.34 208042.03 莱茵生物
002213 17.46 229840.96 大为股份
002281 18.5 246505.78 光迅科技
300031 15.45 248707.45 宝通科技
300131 5.46 438617.08 英唐智控
300134 8.91 103766.87 大富科技
300169 4.82 81774.2 天晟新材
300182 4.99 1913059.0 捷成股份
300187 6.12 81512.46 永清环保
300225 5.87 72317.18 金力泰
300295 9.86 107084.65 三六五网
300310 3.89 197915.91 宜通世纪
300322 8.18 78667.47 硕贝德
300348 12.18 366532.02 长亮科技
300441 6.47 273756.46 鲍斯股份
300448 5.4 126134.52 浩云科技
300480 17.8 82607.63 光力科技
300490 16.24 256467.97 华自科技
300493 6.9 71383.75 润欣科技
300556 20.5 97062.48 丝路视觉
300609 18.08 55309.42 汇纳科技
300678 19.58 151648.11 中科信息
300758 13.92 172487.85 七彩化学
300792 29.09 56717.09 壹网壹创
300840 9.71 43608.0 酷特智能
300994 22.09 22827.77 久祺股份
301001 22.58 31250.0 凯淳股份
301083 12.86 66491.47 百胜智能
301185 17.62 59307.02 鸥玛软件
301238 26.83 182739.37 瑞泰新材
600100 4.86 480040.18 同方股份
600238 14.61 600599.01 海南椰岛
600363 27.18 74286.26 联创光电
600409 7.1 296200.21 三友化工
600552 10.84 243944.31 凯盛科技
600561 5.84 43880.13 江西长运
600720 11.21 469768.72 祁连山
600889 5.49 61188.59 南京化纤
600970 9.56 232420.0 中材国际
