000411 14.01 410212.56 英特集团
000560 3.35 1292609.5 我爱我家
000650 6.73 1232090.75 仁和药业
002016 7.11 438524.81 世荣兆业
002182 24.19 334193.72 云海金属
002274 9.08 578569.19 华昌化工
002349 12.95 781597.69 精华制药
002462 16.25 239422.92 嘉事堂
002550 6.82 1122112.5 千红制药
002603 32.6 1804358.88 以岭药业
002800 25.98 102414.6 天顺股份
002864 39.8 115160.53 盘龙药业
002991 90.39 11386.77 甘源食品
300584 29.87 82993.85 海辰药业
300856 60.47 37866.85 科思股份
301009 14.24 120791.93 可靠股份
301333 118.93 8073.69 诺思格
600056 16.38 1515048.75 中国医药
600062 18.89 488088.44 华润双鹤
600272 10.53 157204.06 开开实业
600664 3.27 689075.75 哈药股份
