000019 8.0 68010.44 深粮控股
000510 6.73 241413.0 新金路
000567 18.54 99750.15 海德股份
000801 7.42 176780.59 四川九洲
000911 8.1 78855.63 南宁糖业
000921 19.36 129952.16 海信家电
000976 4.32 350260.62 华铁股份
002023 9.28 161404.5 海特高新
002206 6.97 444300.19 海利得
002338 26.27 55687.98 奥普光电
002380 19.49 220580.23 科远智慧
002405 13.29 546717.0 四维图新
002456 5.47 1082225.88 欧菲光
002630 3.07 995562.0 华西能源
002658 9.24 221979.55 雪迪龙
002718 16.93 22103.0 友邦吊顶
002803 18.44 273780.97 吉宏股份
002940 36.4 27721.22 昂利康
002977 42.55 52343.57 天箭科技
002980 36.73 46760.75 华盛昌
300032 5.72 186141.0 金龙机电
300045 8.42 519292.12 华力创通
300062 6.9 313827.94 中能电气
300246 16.05 62091.05 宝莱特
300322 10.22 783031.81 硕贝德
300416 29.9 40984.08 苏试试验
300461 15.5 26617.0 田中精机
300513 13.32 128817.4 恒实科技
300516 29.33 22470.5 久之洋
300521 14.9 34074.4 爱司凯
300552 22.6 70331.92 万集科技
300563 13.17 101485.22 神宇股份
300572 15.06 134536.55 安车检测
300591 5.52 190294.52 万里马
300749 8.66 65304.0 顶固集创
300825 14.09 71628.93 阿尔特
300835 42.25 55324.5 龙磁科技
300852 37.5 9064.64 四会富仕
300906 23.68 8169.0 日月明
300918 11.82 129575.86 南山智尚
300935 29.63 9525.79 盈建科
300961 12.38 116557.08 深水海纳
300982 68.44 27945.21 苏文电能
301016 21.23 13360.03 雷尔伟
301049 23.85 24112.97 超越科技
301061 36.0 23648.62 匠心家居
301063 35.69 57195.35 海锅股份
301120 23.96 101745.85 新特电气
301388 26.77 26753.33 欣灵电气
600212 9.57 285836.5 绿能慧充
600266 4.73 746589.38 城建发展
600435 12.33 486441.22 北方导航
600475 12.55 324004.59 华光环能
600562 17.39 67526.15 国睿科技
600633 9.8 592991.69 浙数文化
600665 4.14 242696.42 天地源
600756 16.27 168308.12 浪潮软件
600764 27.33 118339.98 中国海防
600879 7.7 1119935.88 航天电子
600992 24.14 124677.93 贵绳股份
600993 27.53 125161.57 马应龙
