000028 36.41 84440.08 国药一致
000529 8.66 572034.19 广弘控股
000851 6.5 1422620.5 高鸿股份
002104 9.25 1201067.75 恒宝股份
002148 6.66 762628.75 北纬科技
002162 5.44 1185895.12 悦心健康
002261 9.04 2750396.75 拓维信息
002279 9.1 1560692.5 久其软件
002339 9.78 1062757.25 积成电子
002368 39.51 309276.38 太极股份
002384 31.89 352640.84 东山精密
002488 7.58 695283.19 金固股份
002517 8.84 1196577.88 恺英网络
002555 23.23 814248.0 三七互娱
002621 5.36 1003465.44 美吉姆
002724 11.1 281367.81 海洋王
002762 13.23 687900.94 金发拉比
300133 5.6 769064.06 华策影视
300199 13.36 838800.5 翰宇药业
300223 83.58 196922.52 北京君正
300229 24.47 1539453.62 拓尔思
300271 9.79 912341.25 华宇软件
300713 18.9 195627.64 英可瑞
300753 18.54 44049.94 爱朋医疗
300807 27.17 80807.54 天迈科技
300846 13.68 886010.75 首都在线
300998 29.81 40292.06 宁波方正
301011 32.01 42242.0 华立科技
301066 13.49 90399.23 万事利
301159 37.4 68564.38 三维天地
301236 41.35 125944.91 软通动力
301248 37.4 98858.38 杰创智能
600050 5.21 8060534.0 中国联通
600095 9.57 1434443.62 湘财股份
600536 77.77 584937.44 中国软件
600559 37.79 512498.41 老白干酒
600640 11.53 375569.25 国脉文化
600715 2.43 836059.0 文投控股
600833 12.68 185263.09 第一医药
600941 77.8 213096.83 中国移动
