000159 7.73 167535.0 国际实业 3.2
000333 54.91 294216.69 美的集团 2.16
000584 7.54 237966.36 哈工智能 2.73
000651 34.2 508894.44 格力电器 2.67
002045 13.14 444564.97 国光电器 1.7
002067 3.59 260917.64 景兴纸业 1.99
002232 13.83 144914.91 启明信息 1.84
002373 9.97 230156.95 千方科技 2.78
002380 15.48 86980.43 科远智慧 1.98
002517 7.6 1087833.0 恺英网络 4.54
002553 12.06 129964.93 南方精工 1.17
002555 20.18 994568.31 三七互娱 5.0
002605 15.0 93564.06 姚记科技 1.35
002624 13.47 624280.38 完美世界 1.43
002771 14.42 397953.25 真视通 2.93
002848 9.87 54288.01 高斯贝尔 1.33
002867 15.28 148219.7 周大生 3.38
002949 14.41 26351.64 华阳国际 3.45
002959 66.02 21602.15 小熊电器 4.21
300122 97.6 234043.0 智飞生物 5.95
300143 11.2 110167.72 盈康生命 4.38
300203 37.67 91159.66 聚光科技 5.37
300286 32.85 22432.15 安科瑞 5.46
300363 43.14 256989.0 博腾股份 2.89
300393 16.89 648597.5 中来股份 7.72
300490 13.34 212599.88 华自科技 7.15
300533 26.75 46965.92 冰川网络 2.69
300536 15.48 80736.64 农尚环境 1.84
300560 14.44 82542.8 中富通 2.41
300592 16.06 69653.0 华凯易佰 1.2
300662 52.16 30425.16 科锐国际 1.68
300749 7.7 37149.2 顶固集创 1.58
300767 49.58 16857.11 震安科技 2.23
300792 29.39 60709.46 壹网壹创 1.17
300853 24.07 23387.0 申昊科技 1.69
301001 22.46 32144.0 凯淳股份 2.09
301062 8.84 121726.99 上海艾录 6.12
301068 27.26 6521.14 大地海洋 3.41
301070 25.62 8951.0 开勒股份 2.85
301080 117.84 24215.17 百普赛斯 4.95
600053 15.53 34050.0 九鼎投资 1.77
600215 6.35 160940.53 派斯林 3.93
