000155 18.78 198851.56 川能动力
000400 21.37 251824.77 许继电气
000666 10.87 283419.38 经纬纺机
000672 11.5 195806.08 上峰水泥
000683 8.45 665704.38 远兴能源
000703 7.22 363065.69 恒逸石化
000721 17.14 1353744.75 西安饮食
000725 3.62 6677180.0 京东方A
000762 42.18 282470.19 西藏矿业
000819 23.57 131550.47 岳阳兴长
000821 18.12 620467.62 京山轻机
000912 4.89 180539.02 泸天化
000913 20.74 85086.51 钱江摩托
000970 14.15 915598.94 中科三环
002028 40.4 82060.63 思源电气
002057 10.95 342669.56 中钢天源
002068 12.97 287528.09 黑猫股份
002090 13.6 310164.84 金智科技
002101 22.99 400698.03 广东鸿图
002126 14.27 379118.38 银轮股份
002129 39.19 597412.44 TCL中环
002132 4.7 852046.94 恒星科技
002145 6.55 317205.06 中核钛白
002192 103.72 85002.24 融捷股份
002206 6.34 246673.72 海利得
002227 13.15 68122.25 奥特迅
002240 39.63 255464.84 盛新锂能
002324 17.5 135210.31 普利特
002363 7.46 175863.3 隆基机械
002452 6.62 151725.0 长高电新
002455 9.76 112661.99 百川股份
002466 84.25 475229.03 天齐锂业
002472 27.23 245988.2 双环传动
002508 30.67 140968.59 老板电器
002580 10.23 249345.52 圣阳股份
002585 13.52 447766.88 双星新材
002590 8.55 80429.71 万安科技
002597 32.87 184310.08 金禾实业
002606 10.12 169293.16 大连电瓷
002623 32.0 133025.05 亚玛顿
002645 16.07 63125.8 华宏科技
002648 16.41 400504.84 卫星化学
002669 13.7 98232.0 康达新材
002738 75.99 222844.84 中矿资源
002812 143.9 162353.44 恩捷股份
002824 31.66 71790.85 和胜股份
002827 10.8 225724.23 高争民爆
002843 21.29 38890.86 泰嘉股份
002850 127.85 39667.09 科达利
002860 14.38 186339.62 星帅尔
002895 26.82 87120.76 川恒股份
002902 13.66 69781.0 铭普光磁
002906 38.2 166676.47 华阳集团
002917 13.41 146711.39 金奥博
002920 123.26 105069.07 德赛西威
002922 16.4 96297.68 伊戈尔
002943 58.93 59030.46 宇晶股份
002952 16.44 35612.38 亚世光电
002953 14.59 488326.97 日丰股份
002997 27.4 124316.5 瑞鹄模具
300018 6.32 84111.95 中元股份
300035 21.45 180400.38 中科电气
300037 48.13 145333.06 新宙邦
300049 25.05 113277.08 福瑞股份
300057 9.63 250604.0 万顺新材
300072 4.51 449098.75 海新能科
300073 58.97 189405.98 当升科技
300093 47.39 62350.81 金刚光伏
300125 22.19 183796.8 聆达股份
300174 21.81 128891.53 元力股份
300199 19.48 743034.25 翰宇药业
300224 13.27 236277.44 正海磁材
300274 120.1 324913.25 阳光电源
300317 5.24 300721.03 珈伟新能
300320 11.12 185147.59 海达股份
300327 38.45 102652.81 中颖电子
300331 19.85 118728.37 苏大维格
300343 10.27 427582.31 联创股份
300351 15.88 256866.7 永贵电器
300390 60.56 203369.84 天华超净
300410 11.01 147305.31 正业科技
300505 23.94 100253.89 川金诺
300522 10.61 39655.79 世名科技
300537 14.3 85430.4 广信材料
300566 29.75 170562.41 激智科技
300575 22.22 30928.68 中旗股份
300587 13.1 440308.91 天铁股份
300594 20.16 44089.75 朗进科技
300610 13.36 50163.15 晨化股份
300638 19.79 94483.75 广和通
300656 32.8 20399.09 民德电子
300679 37.86 60507.34 电连技术
300680 26.24 28593.2 隆盛科技
300681 42.32 31682.27 英搏尔
300693 60.57 116995.66 盛弘股份
300706 24.85 71381.46 阿石创
300718 25.1 63911.08 长盛轴承
300733 22.34 13353.0 西菱动力
300748 31.68 262459.44 金力永磁
300751 433.7 20038.1 迈为股份
300763 182.8 77608.4 锦浪科技
300769 232.22 58074.39 德方纳米
300776 135.55 54509.5 帝尔激光
300787 29.84 26952.2 海能实业
300803 49.33 108214.17 指南针
300806 24.36 45296.98 斯迪克
300831 14.69 226309.56 派瑞股份
300833 92.85 8477.0 浩洋股份
300842 56.01 48101.93 帝科股份
300861 51.03 71299.85 美畅股份
300887 34.18 59230.67 谱尼测试
300893 26.36 41370.02 松原股份
300909 30.53 12589.23 汇创达
300916 48.55 31098.22 朗特智能
300926 22.69 21232.41 博俊科技
300928 39.04 13975.0 华安鑫创
300930 26.24 11352.58 屹通新材
300962 16.06 32575.07 中金辐照
300963 16.19 24428.5 中洲特材
300991 14.3 127674.57 创益通
301012 37.72 21398.11 扬电科技
301015 25.45 36551.39 百洋医药
301021 27.5 36310.15 英诺激光
301030 44.4 72991.81 仕净科技
301031 180.47 3833.4 中熔电气
301051 51.21 11597.65 信濠光电
301057 21.08 30791.73 汇隆新材
301118 32.63 46573.55 恒光股份
301162 97.95 8435.35 国能日新
301278 117.4 14962.71 快可电子
301286 26.86 48667.57 侨源股份
301327 203.09 9613.49 华宝新能
301333 97.02 10665.75 诺思格
301377 21.45 77411.74 鼎泰高科
301388 24.8 24421.57 欣灵电气
600111 26.38 624793.38 北方稀土
600256 9.34 1517227.75 广汇能源
600268 8.19 236446.7 国电南自
600366 11.35 364817.88 宁波韵升
600399 15.2 388066.38 抚顺特钢
600418 13.49 889037.88 江淮汽车
600438 40.5 1061102.5 通威股份
600458 9.61 170482.55 时代新材
600478 9.95 486577.31 科力远
600537 5.95 664314.75 亿晶光电
600549 20.76 172183.27 厦门钨业
600620 11.37 72041.4 天宸股份
600821 7.96 606323.06 金开新能
600905 5.97 2373092.5 三峡能源
