000058 7.43 603103.19 深赛格
000554 6.14 163472.73 泰山石油
000638 7.8 274235.28 万方发展
000659 3.54 335392.12 珠海中富
000753 4.77 294652.25 漳州发展
002149 16.96 130031.47 西部材料
002179 57.77 175650.02 中航光电
002311 63.22 184484.66 海大集团
002350 8.51 475322.62 北京科锐
002769 10.55 145561.91 普路通
002961 16.45 73830.5 瑞达期货
300034 44.9 116159.98 钢研高纳
300382 18.15 144060.0 斯莱克
300395 49.55 146986.81 菲利华
300416 31.02 46573.77 苏试试验
300459 4.99 6102198.0 汤姆猫
300522 13.13 82617.25 世名科技
300548 21.84 223058.95 博创科技
300591 5.89 304786.94 万里马
300666 79.27 57104.17 江丰电子
300688 21.63 254710.23 创业黑马
300692 7.79 182994.12 中环环保
300799 133.3 10063.5 左江科技
300811 94.93 32039.82 铂科新材
300888 73.39 23220.3 稳健医疗
300922 19.49 238275.28 天秦装备
300985 24.95 43136.56 致远新能
301033 53.6 33639.62 迈普医学
301133 27.9 40310.48 金钟股份
301137 15.31 56479.29 哈焊华通
301179 52.88 24769.88 泽宇智能
301191 99.61 19979.58 菲菱科思
301198 29.33 57584.57 喜悦智行
301211 35.39 263293.03 亨迪药业
301273 46.12 8921.27 瑞晨环保
600160 18.29 424952.81 巨化股份
600195 15.6 214531.73 中牧股份
600201 12.49 309306.06 生物股份
600211 53.36 81524.76 西藏药业
600338 26.62 544837.06 西藏珠峰
600363 29.55 218396.08 联创光电
600506 11.89 68502.6 香梨股份
600535 14.29 244549.0 天士力
600576 7.53 117970.2 祥源文旅
600780 8.63 259675.44 通宝能源
600790 4.76 328743.75 轻纺城
