000007 7.85 118490.0 全新好
000025 20.17 146443.16 特力A
000037 8.44 114808.0 深南电A
000049 49.18 136475.41 德赛电池
000060 4.58 714355.62 中金岭南
000426 6.81 273186.28 兴业矿业
000506 3.66 497072.88 中润资源
000534 17.15 86879.0 万泽股份
000545 3.82 284699.72 金浦钛业
000586 9.71 46694.01 汇源通信
000589 5.24 180717.44 贵州轮胎
000612 5.95 251312.31 焦作万方
000625 14.79 3222937.0 长安汽车
000626 9.93 61404.91 远大控股
000628 13.62 95633.0 高新发展
000629 5.4 2678490.0 钒钛股份
000630 3.59 2407692.5 铜陵有色
000633 9.0 87991.0 合金投资
000635 9.44 49832.0 英力特
000637 5.52 304804.91 茂化实华
000655 7.87 135429.73 金岭矿业
000683 9.31 676184.25 远兴能源
000719 8.45 168053.56 中原传媒
000737 6.48 279303.19 北方铜业
000751 3.43 484760.16 锌业股份
000795 7.73 462334.41 英洛华
000800 8.41 153832.08 一汽解放
000807 13.8 535233.75 云铝股份
000810 16.22 545541.06 创维数字
000819 25.02 82307.92 岳阳兴长
000822 8.51 261950.41 山东海化
000829 10.48 230915.94 天音控股
000831 43.79 846688.19 中国稀土
000851 5.77 1058569.5 高鸿股份
000868 7.14 665260.19 安凯客车
000886 5.09 425060.47 海南高速
000890 4.16 71700.0 法尔胜
000923 15.35 99389.11 河钢资源
000980 4.72 2051540.5 众泰汽车
000985 18.31 17802.0 大庆华科
002015 11.43 206686.91 协鑫能科
002019 13.3 100426.56 亿帆医药
002023 9.12 93707.85 海特高新
002030 16.24 231385.12 达安基因
002044 6.62 1053306.12 美年健康
002048 15.86 96594.11 宁波华翔
002051 8.71 211939.05 中工国际
002057 12.26 321233.53 中钢天源
002066 12.83 75876.41 瑞泰科技
002074 33.2 247946.95 国轩高科
002114 7.59 133590.0 罗平锌电
002116 11.53 165901.12 中国海诚
002136 15.73 81488.78 安纳达
002139 12.47 296077.19 拓邦股份
002149 17.4 135334.38 西部材料
002165 4.43 199936.44 红宝丽
002166 10.26 205650.48 莱茵生物
002174 11.53 419962.62 游族网络
002175 3.77 725763.12 东方智造
002182 23.17 315299.03 云海金属
002189 16.58 84583.31 中光学
002194 10.31 176680.3 武汉凡谷
002201 13.99 93876.24 正威新材
002213 16.76 108980.0 大为股份
002232 15.21 273844.56 启明信息
002238 8.34 428554.25 天威视讯
002245 15.67 517388.56 蔚蓝锂芯
002281 17.78 68422.72 光迅科技
002333 6.16 185133.0 罗普斯金
002337 5.44 251629.59 赛象科技
002348 4.12 651242.5 高乐股份
002379 4.52 313409.03 宏创控股
002385 9.5 1294866.62 大北农
002386 7.94 261987.23 天原股份
002389 23.95 359564.62 航天彩虹
002402 16.8 137509.33 和而泰
002406 5.42 268652.38 远东传动
002428 10.88 201214.77 云南锗业
002444 22.04 166729.88 巨星科技
002489 3.75 480444.47 浙江永强
002491 4.95 142162.78 通鼎互联
002505 2.99 1579891.88 鹏都农牧
002512 3.96 603895.5 达华智能
002519 5.22 345622.09 银河电子
002526 2.53 651509.75 山东矿机
002529 20.07 203019.0 海源复材
002537 8.45 636348.25 海联金汇
002540 6.02 245017.08 亚太科技
002578 4.73 136124.0 闽发铝业
002594 304.33 272986.97 比亚迪
002598 12.76 201009.41 山东章鼓
002603 30.0 953355.19 以岭药业
002633 10.58 31159.58 申科股份
002652 2.9 178116.59 扬子新材
002703 10.05 384122.84 浙江世宝
002706 14.97 150732.41 良信股份
002716 3.29 456234.44 金贵银业
002765 9.83 209372.95 蓝黛科技
002800 25.42 96811.87 天顺股份
002851 28.92 46887.65 麦格米特
002873 14.77 65998.29 新天药业
002893 9.25 42756.9 华通热力
002906 40.01 66862.73 华阳集团
002908 17.78 123581.68 德生科技
002937 28.74 49615.09 兴瑞科技
002941 13.47 82954.1 新疆交建
002978 38.92 50305.6 安宁股份
002996 15.11 67553.0 顺博合金
002998 7.3 54191.5 优彩资源
300001 17.41 182193.92 特锐德
300007 19.01 79894.61 汉威科技
300008 4.72 713435.75 天海防务
300014 90.05 259373.31 亿纬锂能
300017 5.97 516893.25 网宿科技
300020 7.36 214331.59 银江技术
300031 15.0 187577.5 宝通科技
300034 46.02 67533.1 钢研高纳
300039 7.56 474747.47 上海凯宝
300061 7.54 379219.97 旗天科技
300068 24.24 409870.81 南都电源
300085 11.43 322668.59 银之杰
300088 6.78 690796.0 长信科技
300092 16.14 70649.0 科新机电
300106 8.91 59639.3 西部牧业
300116 1.75 787053.81 保力新
300127 17.64 57528.15 银河磁体
300131 5.42 233363.48 英唐智控
300134 8.86 75906.0 大富科技
300157 3.58 144513.8 恒泰艾普
300163 3.4 87950.0 先锋新材
300164 4.34 177970.05 通源石油
300169 4.8 69648.54 天晟新材
300182 4.88 503538.88 捷成股份
300187 6.03 77918.37 永清环保
300208 10.97 138707.8 青岛中程
300211 8.0 47096.0 亿通科技
300225 5.82 70738.0 金力泰
300242 3.8 415012.0 佳云科技
300243 8.75 30729.08 瑞丰高材
300259 3.56 101118.16 新天科技
300279 5.42 78499.0 和晶科技
300281 5.39 43405.01 金明精机
300291 4.79 132981.59 百纳千成
300295 9.7 87629.0 三六五网
300302 7.86 113904.96 同有科技
300310 3.87 193607.12 宜通世纪
300315 3.49 489138.75 掌趣科技
300322 8.1 55846.58 硕贝德
300328 7.16 145232.97 宜安科技
300329 8.14 197326.41 海伦钢琴
300348 11.93 357792.41 长亮科技
300351 18.02 176493.78 永贵电器
300371 12.77 11175.25 汇中股份
300377 9.47 203882.52 赢时胜
300381 8.19 50452.77 溢多利
300405 5.79 40254.6 科隆股份
300414 8.4 77364.65 中光防雷
300419 6.29 166076.3 浩丰科技
300430 14.29 65056.0 诚益通
300435 14.65 49995.01 中泰股份
300441 6.11 85349.25 鲍斯股份
300448 5.36 120655.74 浩云科技
300457 20.59 126173.99 赢合科技
300459 3.45 2104114.5 汤姆猫
300468 11.27 226695.7 四方精创
300471 13.82 97212.95 厚普股份
300480 17.33 56742.4 光力科技
300490 15.73 222056.44 华自科技
300491 17.62 94829.48 通合科技
300493 6.89 61651.65 润欣科技
300518 41.8 23585.0 盛讯达
300521 13.82 65264.98 爱司凯
300527 7.76 187761.45 中船应急
300542 13.13 89345.31 新晨科技
300556 20.03 71714.84 丝路视觉
300568 24.05 552729.88 星源材质
300597 8.42 41042.38 吉大通信
300609 17.87 47926.0 汇纳科技
300618 44.93 61033.26 寒锐钴业
300637 7.27 23333.8 扬帆新材
300643 16.24 52849.86 万通智控
300678 19.45 102501.71 中科信息
300680 26.22 115614.82 隆盛科技
300684 16.89 41157.42 中石科技
300686 12.81 68147.72 智动力
300697 10.58 26057.12 电工合金
300710 26.77 20599.55 万隆光电
300740 13.61 90199.73 水羊股份
300748 35.04 181904.16 金力永磁
300757 61.81 29695.82 罗博特科
300758 13.4 156296.03 七彩化学
300766 12.23 231356.95 每日互动
300773 17.15 203236.8 拉卡拉
300792 28.73 39219.02 壹网壹创
300793 16.85 113440.88 佳禾智能
300813 46.31 24912.41 泰林生物
300821 13.31 88741.47 东岳硅材
300840 9.63 33102.98 酷特智能
300872 14.39 84016.76 天阳科技
300883 6.43 52344.9 龙利得
300891 10.7 78371.19 惠云钛业
300902 37.42 16813.51 国安达
300912 15.01 20510.0 凯龙高科
300940 20.22 30021.18 南极光
300943 13.55 50916.69 春晖智控
300950 19.0 45665.73 德固特
300963 17.67 33683.27 中洲特材
300964 29.87 14751.49 本川智能
300977 20.54 7676.33 深圳瑞捷
300980 20.06 11297.67 祥源新材
300994 21.78 16187.32 久祺股份
300995 19.82 6715.0 奇德新材
301001 22.31 20478.0 凯淳股份
301006 18.39 36240.02 迈拓股份
301067 42.96 6299.01 显盈科技
301070 26.3 6527.31 开勒股份
301083 12.59 38111.67 百胜智能
301085 32.5 20343.21 亚康股份
301135 25.92 20286.23 瑞德智能
301138 26.34 9276.27 华研精机
301139 27.9 13315.54 元道通信
301151 18.3 15641.12 冠龙节能
301159 31.4 18220.95 三维天地
301179 48.06 14356.3 泽宇智能
301185 17.39 42656.25 鸥玛软件
301197 22.38 13365.09 工大科雅
301213 39.51 13568.68 观想科技
301219 74.14 31294.8 腾远钴业
301223 20.28 17550.52 中荣股份
301228 16.58 10104.67 实朴检测
301238 26.36 89954.73 瑞泰新材
301300 33.8 8576.51 远翔新材
600039 12.18 543809.25 四川路桥
600099 9.47 34900.36 林海股份
600100 4.8 406962.66 同方股份
600149 6.67 124926.0 廊坊发展
600152 15.08 386605.16 维科技术
600190 3.56 587259.06 锦州港
600198 6.7 165031.47 大唐电信
600201 11.31 404600.09 生物股份
600206 14.17 240977.89 有研新材
600213 11.0 164773.14 亚星客车
600238 13.74 324578.0 海南椰岛
600243 4.34 142844.5 青海华鼎
600259 49.31 175385.91 广晟有色
600281 4.83 70682.0 华阳新材
600319 6.52 94539.33 亚星化学
600328 16.26 205282.47 中盐化工
600331 3.18 468525.41 宏达股份
600345 17.59 27786.41 长江通信
600363 27.0 68368.84 联创光电
600367 18.42 170054.03 红星发展
600392 17.35 870609.38 盛和资源
600409 6.99 263980.44 三友化工
600459 17.25 239326.64 贵研铂业
600490 3.37 484240.44 鹏欣资源
600497 5.71 1761785.12 驰宏锌锗
600531 6.0 378364.66 豫光金铅
600539 6.98 37221.01 狮头股份
600549 23.48 626694.69 厦门钨业
600552 10.8 212222.5 凯盛科技
600561 5.77 38974.0 江西长运
600567 2.64 798908.81 山鹰国际
600615 9.74 21755.59 丰华股份
600685 23.42 117111.57 中船防务
600720 10.64 197338.45 祁连山
600753 14.57 123037.52 东方银星
600784 6.79 57796.41 鲁银投资
600785 18.14 84671.09 新华百货
600807 3.65 93555.33 济南高新
600811 2.52 613010.75 东方集团
600830 6.71 192691.38 香溢融通
600836 6.59 70606.06 上海易连
600857 11.07 45041.55 宁波中百
600862 25.35 153408.02 中航高科
600876 22.12 115991.76 洛阳玻璃
600889 5.38 43658.01 南京化纤
600909 5.19 853618.94 华安证券
600970 9.48 226981.44 中材国际
600980 15.71 42432.5 北矿科技
600992 24.84 219414.52 贵绳股份
