000030 4.67 59168.82 富奥股份 1.08
000708 18.09 71680.38 中信特钢 0.72
002064 7.2 236887.12 华峰化学 2.86
002221 8.5 357044.0 东华能源 3.03
002534 15.82 87191.94 西子洁能 2.06
002782 19.45 163080.42 可立克 5.76
002882 11.67 79857.0 金龙羽 1.21
002949 14.58 26643.91 华阳国际 1.18
300019 16.93 57977.74 硅宝科技 1.26
300143 11.54 163154.45 盈康生命 3.04
300146 24.46 210650.44 汤臣倍健 3.12
300286 33.45 24970.03 安科瑞 1.83
300484 11.22 36234.0 蓝海华腾 1.08
300500 14.52 71608.59 启迪设计 2.76
300533 27.88 51139.4 冰川网络 4.22
300712 52.77 92542.8 永福股份 3.69
300731 18.32 21860.73 科创新源 2.12
300821 12.71 154152.16 东岳硅材 3.75
301023 41.6 19715.6 江南奕帆 7.63
301062 9.32 166178.91 上海艾录 5.43
301131 47.76 44922.7 聚赛龙 6.73
600869 5.31 186303.0 远东股份 0.57
