000404 6.08 1247762.5 长虹华意
000933 15.86 493209.88 神火股份
002050 23.02 460023.09 三花智控
002205 11.53 119625.25 国统股份
002362 17.65 260653.59 汉王科技
002820 14.23 617486.5 桂发祥
002826 10.78 94546.44 易明医药
002925 18.6 160393.02 盈趣科技
002933 29.96 125290.85 新兴装备
002976 25.7 37426.01 瑞玛精密
300018 6.68 183296.84 中元股份
300118 33.0 921974.62 东方日升
300505 24.37 106635.3 川金诺
300567 55.01 53273.42 精测电子
300573 162.0 44936.46 兴齐眼药
300630 26.08 120169.87 普利制药
300662 53.51 25202.78 科锐国际
300716 15.17 103520.29 国立科技
300787 31.12 39848.99 海能实业
301004 36.46 18064.44 嘉益股份
301078 13.39 223800.77 孩子王
301207 50.77 40811.96 华兰疫苗
301267 78.64 31775.85 华厦眼科
600123 14.54 299907.28 兰花科创
600129 31.72 60899.68 太极集团
600195 12.45 169894.89 中牧股份
600521 24.86 1279592.5 华海药业
600853 3.97 949522.81 龙建股份
