000710 13.33 220301.12 贝瑞基因
000816 4.14 1186473.25 智慧农业
002064 8.15 522277.59 华峰化学
002096 14.25 189038.66 南岭民爆
002197 11.23 1046589.62 证通电子
002435 5.65 390408.25 长江健康
002481 6.31 224560.91 双塔食品
002587 6.55 1176186.12 奥拓电子
002675 19.55 86958.69 东诚药业
002758 16.53 302647.84 浙农股份
002861 12.12 95951.9 瀛通通讯
002969 4.39 248098.69 嘉美包装
002970 23.6 47067.45 锐明技术
002975 37.67 13861.28 博杰股份
300079 5.96 1334333.0 数码视讯
300137 6.09 83012.81 先河环保
300219 7.85 219311.0 鸿利智汇
300387 7.73 222207.95 富邦股份
300421 14.15 165210.95 力星股份
300452 18.7 76112.85 山河药辅
300475 19.19 28928.6 香农芯创
300556 21.19 98532.42 丝路视觉
300691 15.88 107207.4 联合光电
300747 27.71 101630.9 锐科激光
300752 20.27 57188.66 隆利科技
300770 39.89 53038.6 新媒股份
300846 11.75 430268.81 首都在线
300870 56.86 17241.24 欧陆通
300971 23.5 37656.38 博亚精工
301066 13.45 99537.22 万事利
301083 13.59 107773.99 百胜智能
301095 100.52 29137.38 广立微
301129 83.66 7727.0 瑞纳智能
301169 38.36 45889.09 零点有数
301178 29.4 62800.28 天亿马
301288 19.05 33362.43 清研环境
301289 47.27 18317.86 国缆检测
301367 230.0 12745.39 怡和嘉业
600381 11.35 343241.31 青海春天
600419 16.94 72454.92 天润乳业
