000573 4.28 599587.62 粤宏远A 1.91
002383 8.32 447455.16 合众思壮 3.74
002649 15.57 839869.06 博彦科技 4.36
002789 16.51 77049.53 建艺集团 3.19
002829 39.94 35874.28 星网宇达 1.6
002906 38.62 137662.53 华阳集团 3.04
300007 20.34 159873.77 汉威科技 1.7
300053 9.15 479121.47 欧比特 5.29
300349 12.02 44810.7 金卡智能 1.86
300503 10.12 235628.34 昊志机电 5.09
300772 16.44 195026.2 运达股份 1.73
300928 42.77 37420.91 华安鑫创 5.21
300948 15.67 111066.27 冠中生态 5.45
300964 32.69 53359.2 本川智能 7.18
300970 20.5 39331.54 华绿生物 2.5
300978 13.37 33390.16 东箭科技 1.67
600211 51.08 109435.74 西藏药业 7.79
600615 9.82 31438.0 丰华股份 1.13
600730 6.89 233212.41 中国高科 0.44
600984 7.42 567531.25 建设机械 4.95
