000977 26.79 1234350.52 浪潮信息(6.1)
002181 5.82 649130.85 粤 传 媒(3.56)
002281 19.99 351246.47 光迅科技(0.35)
002935 30.13 73240.27 天奥电子(5.09)
300047 8.04 1092858.41 天源迪科(1.77)
300081 8.45 888641.15 恒信东方(2.18)
300182 5.42 2229473.18 捷成股份(3.63)
300235 13.26 205310.57 方直科技(2.39)
300352 5.16 1327402.32 北信源(1.98)
300364 12.43 1027990.34 中文在线(2.22)
300418 20.98 1208622.87 昆仑万维(6.99)
300502 28.95 488353.91 新易盛(6.28)
300557 36.2 18267.11 理工光科(3.87)
300674 17.79 345891.09 宇信科技(5.2)
300766 13.32 355922.38 每日互动(4.96)
300830 9.73 275931.51 金现代(4.62)
301025 12.14 153508.18 读客文化(3.76)
301052 27.2 74228.82 果麦文化(2.87)
301165 42.52 91835.53 锐捷网络(4.73)
301231 26.21 90968.32 荣信文化(0.96)
301316 30.75 231238.2 慧博云通(4.98)
