000017 4.79 162907.0 深中华A
000615 7.86 450916.47 奥园美谷
000620 3.27 1540862.38 新华联
000622 5.25 761855.69 恒立实业
000631 3.81 262313.44 顺发恒业
000659 3.31 430220.38 珠海中富
000716 8.28 1144811.62 黑芝麻
000816 4.25 1015471.81 智慧农业
000830 13.66 285434.19 鲁西化工
000913 26.96 79683.95 钱江摩托
002074 32.82 287771.72 国轩高科
002091 9.21 536840.5 江苏国泰
002101 25.71 502237.59 广东鸿图
002132 4.95 836364.88 恒星科技
002215 5.92 214660.0 诺普信
002244 10.58 473362.88 滨江集团
002300 8.59 128504.2 太阳电缆
002363 8.85 611287.62 隆基机械
002388 8.02 245259.8 新亚制程
002428 11.09 332669.12 云南锗业
002460 81.85 711845.25 赣锋锂业
002483 5.89 336353.19 润邦股份
002514 13.11 950247.94 宝馨科技
002591 8.11 545117.25 恒大高新
002613 5.89 1096129.62 北玻股份
002666 5.5 251731.0 德联集团
002668 6.49 426953.31 奥马电器
002676 4.41 450023.03 顺威股份
002694 5.51 227673.73 顾地科技
002734 10.44 53500.86 利民股份
002760 24.22 34549.51 凤形股份
002762 12.42 462134.0 金发拉比
002766 6.27 516852.0 索菱股份
002790 9.87 112690.6 瑞尔特
002805 46.9 85239.82 丰元股份
002838 19.06 218816.7 道恩股份
002862 17.26 46504.0 实丰文化
002915 22.59 97189.17 中欣氟材
002918 19.5 63068.0 蒙娜丽莎
002940 33.92 44739.0 昂利康
002969 4.51 311150.91 嘉美包装
300035 21.06 554272.5 中科电气
300140 8.03 165600.05 中环装备
300173 5.04 242786.05 福能东方
300210 3.38 320625.97 森远股份
300238 11.91 149100.66 冠昊生物
300271 8.99 523772.19 华宇软件
300275 17.56 75825.12 梅安森
300283 5.98 279792.16 温州宏丰
300320 11.62 220104.28 海达股份
300409 16.81 181145.48 道氏技术
300415 23.95 118297.24 伊之密
300489 19.44 50012.6 光智科技
300521 13.97 39806.0 爱司凯
300559 12.02 213547.05 佳发教育
300586 20.26 218757.3 美联新材
300591 5.33 166187.05 万里马
300610 14.3 59509.9 晨化股份
300613 61.45 145396.66 富瀚微
300614 29.0 80908.23 百川畅银
300622 22.43 24637.04 博士眼镜
300670 8.5 46648.97 大烨智能
300677 26.2 224691.88 英科医疗
300709 25.63 132462.89 精研科技
300722 29.57 79408.26 新余国科
300758 14.87 420439.91 七彩化学
300897 30.93 18589.7 山科智能
300933 8.83 191464.88 中辰股份
301026 42.51 54236.93 浩通科技
301046 41.26 81278.86 能辉科技
301069 32.48 69186.09 凯盛新材
301093 35.41 43462.49 华兰股份
301120 21.58 137202.33 新特电气
301212 37.45 29283.16 联盛化学
301220 44.29 43672.97 亚香股份
301233 49.74 54204.76 盛帮股份
301238 29.24 242299.0 瑞泰新材
301257 63.8 23093.52 普蕊斯
301366 52.28 18465.54 一博科技
301398 35.4 23136.39 星源卓镁
600113 8.25 374056.03 浙江东日
600114 10.68 289934.31 东睦股份
600156 5.26 83683.59 华升股份
600200 8.29 350389.84 江苏吴中
600210 5.87 601167.31 紫江企业
600325 9.86 488011.56 华发股份
600400 4.51 1149725.88 红豆股份
600433 4.6 270724.22 冠豪高新
600481 13.14 820297.88 双良节能
600595 3.56 558788.0 中孚实业
600605 11.51 181401.81 汇通能源
600637 7.17 871808.5 东方明珠
600867 10.36 489732.03 通化东宝
600884 19.4 440909.12 杉杉股份
