000505 8.91 428072.62 京粮控股
002028 46.96 68103.89 思源电气
002215 7.58 461796.69 诺普信
002355 5.1 570987.75 兴民智通
002397 5.31 173688.0 梦洁股份
002458 15.73 327869.72 益生股份
002528 11.41 2068385.0 英飞拓
002589 4.38 842504.5 瑞康医药
002674 12.28 34861.76 兴业科技
002679 13.4 133402.61 福建金森
002719 14.18 483828.19 麦趣尔
002759 20.16 460470.16 天际股份
002766 6.54 868947.81 索菱股份
002843 20.95 34030.66 泰嘉股份
002846 9.74 64307.8 英联股份
002867 16.3 168963.56 周大生
002875 18.38 304054.09 安奈儿
002897 56.77 64033.13 意华股份
002947 24.53 60706.35 恒铭达
002959 76.31 27030.03 小熊电器
300099 7.13 418281.16 精准信息
300241 5.58 351928.0 瑞丰光电
300268 19.96 90859.0 佳沃食品
300274 122.28 251243.36 阳光电源
300360 17.47 268727.62 炬华科技
300428 34.65 161248.56 立中集团
300488 25.16 20699.1 恒锋工具
300547 19.77 82446.85 川环科技
300566 24.0 174142.44 激智科技
300594 24.92 39943.0 朗进科技
300671 48.36 130180.42 富满微
300673 19.8 116528.36 佩蒂股份
300724 128.68 105674.03 捷佳伟创
300814 21.81 69665.24 中富电路
300820 92.07 30313.94 英杰电气
300911 51.69 29975.02 亿田智能
300927 20.52 56462.62 江天化学
300938 40.54 15597.91 信测标准
300939 33.49 52772.53 秋田微
300966 30.58 64983.3 共同药业
300990 94.65 19554.41 同飞股份
301005 26.99 15345.03 超捷股份
301007 13.55 56383.08 德迈仕
301051 69.96 17022.53 信濠光电
301070 27.76 13244.32 开勒股份
301119 31.64 18318.86 正强股份
301128 31.67 19048.1 强瑞技术
301138 26.85 11749.34 华研精机
301263 38.54 55541.24 泰恩康
301277 32.0 40922.71 新天地
301282 31.57 62973.49 金禄电子
600148 15.14 35273.19 长春一东
600156 5.28 88466.49 华升股份
600398 6.12 590871.88 海澜之家
600731 10.27 509150.81 湖南海利
600841 7.29 187997.2 动力新科
600898 6.03 126748.66 国美通讯
600960 3.93 288848.72 渤海汽车
