000710 13.34 210184.68 贝瑞基因
000816 4.13 1091852.24 智慧农业
002096 14.23 173896.66 南岭民爆
002435 5.66 368350.63 长江健康
002675 19.59 80538.69 东诚药业
002758 16.5 239879.53 浙农股份
002861 12.1 87007.2 瀛通通讯
002969 4.41 229733.67 嘉美包装
002970 23.43 41835.44 锐明技术
300079 5.9 1244594.54 数码视讯
300219 7.82 194803.52 鸿利智汇
300421 14.03 141785.57 力星股份
300452 18.77 70586.7 山河药辅
300747 27.83 92887.36 锐科激光
300770 39.69 47824.21 新媒股份
300846 11.7 400929.52 首都在线
301066 13.32 80079.63 万事利
301095 100.82 26769.38 广立微
301129 84.4 7194.0 瑞纳智能
301178 29.21 53769.08 天亿马
301289 47.24 17383.86 国缆检测
301367 229.27 11507.51 怡和嘉业
600381 11.35 322038.32 青海春天
