000060 4.6 805780.0 中金岭南
000338 12.91 1782487.5 潍柴动力
000404 6.09 253502.06 长虹华意
000422 15.58 136287.52 湖北宜化
000521 5.14 304499.69 长虹美菱
000528 6.84 385488.69 柳工
000570 5.63 111977.6 苏常柴A
000589 5.41 251537.14 贵州轮胎
000603 13.59 125877.15 盛达资源
000612 5.91 197991.84 焦作万方
000615 8.15 621356.0 奥园美谷
000622 5.0 274778.88 恒立实业
000630 3.46 1963673.0 铜陵有色
000672 14.1 351410.59 上峰水泥
000680 5.0 730528.25 山推股份
000707 10.65 175706.3 双环科技
000715 6.6 189192.56 中兴商业
000726 8.45 91934.38 鲁泰A
000737 6.83 521688.75 北方铜业
000758 5.73 576613.81 中色股份
000789 9.46 159562.59 万年青
000798 11.53 114780.01 中水渔业
000822 8.44 237058.05 山东海化
000830 14.62 347903.62 鲁西化工
000880 11.2 213775.28 潍柴重机
000885 10.83 86894.6 城发环境
000898 2.97 905511.75 鞍钢股份
000902 12.48 220121.52 新洋丰
000906 10.56 72832.92 浙商中拓
000921 18.37 102807.61 海信家电
000923 15.35 146894.66 河钢资源
000928 7.45 256014.2 中钢国际
000932 5.53 1431636.62 华菱钢铁
000937 6.76 516319.41 冀中能源
000951 17.97 376276.84 中国重汽
000960 15.29 377399.69 锡业股份
000962 12.52 116319.79 东方钽业
002003 10.86 133253.38 伟星股份
002043 14.6 669084.75 兔宝宝
002045 13.9 347480.38 国光电器
002057 12.12 173959.08 中钢天源
002072 8.0 165402.0 凯瑞德
002092 8.85 829642.62 中泰化学
002097 6.58 186212.94 山河智能
002111 11.08 124357.47 威海广泰
002114 7.43 90165.11 罗平锌电
002158 27.84 79016.07 汉钟精机
002186 15.47 246497.05 全聚德
002193 9.24 393103.81 如意集团
002223 30.79 216259.22 鱼跃医疗
002243 8.91 217508.34 力合科创
002253 17.17 320051.06 川大智胜
002295 7.68 46839.0 精艺股份
002299 24.8 201012.77 圣农发展
002319 17.23 23640.01 乐通股份
002327 7.72 74836.82 富安娜
002328 7.52 1162861.12 新朋股份
002348 4.65 546986.69 高乐股份
002435 5.72 314077.12 长江健康
002438 13.72 306055.72 江苏神通
002521 5.67 70883.18 齐峰新材
002543 9.68 119563.13 万和电气
002601 22.45 242467.28 龙佰集团
002612 27.98 168656.95 朗姿股份
002614 8.94 188058.44 奥佳华
002615 8.13 128507.54 哈尔斯
002634 10.45 71184.0 棒杰股份
002677 13.82 172553.56 浙江美大
002763 8.34 104631.88 汇洁股份
002769 9.82 181719.0 普路通
002787 8.4 120716.42 华源控股
002820 11.06 343600.0 桂发祥
002832 31.18 44751.6 比音勒芬
002875 18.37 399197.41 安奈儿
002895 29.53 63741.3 川恒股份
002923 18.75 55068.66 润都股份
002940 34.93 27524.22 昂利康
002941 13.58 70240.2 新疆交建
002942 20.82 30345.4 新农股份
002989 17.63 30229.41 中天精装
002996 14.43 53240.0 顺博合金
300043 3.38 954486.56 星辉娱乐
300121 12.37 117946.75 阳谷华泰
300160 8.07 277824.41 秀强股份
300268 19.04 42604.06 佳沃食品
300275 17.34 58392.0 梅安森
300314 18.49 262567.0 戴维医疗
300406 18.11 76067.11 九强生物
300423 14.43 231952.23 N辉科技
300497 13.38 94543.0 富祥药业
300505 24.84 66353.36 川金诺
300517 14.83 23539.7 海波重科
300521 14.29 22986.25 爱司凯
300540 20.25 21498.14 蜀道装备
300577 17.42 46090.94 开润股份
300649 20.94 76227.78 杭州园林
300715 15.2 49918.83 凯伦股份
300740 14.92 205516.31 水羊股份
300755 34.99 54832.62 华致酒行
300785 35.68 93865.77 值得买
300819 15.27 20611.0 聚杰微纤
300824 10.63 73419.5 北鼎股份
300828 15.81 21086.0 锐新科技
300869 26.95 79826.33 康泰医学
300886 26.4 9453.08 华业香料
300912 16.85 83343.87 凯龙高科
300917 26.2 36595.3 特发服务
300946 32.23 11941.95 恒而达
301055 16.05 21820.0 张小泉
301078 14.08 232545.56 孩子王
301116 17.13 134772.27 益客食品
301161 30.4 89998.0 唯万密封
301171 23.8 236375.66 易点天下
301183 26.28 13615.0 东田微
301188 18.74 36784.43 力诺特玻
301207 49.56 26601.17 华兰疫苗
301212 38.01 28087.75 联盛化学
301231 26.0 53719.7 荣信文化
301257 66.8 9087.22 普蕊斯
301266 74.85 10235.22 宇邦新材
301335 38.4 8173.54 天元宠物
301336 50.0 11438.06 趣睡科技
301363 47.83 16271.34 美好医疗
600070 6.4 195443.36 浙江富润
600083 8.18 23995.0 博信股份
600153 12.86 285116.62 建发股份
600166 3.64 1460687.88 福田汽车
600188 33.1 301747.41 兖矿能源
600248 4.57 219766.81 陕西建工
600256 10.29 1295369.25 广汇能源
600259 48.66 169615.31 广晟有色
600331 3.15 476254.5 宏达股份
600362 19.95 246804.81 江西铜业
600381 11.13 154880.23 青海春天
600397 3.18 156259.02 安源煤业
600409 7.24 323697.28 三友化工
600425 4.15 250719.64 青松建化
600433 4.62 163621.14 冠豪高新
600459 16.96 98811.45 贵研铂业
600475 11.57 475309.56 华光环能
600497 5.54 1041182.81 驰宏锌锗
600501 18.6 500513.38 航天晨光
600531 5.82 176485.83 豫光金铅
600546 15.63 523889.22 山煤国际
600668 13.54 158539.59 尖峰集团
600691 3.71 995112.5 阳煤化工
600731 9.35 516505.22 湖南海利
600782 4.34 556691.31 新钢股份
600830 6.6 132407.62 香溢融通
600839 3.17 1991431.0 四川长虹
600846 9.52 66834.2 同济科技
600888 9.12 274848.12 新疆众和
600971 8.5 302003.28 恒源煤电
600985 13.77 308170.59 淮北矿业
