000049 50.98 170473.64 德赛电池
000534 17.4 117161.61 万泽股份
000628 13.95 104092.85 高新发展
000681 17.03 1618120.62 视觉中国
000735 7.58 868799.06 罗牛山
000785 4.35 237343.2 居然之家
000819 26.46 96867.22 岳阳兴长
002011 16.26 364544.12 盾安环境
002166 10.34 208042.05 莱茵生物
002213 17.46 229840.95 大为股份
002281 18.5 246505.78 光迅科技
002577 13.04 58239.85 雷柏科技
002995 27.98 140835.16 天地在线
300031 15.45 248707.44 宝通科技
300076 5.77 161520.0 GQY视讯
300131 5.46 438617.09 英唐智控
300134 8.91 103766.87 大富科技
300155 5.11 39031.5 安居宝
300187 6.12 81512.46 永清环保
300225 5.87 72317.18 金力泰
300249 9.6 428508.47 依米康
300295 9.86 107084.65 三六五网
300310 3.89 197915.92 宜通世纪
300322 8.18 78667.47 硕贝德
300348 12.18 366532.0 长亮科技
300441 6.47 273756.47 鲍斯股份
300448 5.4 126134.52 浩云科技
300478 10.22 13184.19 杭州高新
300480 17.8 82607.63 光力科技
300486 9.11 57902.11 东杰智能
300490 16.24 256467.95 华自科技
300556 20.5 97062.48 丝路视觉
300588 10.62 66606.4 熙菱信息
300609 18.08 55309.42 汇纳科技
300612 20.56 230677.36 宣亚国际
300615 12.79 35141.19 欣天科技
300667 19.04 95768.92 必创科技
300678 19.58 151648.11 中科信息
300691 15.48 88452.67 联合光电
300758 13.92 172487.84 七彩化学
300792 29.09 56717.09 壹网壹创
300809 22.72 93405.72 华辰装备
300812 22.31 165855.81 易天股份
300840 9.71 43608.0 酷特智能
300870 54.9 15058.48 欧陆通
300994 22.09 22827.77 久祺股份
301001 22.58 31250.0 凯淳股份
301083 12.86 66491.47 百胜智能
301185 17.62 59307.02 鸥玛软件
600100 4.86 480040.19 同方股份
600238 14.61 600599.0 海南椰岛
600363 27.18 74286.26 联创光电
600409 7.1 296200.22 三友化工
600520 18.09 319170.5 文一科技
600561 5.84 43880.13 江西长运
600616 7.69 280678.44 金枫酒业
600696 26.13 27115.93 岩石股份
600720 11.21 469768.72 祁连山
600847 15.56 22201.0 万里股份
600889 5.49 61188.59 南京化纤
600970 9.56 232420.0 中材国际
