000008 2.44 405807.44 神州高铁 3.39
000020 9.3 16485.01 深华发A 1.97
000021 11.22 142402.61 深科技 2.09
000159 7.49 140932.64 国际实业 3.74
000555 11.55 194327.56 神州信息 2.76
000586 8.97 49637.78 汇源通信 2.16
000601 4.85 84569.57 韶能股份 0.83
000619 6.62 71555.57 海螺新材 1.85
000628 11.75 32659.0 高新发展 2.53
000638 7.53 371813.75 万方发展 2.73
000676 5.6 232578.72 智度股份 2.19
000711 2.96 663717.19 京蓝科技 2.07
000719 8.42 168580.44 中原传媒 1.2
000725 3.51 3260499.25 京东方A 1.74
000753 4.17 113635.52 漳州发展 1.71
000782 4.43 97366.64 美达股份 3.02
000797 3.9 1826949.0 中国武夷 4.56
000803 12.42 92571.02 山高环能 5.34
000829 10.29 403001.19 天音控股 3.52
000859 5.46 59701.46 国风新材 0.55
000890 3.96 24707.0 法尔胜 0.76
000955 5.35 220720.94 欣龙控股 3.48
000966 4.95 447377.44 长源电力 3.77
002045 12.92 269401.75 国光电器 2.05
002073 7.08 860812.06 软控股份 7.93
002103 5.78 416373.44 广博股份 3.96
002115 4.99 477178.12 三维通信 4.39
002116 10.53 93613.4 中国海诚 0.19
002134 8.45 32760.0 天津普林 0.12
002141 4.36 381954.56 贤丰控股 4.06
002153 15.62 91974.14 石基信息 1.49
002161 5.08 141878.23 远望谷 2.83
002164 6.41 119491.4 宁波东力 0.63
002165 4.16 108491.1 红宝丽 0.48
002181 6.03 1272621.38 粤传媒 5.42
002188 7.79 518475.03 中天服务 6.28
002195 2.09 826607.44 二三四五 0.48
002209 8.34 53832.0 达意隆 1.96
002218 4.94 133135.17 拓日新能 0.2
002229 7.08 139952.94 鸿博股份 2.02
002232 13.58 132943.0 启明信息 3.74
002238 7.1 240747.8 天威视讯 2.6
002247 2.63 136759.0 聚力文化 1.54
002253 12.68 88085.0 川大智胜 2.84
002261 7.19 535704.69 拓维信息 2.57
002278 5.47 73375.01 神开股份 1.86
002288 4.85 74311.0 超华科技 0.62
002291 13.85 262800.81 遥望科技 2.59
002295 6.85 33882.0 精艺股份 1.33
002296 8.53 343288.0 辉煌科技 3.27
002305 3.07 1802772.38 南国置业 3.02
002322 9.38 58600.0 理工能科 1.3
002325 2.03 315504.72 洪涛股份 2.01
002362 16.75 238627.64 汉王科技 3.14
002367 7.68 66199.0 康力电梯 0.13
002369 5.03 196342.55 卓翼科技 2.03
002373 9.7 206792.41 千方科技 3.74
002376 6.97 34700.0 新北洋 1.16
002380 15.18 83066.0 科远智慧 2.64
002383 7.22 307168.19 合众思壮 4.64
002392 3.61 61064.0 北京利尔 1.4
002403 8.3 75130.0 爱仕达 4.8
002404 6.66 181187.0 嘉欣丝绸 1.22
002418 2.98 117519.0 康盛股份 0.34
002434 8.27 148646.0 万里扬 0.61
002465 8.5 191623.95 海格通信 1.55
002479 4.49 57121.66 富春环保 1.35
002491 4.75 121507.0 通鼎互联 0.85
002521 5.38 141660.83 齐峰新材 4.26
002530 7.72 460803.88 金财互联 1.58
002534 15.05 62534.18 西子洁能 0.27
002553 11.92 117548.19 南方精工 2.85
002558 8.24 199562.12 巨人网络 1.35
002564 5.87 588427.69 天沃科技 2.8
002605 14.8 73368.26 姚记科技 2.07
002632 6.61 47980.0 道明光学 0.76
002647 6.95 185898.84 仁东控股 1.02
002649 11.05 194109.8 博彦科技 3.17
002659 5.04 601137.0 凯文教育 6.33
002689 5.26 1320161.5 远大智能 5.62
002743 5.54 35849.0 富煌钢构 1.28
002757 11.71 109147.3 南兴股份 2.99
002767 12.1 47136.41 先锋电子 3.95
002774 6.66 34500.0 快意电梯 1.22
002782 17.9 56893.54 可立克 0.9
002800 26.57 159460.72 天顺股份 2.87
002802 15.27 23027.02 洪汇新材 2.41
002803 17.05 379855.28 吉宏股份 3.02
002806 10.52 26353.96 华锋股份 1.35
002808 7.69 92074.48 恒久科技 1.99
002811 7.49 16154.5 郑中设计 1.49
002819 26.36 43469.13 东方中科 4.23
002849 20.05 19074.5 威星智能 4.43
002876 38.34 41010.9 三利谱 1.16
002882 11.29 56864.0 金龙羽 0.09
002893 8.7 17982.95 华通热力 0.69
002896 23.88 106333.84 中大力德 1.7
002917 13.09 149026.55 金奥博 2.59
002951 9.43 20528.0 金时科技 2.39
002962 10.52 61386.44 五方光电 0.57
002963 14.66 13687.0 豪尔赛 2.16
002978 34.3 7286.81 安宁股份 0.59
300019 16.38 40069.76 硅宝科技 1.93
300037 45.3 156612.58 新宙邦 0.27
300040 6.02 61823.89 九洲集团 1.18
300045 6.79 42835.82 华力创通 1.19
300046 15.2 33226.25 台基股份 0.46
300063 3.83 154097.0 天龙集团 0.79
300085 9.8 73868.62 银之杰 2.3
300092 14.01 65843.34 科新机电 1.67
300099 6.27 74647.67 精准信息 1.13
300131 4.94 101101.0 英唐智控 0.2
300134 8.16 50059.44 大富科技 0.99
300157 3.3 57686.3 恒泰艾普 0.61
300160 6.5 59652.0 秀强股份 1.25
300173 4.55 167894.7 福能东方 2.94
300184 4.43 98198.0 力源信息 0.68
300190 4.26 34550.83 维尔利 0.47
300195 5.59 45340.6 长荣股份 1.64
300198 2.81 95608.0 纳川股份 1.81
300220 11.13 36008.8 金运激光 0.45
300231 8.02 190176.44 银信科技 2.95
300232 5.7 73266.8 洲明科技 1.24
300234 5.24 56808.9 开尔新材 2.14
300248 9.4 126031.54 新开普 2.85
300252 7.71 59673.72 金信诺 1.45
300270 5.55 22680.0 中威电子 1.65
300272 5.38 42220.4 开能健康 0.56
300277 7.17 52646.0 海联讯 3.46
300279 5.21 41030.6 和晶科技 1.76
300287 3.69 401749.53 飞利信 2.22
300292 3.1 256229.42 吴通控股 1.97
300303 4.04 100573.94 聚飞光电 0.75
300304 4.41 74056.0 云意电气 1.38
300311 6.52 228687.41 任子行 2.35
300321 15.2 7295.0 同大股份 0.33
300327 36.59 71107.32 中颖电子 0.72
300329 7.28 100902.22 海伦钢琴 2.68
300333 6.19 70029.39 兆日科技 1.98
300349 9.76 29908.27 金卡智能 1.99
300352 4.35 235002.88 北信源 1.87
300374 14.03 166624.66 中铁装配 2.41
300375 3.66 56418.43 鹏翎股份 1.1
300383 8.99 515509.38 光环新网 5.89
300386 10.0 44356.93 飞天诚信 1.22
300387 6.79 50630.08 富邦股份 1.95
300417 10.12 9178.22 南华仪器 1.4
300419 5.55 95830.0 浩丰科技 2.97
300444 4.52 79897.69 双杰电气 1.8
300445 13.1 23657.0 康斯特 3.97
300449 5.11 71537.2 汉邦高科 3.02
300451 8.49 231681.12 创业慧康 3.41
300455 7.76 39622.16 康拓红外 2.1
300467 12.9 137142.09 迅游科技 4.96
300479 17.78 52009.41 神思电子 0.68
300480 15.91 52210.95 光力科技 1.53
300493 6.32 60240.07 润欣科技 0.8
300494 15.6 118517.39 盛天网络 1.83
300500 13.73 12268.6 启迪设计 0.51
300509 5.72 17458.2 新美星 1.42
300538 10.86 13992.0 同益股份 1.5
300559 10.99 226249.22 佳发教育 6.39
300560 14.1 78625.8 中富通 5.22
300564 11.99 7958.8 筑博设计 0.93
300571 29.13 16029.42 平治信息 0.41
300572 11.96 32347.76 安车检测 0.84
300588 9.87 38463.4 熙菱信息 1.96
300597 7.92 39679.96 吉大通信 2.19
300602 15.35 44690.43 飞荣达 2.13
300640 5.86 58174.57 德艺文创 2.45
300675 15.18 57563.0 建科院 4.12
300688 18.3 149753.77 创业黑马 4.39
300711 12.04 33954.72 广哈通信 4.06
300746 9.14 13954.0 汉嘉设计 1.11
300766 11.3 169677.56 每日互动 1.44
300787 28.59 21512.0 海能实业 1.71
300805 7.15 25635.0 电声股份 2.29
300830 8.31 65801.0 金现代 2.21
300837 43.99 9479.58 浙矿股份 4.54
300865 18.8 6961.0 大宏立 2.01
300868 15.7 5975.71 杰美特 0.38
300886 22.51 4048.0 华业香料 0.9
300912 13.9 12382.0 凯龙高科 0.8
300920 16.28 9867.79 润阳科技 2.13
300921 18.7 31673.0 南凌科技 2.13
300936 25.93 6771.11 中英科技 1.33
300946 30.6 18376.74 恒而达 4.05
300949 32.6 12289.4 奥雅股份 3.79
300959 29.07 11153.51 线上线下 1.11
300971 20.55 6818.45 博亚精工 1.23
300977 19.54 6350.1 深圳瑞捷 2.04
300982 53.6 29322.45 苏文电能 4.26
300994 20.33 14483.03 久祺股份 0.74
300998 26.69 13863.01 宁波方正 3.33
301010 18.19 8573.0 晶雪节能 0.89
301027 14.16 28785.03 华蓝集团 2.46
301037 16.82 11523.36 保立佳 1.69
301052 23.42 25840.28 果麦文化 1.83
301068 26.36 4990.47 大地海洋 3.7
301095 93.31 19879.85 广立微 0.67
301097 59.38 7216.24 天益医疗 2.95
301098 16.38 21284.48 金埔园林 1.87
301113 26.91 5179.0 雅艺科技 0.67
301137 13.79 10095.92 哈焊华通 1.03
301167 23.15 12074.49 建研设计 0.87
301213 36.1 10593.0 观想科技 1.89
301330 34.39 17955.09 熵基科技 2.66
301336 45.8 7840.0 趣睡科技 3.25
301365 26.34 21187.89 矩阵股份 2.01
301391 91.66 7876.24 卡莱特 0.63
600100 4.46 182722.8 同方股份 0.91
600101 8.82 122855.63 明星电力 1.61
600149 6.45 84382.9 廊坊发展 1.26
600153 14.87 215916.53 建发股份 5.24
600192 5.87 98242.01 长城电工 0.51
600198 6.08 61903.0 大唐电信 0.5
600215 6.11 96573.0 派斯林 2.52
600271 10.88 94111.48 航天信息 1.59
600293 2.68 185046.0 三峡新材 3.08
600336 5.63 44361.0 澳柯玛 0.9
600345 16.53 22428.46 长江通信 2.29
600360 6.77 121317.87 华微电子 0.59
600386 4.21 95592.02 北巴传媒 2.18
600435 12.65 587300.12 北方导航 6.57
600446 10.83 152845.91 金证股份 1.31
600469 4.87 59449.0 风神股份 0.62
600475 9.19 59346.08 华光环能 2.23
600496 4.16 631091.56 精工钢构 2.97
600502 4.95 245260.83 安徽建工 0.81
600510 6.88 146869.41 黑牡丹 1.62
600533 4.01 279972.91 栖霞建设 2.56
600551 10.7 17583.42 时代出版 2.0
600570 42.76 257841.66 恒生电子 2.05
600590 6.09 95478.67 泰豪科技 2.01
600647 13.61 43147.25 同达创业 2.79
600683 4.78 135330.5 京投发展 1.49
600770 7.3 111073.86 综艺股份 2.53
600776 9.5 55223.01 东方通信 1.17
600784 6.36 53011.15 鲁银投资 2.42
600797 6.25 219319.7 浙大网新 2.29
600805 4.42 68872.08 悦达投资 1.84
600807 3.54 69633.0 济南高新 1.43
