000035 5.6 389284.84 中国天楹
000543 4.56 445656.25 皖能电力
000690 6.49 411703.0 宝新能源
000720 5.46 129918.77 新能泰山
000736 17.59 428050.12 中交地产
000779 11.89 173365.05 甘咨询
000905 8.13 214821.56 厦门港务
000967 5.52 685319.25 盈峰环境
000970 15.42 633934.88 中科三环
002062 6.18 998407.44 宏润建设
002130 7.47 464453.75 沃尔核材
002173 7.38 170325.0 创新医疗
002231 9.02 420088.12 奥维通信
002248 10.8 466626.03 华东数控
002254 27.02 134783.55 泰和新材
002280 3.28 798655.69 联络互动
002284 8.48 136549.41 亚太股份
002289 9.69 166817.98 宇顺电子
002314 3.84 600782.5 南山控股
002322 11.0 98456.01 理工能科
002355 4.74 182373.59 兴民智通
002418 3.23 201328.06 康盛股份
002452 7.08 150514.59 长高电新
002454 8.18 204964.88 松芝股份
002540 6.23 224584.48 亚太科技
002542 3.36 649948.38 中化岩土
002547 5.35 761627.81 春兴精工
002558 10.53 530929.94 巨人网络
002587 7.18 1209621.62 奥拓电子
002599 5.91 681964.62 盛通股份
002602 4.37 1804763.25 世纪华通
002605 16.37 171265.12 姚记科技
002660 9.11 163599.03 茂硕电源
002697 5.66 190708.8 红旗连锁
002801 29.19 26656.72 微光股份
002803 18.42 454739.16 吉宏股份
002808 16.24 813152.31 恒久科技
002903 24.48 190706.05 宇环数控
002910 13.2 146771.84 庄园牧场
002949 15.18 31411.0 华阳国际
002975 39.85 19398.91 博杰股份
300024 11.06 714734.25 机器人
300025 5.92 209092.31 华星创业
300063 4.27 638621.38 天龙集团
300077 17.12 489787.91 国民技术
300098 3.63 516137.28 高新兴
300111 4.14 509751.88 向日葵
300117 4.04 295416.59 嘉寓股份
300128 4.04 319713.12 锦富技术
300161 29.63 132264.56 华中数控
300171 28.82 124707.44 东富龙
300192 8.19 199930.5 科德教育
300193 8.52 117501.08 佳士科技
300195 6.2 126055.0 长荣股份
300220 12.23 27629.0 金运激光
300280 18.93 79749.81 紫天科技
300295 10.44 196185.08 三六五网
300308 33.83 398732.88 中际旭创
300315 3.65 604186.56 掌趣科技
300317 5.73 479901.25 珈伟新能
300331 25.92 125396.54 苏大维格
300340 12.58 45399.2 科恒股份
300374 14.24 110187.3 中铁装配
300394 34.19 301060.91 天孚通信
300398 19.39 213746.48 飞凯材料
300400 18.82 82791.34 劲拓股份
300480 18.64 119742.43 光力科技
300486 9.3 55493.0 东杰智能
300494 16.75 91902.0 盛天网络
300504 18.09 42757.0 天邑股份
300508 25.28 20052.16 维宏股份
300519 16.96 51808.91 新光药业
300531 15.07 104638.94 优博讯
300540 18.97 22973.67 蜀道装备
300549 14.3 15331.41 优德精密
300567 61.3 73046.67 精测电子
300582 15.1 143989.94 英飞特
300609 18.57 41931.15 汇纳科技
300617 38.32 12947.95 安靠智电
300652 26.46 35975.43 雷迪克
300713 17.9 216971.8 英可瑞
300770 41.3 52203.8 新媒股份
300780 15.98 48414.2 德恩精工
300787 31.68 30035.7 海能实业
300802 22.56 51634.14 矩子科技
300806 28.43 33245.39 斯迪克
300817 20.58 64385.68 双飞股份
300828 15.83 21397.45 锐新科技
300835 45.13 76096.86 龙磁科技
300853 30.1 20907.07 申昊科技
300864 21.36 14457.12 南大环境
300913 18.48 38793.19 兆龙互连
300926 29.89 38254.65 博俊科技
300964 30.81 11112.66 本川智能
301018 38.98 34774.38 申菱环境
301041 20.21 38426.04 金百泽
301136 14.37 127392.34 招标股份
301182 21.47 11165.43 凯旺科技
301226 32.86 11198.51 祥明智能
301229 31.3 9409.49 纽泰格
301248 33.2 61572.57 杰创智能
301276 26.23 50302.78 嘉曼服饰
301279 24.43 16036.28 金道科技
301326 43.0 9907.67 捷邦科技
600126 4.77 511533.38 杭钢股份
600149 6.76 145379.09 廊坊发展
600266 4.45 786495.06 城建发展
600301 18.57 153267.31 南化股份
600525 5.52 223203.08 长园集团
600636 10.67 170564.7 国新文化
600692 6.39 59699.03 亚通股份
600821 7.7 539835.0 金开新能
600868 2.89 697488.44 梅雁吉祥
