000066 11.99 1171065.75 
000523 3.49 190331.59 
000631 3.63 144386.0 
000702 5.89 98713.02 
000717 2.94 276358.03 
000723 9.6 445675.75 
000768 26.53 345602.81 
000798 10.24 100797.47 
000800 8.2 215617.22 
000801 7.18 178025.48 
000803 12.94 146942.8 
000862 6.89 176316.69 
000901 9.5 561882.62 
000928 6.32 254800.88 
000960 15.33 394514.16 
000969 8.63 301821.88 
002023 8.92 114457.76 
002057 11.56 267442.56 
002075 4.3 657049.25 
002079 15.47 700349.06 
002093 8.2 724023.25 
002111 10.91 162271.16 
002132 4.83 642885.94 
002141 4.62 168896.14 
002173 7.13 194404.0 
002201 13.51 103539.43 
002206 6.58 259009.41 
002248 10.01 280783.5 
002250 18.06 211449.59 
002255 5.02 133499.62 
002292 5.07 597403.12 
002299 24.03 166716.67 
002303 3.85 170755.0 
002318 16.75 159773.19 
002351 9.8 250417.31 
002378 7.77 171179.42 
002418 3.14 225491.88 
002426 2.79 1204370.38 
002472 30.32 192999.12 
002475 32.64 966296.06 
002481 6.1 279425.69 
002489 3.61 320554.0 
002645 18.83 107276.81 
002652 2.83 130697.0 
002662 3.65 324614.91 
002666 5.24 252699.02 
002685 4.05 297207.72 
002695 12.68 85661.6 
002757 12.23 101710.82 
002758 15.43 124704.98 
002778 15.01 17609.8 
002795 9.44 90933.0 
002838 17.69 122575.4 
002864 36.27 39297.0 
002887 9.26 31212.15 
002898 11.63 35774.41 
002911 13.48 95758.53 
002917 12.7 107513.68 
002962 11.25 85252.03 
002986 22.84 22434.32 
300002 4.96 845769.19 
300047 6.85 446122.47 
300057 9.81 187687.69 
300058 5.36 1305199.25 
300078 4.94 165591.31 
300081 7.19 306082.22 
300096 6.39 133761.03 
300099 6.53 114106.84 
300140 7.39 108694.48 
300153 7.5 62126.02 
300164 4.22 212198.72 
300170 9.93 507554.38 
300183 14.2 80850.58 
300200 7.76 46689.1 
300209 5.7 123653.51 
300210 3.16 74586.93 
300220 11.48 25507.6 
300242 3.54 125012.0 
300247 3.94 228957.55 
300248 9.59 159460.67 
300252 7.86 88202.7 
300264 6.32 254764.0 
300269 4.09 234393.77 
300288 11.42 132115.0 
300293 9.35 39884.56 
300300 4.57 334562.0 
300328 6.89 159117.42 
300341 9.43 77719.79 
300350 4.98 88405.8 
300377 9.24 202197.8 
300402 21.25 39786.2 
300417 10.49 13998.7 
300421 12.57 92508.03 
300424 12.97 72292.58 
300440 7.37 67862.0 
300441 5.91 99679.57 
300455 8.68 103872.26 
300471 13.3 61031.99 
300473 16.35 21472.01 
300514 11.92 47337.0 
300538 11.47 14079.51 
300545 18.37 33765.71 
300556 19.1 40554.42 
300561 10.31 84724.92 
300564 12.69 12500.82 
300578 17.16 61673.0 
300583 23.86 8556.41 
300608 8.88 52710.05 
300654 10.0 66433.3 
300674 15.87 171801.84 
300675 15.6 32576.0 
300738 10.24 341195.91 
300753 18.57 59006.02 
300780 15.5 44852.1 
300786 17.02 38276.44 
300792 27.94 42103.32 
300814 21.17 57462.9 
300828 15.41 24365.0 
300845 18.98 33558.73 
300846 10.48 167327.2 
300861 54.03 48024.76 
300881 39.33 13677.16 
300895 30.79 88447.56 
300916 49.73 19006.91 
300930 27.93 10918.98 
300935 27.7 7333.4 
300943 12.97 24370.88 
300945 14.6 58300.69 
300962 16.49 49222.46 
300963 17.02 28208.25 
300971 21.6 13664.5 
300975 6.77 87831.63 
300985 23.3 23195.97 
301000 28.29 4568.8 
301007 12.31 42399.03 
301022 29.7 6039.75 
301039 8.49 155162.41 
301123 24.0 28412.05 
301159 30.09 21194.14 
301169 34.7 21261.0 
301181 38.6 33207.57 
301187 18.31 41044.76 
301215 5.55 147370.8 
301258 42.48 19047.28 
301265 12.96 105346.56 
301298 16.43 24866.0 
301301 9.16 431498.81 
600066 8.34 540917.06 
600085 48.37 137240.34 
600100 4.68 441568.5 
600126 4.59 463645.66 
600148 15.07 35492.01 
600149 6.46 132581.81 
600156 5.07 83183.01 
600158 8.62 206787.52 
600173 5.52 74228.59 
600220 2.85 284009.06 
600232 5.89 37278.0 
600234 7.19 19602.01 
600262 17.97 41495.0 
600330 12.15 471771.19 
600331 3.05 474751.12 
600355 3.55 238519.84 
600363 26.0 61077.09 
600366 11.96 304690.72 
600372 17.08 257417.08 
600392 16.28 623879.44 
600436 324.5 35566.46 
600480 8.59 67398.36 
600569 2.2 392177.53 
600581 4.3 335229.16 
600603 8.93 166257.77 
600604 5.25 149196.66 
600626 3.69 61053.05 
600639 11.69 78117.34 
600686 6.25 279114.84 
600718 10.66 249753.91 
600741 18.28 206860.78 
600754 59.1 156916.83 
600757 5.8 158118.94 
600791 4.86 68469.7 
600797 6.67 297077.88 
600802 5.55 88661.75 
600880 5.51 457061.69 
600960 3.79 172013.11 
600990 32.87 36485.07 
