000070 7.34 366694.25 特发信息 6.07
000510 6.12 213216.09 新金路 4.44
002252 6.78 2360027.75 上海莱士 6.94
002345 5.31 415950.97 潮宏基 0.95
002519 4.69 160153.39 银河电子 3.08
002689 4.98 1145912.0 远大智能 5.96
002698 14.69 84362.49 博实股份 4.85
002723 14.12 194404.8 小崧股份 1.22
002762 9.91 679100.25 金发拉比 5.76
002859 28.82 25613.0 洁美科技 2.09
002997 25.4 57381.92 瑞鹄模具 4.1
300017 5.71 380352.97 网宿科技 2.33
300047 6.36 250514.05 天源迪科 6.0
300092 13.78 55503.9 科新机电 3.22
300105 7.92 123403.0 龙源技术 0.13
300109 25.32 50765.25 新开源 4.63
300311 6.37 182741.02 任子行 4.77
300345 10.55 157507.03 华民股份 2.63
300445 12.6 23311.35 康斯特 3.28
300523 21.5 21900.7 辰安科技 3.02
300541 12.15 139429.48 先进数通 7.05
300575 21.92 36272.97 中旗股份 0.23
300588 9.68 37711.2 熙菱信息 5.1
300674 14.61 98941.52 宇信科技 3.99
300858 33.26 76567.64 科拓生物 7.57
300921 18.31 26369.39 南凌科技 4.45
300950 17.7 23215.25 德固特 1.67
301026 44.0 28880.17 浩通科技 4.76
301050 81.08 48924.89 雷电微力 5.07
301103 32.85 67159.37 何氏眼科 4.22
301195 77.86 10417.23 北路智控 4.23
301220 37.15 4148.62 亚香股份 0.87
600011 7.91 1042122.38 华能国际 3.94
600602 9.35 667515.25 云赛智联 7.35
600756 14.48 214168.42 浪潮软件 6.71
