000017 4.89 146396.94 
000023 11.48 42060.0 
000404 6.24 518630.56 
000409 7.34 154231.81 
000529 8.33 262920.28 
000530 4.78 238772.56 
000558 2.82 257769.0 
000560 2.7 630032.62 
000570 5.36 235486.84 
000573 4.11 443544.0 
000586 9.36 59049.0 
000595 6.97 469389.12 
000599 4.21 154664.66 
000622 4.56 93034.0 
000637 5.38 303747.12 
000638 7.24 144998.0 
000679 5.71 80511.5 
000690 6.66 193966.69 
000695 14.25 23071.02 
000697 7.53 175111.59 
000698 5.05 305993.31 
000726 7.83 149677.95 
000738 25.73 161262.17 
000812 6.4 814664.31 
000819 23.89 67667.77 
000820 4.82 166284.0 
000861 2.23 683371.5 
000863 4.58 645325.62 
000880 10.12 44543.6 
000899 9.98 307952.53 
000903 2.72 178999.41 
000909 9.95 624426.81 
000929 10.61 155109.12 
000953 6.51 80979.0 
000973 4.73 181435.62 
002002 2.98 1836373.62 
002048 15.28 72343.63 
002077 20.06 603804.19 
002080 24.25 162797.55 
002085 6.77 254246.66 
002094 4.27 478615.62 
002103 5.59 304190.44 
002137 7.85 643434.0 
002151 29.95 58257.46 
002153 18.08 190590.28 
002160 4.64 405804.38 
002168 4.02 250589.0 
002175 3.56 255912.55 
002189 15.99 78838.97 
002193 9.04 209069.64 
002197 10.46 433982.59 
002205 11.54 95892.82 
002226 5.34 301442.38 
002234 21.52 140334.0 
002251 6.01 566473.44 
002256 2.69 476320.84 
002265 15.0 138800.67 
002269 1.93 574576.0 
002272 6.9 281649.81 
002276 9.15 248183.56 
002278 5.57 67749.1 
002283 5.28 135233.09 
002289 8.89 107186.01 
002291 15.04 386745.44 
002296 8.99 394842.56 
002298 6.83 160698.08 
002300 8.39 125443.41 
002315 18.85 150624.31 
002323 3.25 288161.69 
002328 5.62 171258.41 
002329 8.65 672137.62 
002336 14.06 158420.09 
002338 24.64 83075.0 
002342 4.29 221435.48 
002354 4.29 713087.62 
002355 4.56 211545.92 
002383 7.8 293659.09 
002387 6.18 187629.19 
002395 9.86 38833.5 
002400 4.85 1050236.25 
002410 68.33 78081.08 
002430 38.6 70069.13 
002431 3.02 320951.09 
002435 5.34 329769.5 
002444 21.27 163716.09 
002445 2.5 439452.59 
002451 6.74 270153.81 
002454 7.93 228573.19 
002467 6.31 2129295.75 
002486 3.58 216900.16 
002496 2.35 199826.2 
002501 2.0 487716.16 
002519 5.06 259502.0 
002529 18.83 115959.84 
002540 5.75 117240.46 
002549 15.47 257687.14 
002553 12.98 224628.8 
002564 5.75 288585.53 
002571 6.74 46915.02 
002575 6.24 153601.27 
002590 9.06 118729.0 
002593 4.05 431063.0 
002598 12.18 141534.73 
002601 20.84 195912.98 
002609 9.19 98537.01 
002610 3.04 1236294.75 
002612 27.83 197780.31 
002620 5.78 93546.49 
002629 4.35 188397.0 
002631 6.07 75375.0 
002632 7.57 93618.0 
002634 11.35 84938.68 
002640 5.28 1407780.0 
002643 16.56 106586.21 
002663 1.96 148168.73 
002667 25.47 81839.97 
002668 6.12 247664.95 
002679 11.85 37046.3 
002693 7.31 104363.0 
002703 9.68 351111.38 
002719 11.08 187080.64 
002723 11.45 105546.26 
002726 9.02 110241.53 
002732 19.8 32185.15 
002752 5.58 139897.33 
002762 15.02 966432.25 
002765 9.54 210060.41 
002774 7.02 23131.0 
002775 4.13 65290.64 
002780 12.5 54018.25 
002789 15.68 53165.68 
002796 9.64 103287.5 
002800 24.36 86757.8 
002802 15.55 21708.08 
002846 9.85 109013.2 
002856 10.6 60593.4 
002870 28.95 15047.0 
002871 14.42 22162.66 
002886 18.08 33853.31 
002889 23.2 9366.8 
002899 13.0 26013.0 
002951 9.35 20132.0 
002980 33.28 30321.0 
002999 9.6 215441.56 
300001 16.91 174923.56 
300032 5.33 89701.97 
300034 44.25 78930.36 
300053 7.53 82607.88 
300066 5.5 136795.38 
300069 13.66 9345.0 
300071 4.24 768981.75 
300097 5.93 48529.0 
300103 6.43 26772.03 
300131 5.28 230623.77 
300167 5.25 56295.73 
300168 9.69 358900.81 
300198 3.01 153031.53 
300228 5.4 97146.2 
300245 8.38 74847.35 
300260 68.65 88067.92 
300265 8.65 40455.0 
300287 3.75 308188.0 
300306 10.15 34354.0 
300316 68.5 108228.7 
300324 3.02 363228.88 
300337 9.0 340059.25 
300342 8.45 41259.4 
300344 4.35 123435.0 
300345 10.61 93167.85 
300351 16.56 136090.89 
300359 7.81 637341.25 
300360 16.7 180087.92 
300375 3.87 117826.08 
300396 27.75 31620.5 
300397 10.11 140581.3 
300409 16.08 174271.81 
300410 10.93 94209.34 
300420 3.02 229136.02 
300434 12.45 129451.88 
300462 9.37 23296.0 
300507 6.79 351223.69 
300511 6.52 257173.41 
300520 18.16 124020.54 
300539 12.04 49226.65 
300547 17.35 47078.36 
300555 6.37 42284.56 
300557 33.78 13209.0 
300566 26.2 107878.97 
300581 18.72 122742.0 
300591 5.0 142066.58 
300602 16.85 43780.3 
300606 12.63 17796.5 
300612 19.41 130174.5 
300614 27.7 22718.58 
300648 39.08 59351.09 
300670 7.9 31633.5 
300678 18.54 68003.0 
300681 43.58 27199.96 
300694 10.57 41479.51 
300700 39.85 38682.03 
300709 23.63 112011.15 
300713 14.06 26034.88 
300742 11.43 40359.48 
300763 181.24 61189.25 
300808 13.88 13704.67 
300812 20.51 81146.07 
300813 44.99 24736.2 
300850 62.9 94811.02 
300857 20.35 35283.0 
300898 22.58 54314.9 
300901 9.27 19851.23 
300902 36.19 29748.0 
300905 16.14 7688.85 
300912 14.52 22501.0 
300921 19.4 25886.64 
300922 15.0 48050.89 
300928 40.2 17099.04 
300932 16.06 16211.24 
300952 19.09 14981.54 
300956 15.68 24575.61 
300966 27.44 40230.05 
300984 22.34 7947.6 
300988 25.45 64123.02 
300995 19.2 5860.74 
301019 20.49 4718.82 
301020 18.45 7747.18 
301024 23.38 4363.92 
301025 10.8 92594.07 
301040 22.54 28263.06 
301049 23.31 16688.71 
301059 25.02 25382.87 
301063 35.28 11311.19 
301082 16.7 12238.0 
301131 46.65 13307.59 
301160 38.01 11941.28 
301185 16.66 23936.03 
301193 37.24 9519.6 
301229 30.28 13406.0 
301398 35.3 39781.23 
600076 3.04 55446.07 
600114 9.76 108197.01 
600152 14.77 352120.91 
600187 2.96 945213.56 
600216 12.15 346327.34 
600243 4.21 179161.02 
600246 6.85 407075.72 
600257 5.4 205842.09 
600307 1.73 490916.94 
600329 32.97 72506.64 
600340 2.67 769743.12 
600353 14.8 77492.28 
600354 7.79 575597.38 
600375 6.97 140324.94 
600376 5.84 259653.84 
600381 10.72 120856.58 
600393 1.7 582286.38 
600420 10.03 146278.0 
600421 11.8 20569.0 
600470 6.55 137281.11 
600520 16.88 214317.02 
600526 5.77 72160.32 
600530 3.87 100073.56 
600556 7.38 521239.94 
600579 6.78 37455.0 
600590 6.34 90919.59 
600609 4.44 127414.73 
600636 10.43 261492.7 
600647 13.97 27523.0 
600665 3.79 168395.5 
600728 5.86 469599.31 
600730 6.75 226409.56 
600760 61.24 215815.42 
600775 10.47 89886.12 
600777 2.41 2291851.25 
600778 6.25 36689.65 
600780 6.8 102009.89 
600818 28.83 24617.84 
600841 6.37 72151.0 
600854 4.76 76353.0 
600865 9.51 28346.25 
600889 5.23 65197.61 
600893 45.29 300858.09 
600963 6.35 400005.5 
600968 3.16 724283.75 
600987 7.34 83866.29 
