000417 5.4 544619.06 合肥百货
000519 22.87 913579.5 中兵红箭
000526 20.89 161505.61 学大教育
000638 7.27 158636.0 万方发展
000678 6.84 833331.5 襄阳轴承
000681 15.29 1033509.62 视觉中国
000861 2.35 1105249.88 海印股份
000863 4.81 966569.69 三湘印象
002031 3.67 4305825.5 巨轮智能
002045 14.29 437715.53 国光电器
002077 20.21 622406.5 大港股份
002103 5.74 328979.84 广博股份
002104 8.53 390906.84 恒宝股份
002137 8.27 813594.56 实益达
002190 27.1 478735.41 成飞集成
002234 22.65 206099.8 民和股份
002241 20.68 2569990.5 歌尔股份
002248 10.33 395978.53 华东数控
002278 5.6 69163.02 神开股份
002283 5.49 260109.12 天润工业
002289 9.07 112161.5 宇顺电子
002315 19.58 209812.08 焦点科技
002329 9.06 893029.94 皇氏集团
002347 5.15 232150.91 泰尔股份
002378 7.95 191155.88 章源钨业
002397 5.21 391739.09 梦洁股份
002403 11.68 542556.06 爱仕达
002458 15.4 308975.38 益生股份
002467 6.4 2181839.75 二六三
002486 3.63 248159.0 嘉麟杰
002496 2.37 344150.69 辉丰股份
002553 13.27 339330.88 南方精工
002571 7.41 256366.56 德力股份
002610 3.09 1443229.88 爱康科技
002612 28.39 253696.0 朗姿股份
002616 5.56 242372.48 长青集团
002634 11.82 93444.0 棒杰股份
002643 17.54 263522.12 万润股份
002645 19.94 156431.64 华宏科技
002662 3.77 519859.38 京威股份
002663 1.98 165322.0 普邦股份
002679 12.25 85327.52 福建金森
002752 5.66 144404.0 N兴股份
002774 7.1 31343.0 快意电梯
002775 4.24 95869.64 文科园林
002778 16.33 42329.4 中晟高科
002796 9.81 131616.25 世嘉科技
002824 36.09 144182.16 和胜股份
002848 13.1 631478.75 高斯贝尔
002857 16.0 39625.4 三晖电气
002868 61.22 39229.84 绿康生化
002870 30.46 30180.0 香山股份
002871 14.66 33460.97 伟隆股份
002877 8.83 173459.95 智能自控
002889 23.81 19605.32 东方嘉盛
002892 13.86 164262.03 科力尔
002899 13.37 49219.0 英派斯
002931 11.25 34681.76 锋龙股份
002953 14.28 389197.12 日丰股份
002989 18.14 69320.6 中天精装
002999 9.93 299107.0 天禾股份
300044 4.54 1703669.25 赛为智能
300047 6.9 452200.56 天源迪科
300066 5.7 159385.12 三川智慧
300069 13.9 11318.0 金利华电
300071 4.4 1159722.12 福石控股
300132 7.67 163574.81 青松股份
300173 4.79 154219.91 福能东方
300176 6.69 116571.6 派生科技
300192 7.7 313538.0 科德教育
300222 7.43 380200.25 科大智能
300265 8.87 86968.98 通光线缆
300271 8.4 798996.25 华宇软件
300293 9.47 40871.28 蓝英装备
300306 10.35 47894.0 远方信息
300341 9.63 102997.79 麦克奥迪
300359 8.28 873818.31 全通教育
300417 10.55 14911.7 南华仪器
300420 3.15 416182.84 五洋停车
300462 9.97 112471.7 华铭智能
300486 8.79 31701.08 东杰智能
300538 11.9 29039.46 同益股份
300545 19.16 56108.93 联得装备
300554 28.45 65743.75 三超新材
300602 17.07 75571.09 飞荣达
300608 8.9 53012.0 思特奇
300670 8.16 62137.0 大烨智能
300707 17.84 82804.15 威唐工业
300731 19.55 19468.8 科创新源
300742 11.69 40598.4 越博动力
300786 17.72 42773.44 国林科技
300845 19.43 42356.26 捷安高科
300885 9.64 20344.61 海昌新材
300928 40.64 17359.73 华安鑫创
300932 16.23 16549.73 三友联众
301000 29.6 16518.8 肇民科技
301019 20.66 5454.72 宁波色母
301031 185.49 14056.51 中熔电气
301072 23.99 58972.99 中捷精工
301076 31.22 44086.64 新瀚新材
301131 48.8 20598.95 聚赛龙
301137 14.7 19786.6 哈焊华通
301215 5.77 300524.84 中汽股份
301229 31.0 15140.11 纽泰格
301368 22.85 75069.03 丰立智能
600114 10.02 164079.45 东睦股份
600172 5.96 2355170.75 黄河旋风
600215 7.08 169556.73 派斯林
600330 12.95 856970.56 天通股份
600340 2.84 2219657.25 华夏幸福
600354 8.3 1032100.19 敦煌种业
600372 17.98 479243.78 中航电子
600520 17.28 219029.02 文一科技
600603 9.07 172005.14 广汇物流
600604 5.48 339883.75 市北高新
600658 5.54 913734.88 电子城
600661 11.39 197161.45 昂立教育
600791 4.93 75307.64 京能置业
600819 6.07 578854.75 耀皮玻璃
600880 5.6 577043.81 博瑞传播
600933 23.76 170070.75 爱柯迪
