000056 4.98 611469.0 皇庭国际
000601 5.04 221052.2 韶能股份
000803 13.62 106632.17 山高环能
002037 11.96 213751.05 保利联合
002154 4.72 393799.84 报喜鸟
002174 12.15 411078.53 游族网络
002180 54.38 123058.9 纳思达
002422 29.2 294263.75 科伦药业
002453 11.94 313923.12 华软科技
002558 9.97 540945.0 巨人网络
002574 6.04 283409.19 明牌珠宝
002635 14.85 220116.95 安洁科技
002721 3.84 1168999.0 金一文化
002858 13.77 120498.0 力盛体育
002859 31.35 52431.64 洁美科技
002876 49.06 95301.78 三利谱
002901 38.35 35763.55 大博医疗
002908 18.2 95009.3 德生科技
002912 39.47 44514.1 中新赛克
002988 17.81 35448.32 豪美新材
300086 6.77 430157.75 康芝药业
300109 26.4 112535.59 新开源
300130 14.26 261064.8 新国都
300302 8.29 185129.8 同有科技
300368 6.6 105471.0 汇金股份
300546 25.75 130325.61 雄帝科技
300601 38.46 180898.56 康泰生物
300723 43.3 30850.18 一品红
300795 51.9 11755.48 米奥会展
300959 31.27 20864.0 线上线下
300966 28.9 80450.48 共同药业
301021 31.87 72281.84 英诺激光
301093 33.19 75936.98 华兰股份
301101 67.44 12785.14 明月镜片
301263 39.72 49034.78 泰恩康
600162 1.99 481232.75 香江控股
600230 20.87 193323.56 沧州大化
600389 50.38 62169.59 江山股份
600771 37.15 220193.94 广誉远
600850 24.04 90328.46 电科数字
