000014 10.8 214328.88 沙河股份
000045 11.49 246150.84 深纺织A
000422 16.03 200007.8 湖北宜化
000505 8.32 142759.0 京粮控股
000671 1.93 1250093.0 阳光城
000850 4.16 543288.5 华茂股份
000931 6.7 212986.08 中关村
000936 5.77 326912.44 华西股份
000949 3.62 619871.62 新乡化纤
000957 12.91 503471.91 中通客车
000961 2.37 915034.88 中南建设
000965 4.96 453749.75 天保基建
002009 16.15 122186.44 天奇股份
002013 11.01 1072193.25 中航机电
002058 13.71 40124.79 威尔泰
002062 5.63 275069.97 宏润建设
002098 6.58 82685.0 浔兴股份
002115 5.24 437304.88 三维通信
002120 14.78 683135.25 韵达股份
002125 16.75 302744.84 湘潭电化
002126 15.92 247838.8 银轮股份
002199 7.63 117142.7 东晶电子
002239 2.98 1157385.25 奥特佳
002314 3.85 412423.59 南山控股
002322 10.6 249707.92 理工能科
002326 24.38 269763.81 永太科技
002605 15.27 71251.5 姚记科技
002623 32.65 79403.56 亚玛顿
002628 3.74 231381.59 成都路桥
002714 49.94 772880.0 牧原股份
002733 18.95 159693.34 雄韬股份
002753 9.05 60440.25 永东股份
002760 23.05 19128.0 凤形股份
002767 14.26 107725.77 先锋电子
002830 12.82 22109.0 名雕股份
002847 118.0 32280.21 盐津铺子
002860 15.11 103055.03 星帅尔
002915 21.75 66393.68 中欣氟材
002921 14.95 62063.34 联诚精密
002943 60.2 49294.62 宇晶股份
002991 82.87 16912.8 甘源食品
300024 10.39 636823.25 机器人
300084 5.04 142670.2 海默科技
300101 28.25 159306.5 振芯科技
300123 7.02 568461.44 亚光科技
300125 21.71 101993.12 聆达股份
300174 22.24 122768.1 元力股份
300221 5.61 218352.27 银禧科技
300240 7.48 87411.0 飞力达
300263 8.43 707241.5 隆华科技
300278 4.7 338824.25 华昌达
300393 17.82 502409.16 中来股份
300394 28.42 76608.57 天孚通信
300399 11.38 49148.18 天利科技
300418 16.42 586064.5 昆仑万维
300437 18.81 64167.28 清水源
300443 45.99 108673.23 金雷股份
300466 5.19 173148.41 赛摩智能
300481 32.4 190662.62 濮阳惠成
300484 12.3 57441.2 蓝海华腾
300494 16.1 97658.67 盛天网络
300499 13.25 179049.41 高澜股份
300503 9.29 127945.52 昊志机电
300505 24.89 97515.88 川金诺
300551 16.82 226418.84 古鳌科技
300667 17.35 83708.75 必创科技
300698 25.41 29741.4 万马科技
300721 43.63 14709.91 怡达股份
300745 43.94 97938.58 欣锐科技
300776 141.78 43638.37 帝尔激光
300848 29.85 41540.5 美瑞新材
300853 28.03 38907.49 申昊科技
300864 20.49 9690.53 南大环境
300909 35.29 32340.69 汇创达
300949 32.33 5692.0 奥雅股份
301011 33.17 43830.48 华立科技
301017 18.66 92810.78 漱玉平民
301061 31.97 19902.89 匠心家居
301099 77.82 21577.08 雅创电子
301100 24.57 34574.58 风光股份
301168 71.78 24738.85 通灵股份
301188 18.07 96533.95 力诺特玻
301217 13.49 51344.87 铜冠铜箔
301283 59.88 8172.37 聚胶股份
301312 108.03 8502.0 智立方
600053 17.41 92069.91 九鼎投资
600121 5.35 515321.31 郑州煤电
600279 4.37 309604.53 重庆港
600313 11.07 800959.12 农发种业
600435 12.73 474266.09 北方导航
600458 11.27 264479.09 时代新材
600463 9.11 120384.0 空港股份
600478 10.26 464661.78 科力远
600522 16.35 1363462.88 中天科技
600560 11.73 186878.23 金自天正
600605 10.72 54227.4 汇通能源
600624 6.29 415736.16 复旦复华
600683 5.2 395625.12 京投发展
600761 15.84 252793.16 安徽合力
600860 14.86 76932.79 京城股份
600898 6.15 196138.92 国美通讯
600986 5.38 500759.22 浙文互联
