000096 8.5 76596.17 广聚能源
000425 5.51 967344.88 徐工机械
000532 11.48 161305.58 华金资本
000576 11.38 170962.0 甘化科工
000615 9.01 1010330.19 奥园美谷
000619 6.96 309505.84 海螺新材
000637 6.78 1539721.25 茂化实华
000670 7.7 599028.5 盈方微
000681 13.12 551328.81 视觉中国
000799 149.56 167262.52 酒鬼酒
002007 23.2 265854.88 华兰生物
002073 7.25 283784.62 软控股份
002077 20.83 1027524.25 大港股份
002079 14.93 775191.81 苏州固锝
002101 24.17 450069.53 广东鸿图
002137 7.85 728180.38 实益达
002156 17.71 511731.59 通富微电
002198 6.84 170651.44 嘉应制药
002225 4.12 326907.66 濮耐股份
002242 18.28 126963.27 九阳股份
002292 5.01 770442.5 奥飞娱乐
002299 23.88 151453.92 圣农发展
002354 4.17 520140.0 天娱数科
002385 9.11 1041452.06 大北农
002397 4.88 344541.91 梦洁股份
002400 4.52 544170.94 省广集团
002467 6.09 2288650.0 二六三
002517 8.06 650938.94 恺英网络
002528 12.78 2295157.5 英飞拓
002612 27.84 192432.81 朗姿股份
002617 9.97 562003.06 露笑科技
002624 13.79 430421.81 完美世界
002632 6.96 86135.0 道明光学
002664 14.8 79812.97 信质集团
002668 5.76 145228.59 奥马电器
002719 14.72 358996.75 麦趣尔
002728 24.24 339070.81 特一药业
002731 16.99 33065.3 萃华珠宝
002773 16.84 119656.42 康弘药业
002789 15.43 63479.64 建艺集团
002901 36.26 46590.7 大博医疗
002940 30.6 34338.52 昂利康
300061 7.1 228247.0 旗天科技
300076 5.59 108514.0 GQY视讯
300109 26.33 85350.94 新开源
300115 11.54 232394.16 长盈精密
300122 102.86 200925.58 智飞生物
300207 22.69 356961.03 欣旺达
300260 64.58 90145.79 新莱应材
300294 37.25 69510.66 博雅生物
300339 20.08 503616.56 润和软件
300364 10.03 388496.97 中文在线
300376 7.41 561500.5 易事特
300442 48.54 48770.52 润泽科技
300529 33.42 129951.48 健帆生物
300586 19.45 129335.71 美联新材
300653 45.96 36578.45 正海生物
300656 34.53 31215.84 民德电子
300685 28.01 45442.48 艾德生物
300817 19.52 32041.85 双飞股份
300832 58.39 62100.47 新产业
300885 9.65 62535.08 海昌新材
300894 31.79 86022.6 火星人
300976 46.98 17813.54 达瑞电子
300988 23.1 88191.53 津荣天宇
301015 26.6 51839.85 百洋医药
301025 10.78 65514.69 读客文化
301095 93.45 24902.91 广立微
301099 74.12 13487.7 雅创电子
301108 35.67 11357.54 洁雅股份
301130 30.36 13957.6 西点药业
301198 26.75 53341.0 喜悦智行
301215 5.44 119717.84 中汽股份
301229 30.56 18687.34 纽泰格
301265 12.77 135407.7 华新环保
301301 9.14 614907.38 川宁生物
301308 67.82 37718.54 江波龙
600079 25.45 200017.52 人福医药
600085 44.32 196396.8 同仁堂
600161 25.06 235038.64 天坛生物
600171 18.9 270610.28 上海贝岭
600185 10.61 990459.44 格力地产
600187 3.06 1643425.5 国中水务
600446 12.95 1246353.25 金证股份
600489 8.64 609260.5 中金黄金
600520 17.94 434990.72 文一科技
600584 25.1 563301.81 长电科技
600702 176.0 107332.61 舍得酒业
600763 155.0 48435.19 通策医疗
600861 23.53 70218.66 北京城乡
600970 9.14 314956.56 中材国际
