000001 13.77 2194128.0 平安银行
000025 17.69 67786.55 特力A
000037 8.2 85624.08 深南电A
000040 3.76 211666.42 东旭蓝天
000059 7.03 171909.73 华锦股份
000065 8.6 139844.16 北方国际
000068 3.93 112306.0 华控赛格
000151 13.06 265523.97 中成股份
000158 5.86 268635.28 常山北明
000159 7.22 105365.24 国际实业
000503 10.39 130105.86 国新健康
000506 3.31 177578.88 中润资源
000530 4.58 97552.65 冰山冷热
000533 3.87 94127.0 顺钠股份
000539 5.74 295479.56 粤电力A
000543 4.57 248389.8 皖能电力
000547 9.7 206608.64 航天发展
000548 5.43 711501.25 湖南投资
000550 13.99 72566.28 江铃汽车
000555 11.24 146790.7 神州信息
000566 4.36 141764.05 海南海药
000600 5.42 316714.53 建投能源
000603 13.26 88944.91 盛达资源
000619 6.5 49555.0 海螺新材
000628 11.46 24777.0 高新发展
000629 4.86 883590.81 钒钛股份
000638 7.33 246098.0 万方发展
000652 4.19 305709.19 泰达股份
000655 6.79 63293.7 金岭矿业
000676 5.48 182476.44 智度股份
000678 5.79 102727.0 襄阳轴承
000681 13.03 552839.19 视觉中国
000690 6.69 257592.86 宝新能源
000691 4.66 83534.0 亚太实业
000701 6.21 155991.05 厦门信达
000705 8.09 114819.0 浙江震元
000711 2.9 549881.62 京蓝科技
000719 8.32 140367.5 中原传媒
000755 5.61 417666.41 山西路桥
000779 10.19 68260.99 甘咨询
000793 2.65 2663809.0 华闻集团
000797 3.73 893664.94 中国武夷
000803 11.79 51903.6 山高环能
000810 14.36 237191.3 创维数字
000811 11.41 105458.74 冰轮环境
000822 8.09 178194.92 山东海化
000829 9.94 187318.16 天音控股
000851 5.02 320502.62 高鸿股份
000852 5.88 113198.52 石化机械
000880 9.52 23764.2 潍柴重机
000908 3.27 169126.84 景峰医药
000909 8.27 113403.77 数源科技
000920 9.34 84661.0 沃顿科技
000925 7.1 69942.8 众合科技
000928 6.04 159942.3 中钢国际
000955 5.17 116086.04 欣龙控股
000961 2.24 488749.09 中南建设
000966 4.77 223498.84 长源电力
000970 13.92 496548.31 中科三环
000980 4.41 1535008.38 众泰汽车
000988 17.05 145637.98 华工科技
002007 23.5 472442.0 华兰生物
002012 5.47 111970.68 凯恩股份
002017 13.7 116813.48 东信和平
002036 12.84 179018.08 联创电子
002045 12.66 194987.23 国光电器
002055 9.12 127587.71 得润电子
002063 7.84 251182.78 远光软件
002066 11.5 47043.0 瑞泰科技
002090 12.54 159871.8 金智科技
002103 5.56 339164.0 广博股份
002104 7.74 268859.38 恒宝股份
002105 7.35 77740.88 信隆健康
002111 10.21 92151.6 威海广泰
002112 7.71 88301.99 三变科技
002115 4.78 284092.81 三维通信
002116 10.51 85225.0 中国海诚
002117 8.0 147838.52 东港股份
002131 1.83 770825.81 利欧股份
002134 8.44 32518.5 天津普林
002139 10.77 187899.98 拓邦股份
002141 4.19 173816.86 贤丰控股
002144 10.34 34089.0 宏达高科
002150 21.18 222315.16 通润装备
002152 10.3 419391.72 广电运通
002155 13.38 223146.14 湖南黄金
002161 4.94 119817.01 远望谷
002164 6.37 118006.34 宁波东力
002165 4.14 103786.99 红宝丽
002169 8.04 182086.23 智光电气
002173 6.82 137117.91 创新医疗
002181 5.72 854828.62 粤传媒
002182 21.6 94317.46 云海金属
002188 7.33 173631.05 中天服务
002195 2.08 767388.94 二三四五
002198 6.69 115054.86 嘉应制药
002204 5.39 318551.16 大连重工
002209 8.18 41747.0 达意隆
002212 10.48 194026.14 天融信
002229 6.94 115497.03 鸿博股份
002232 13.09 83202.0 启明信息
002237 10.96 131326.09 恒邦股份
002239 2.58 1424958.12 奥特佳
002247 2.59 124701.0 聚力文化
002253 12.33 77800.05 川大智胜
002256 2.48 265856.0 兆新股份
002261 7.01 436162.25 拓维信息
002272 6.21 100701.58 川润股份
002278 5.37 65063.0 神开股份
002284 7.33 75158.35 亚太股份
002291 13.5 237065.36 遥望科技
002292 4.83 340422.97 奥飞娱乐
002295 6.76 27820.0 精艺股份
002298 6.49 136730.0 中电兴发
002300 7.93 129447.86 太阳电缆
002301 6.96 87129.99 齐心集团
002305 2.98 1296618.0 南国置业
002315 18.62 351914.09 焦点科技
002322 9.26 52748.09 理工能科
002325 1.99 207844.77 洪涛股份
002328 5.12 86687.52 新朋股份
002331 6.58 79049.97 皖通科技
002333 5.57 44662.0 罗普斯金
002334 8.3 326033.09 英威腾
002337 4.72 177002.2 赛象科技
002339 7.23 587480.5 积成电子
002347 4.61 78522.14 泰尔股份
002350 6.84 75455.66 北京科锐
002354 4.1 512858.41 天娱数科
002355 4.3 94707.0 兴民智通
002362 16.24 182501.16 汉王科技
002367 7.67 54169.64 康力电梯
002369 4.93 179208.8 卓翼科技
002380 14.79 71956.0 科远智慧
002383 6.9 207843.12 合众思壮
002396 19.82 73929.33 星网锐捷
002400 4.44 453826.44 省广集团
002404 6.58 154470.0 嘉欣丝绸
002418 2.97 116894.72 康盛股份
002421 3.66 520333.59 达实智能
002434 8.22 136440.55 万里扬
002441 8.49 44638.3 众业达
002442 5.22 54784.0 龙星化工
002452 6.42 99813.51 长高电新
002459 61.61 237241.72 晶澳科技
002463 12.61 437823.59 沪电股份
002469 6.04 132016.2 三维化学
002471 2.71 286728.09 中超控股
002483 5.3 171521.36 润邦股份
002486 3.44 179759.12 嘉麟杰
002490 4.32 82652.0 山东墨龙
002510 3.97 109049.04 天汽模
002513 5.29 48182.0 蓝丰生化
002518 60.7 168935.66 科士达
002524 7.29 164767.41 光正眼科
002530 7.6 359229.97 金财互联
002533 6.27 115975.09 金杯电工
002537 7.93 388991.44 海联金汇
002545 8.56 142250.52 东方铁塔
002547 4.76 303730.91 春兴精工
002553 11.59 84210.01 南方精工
002560 7.17 152206.64 通达股份
002564 5.71 531108.31 天沃科技
002566 8.35 121232.21 益盛药业
002584 7.08 236675.59 西陇科学
002587 5.3 131081.89 奥拓电子
002593 3.7 129195.76 日上集团
002598 11.6 104830.22 山东章鼓
002599 5.36 151173.41 盛通股份
002605 14.5 64237.0 姚记科技
002610 2.91 625007.75 爱康科技
002617 9.63 265337.62 露笑科技
002621 4.48 629487.06 美吉姆
002629 4.17 133544.0 仁智股份
002647 6.88 177532.0 仁东控股
002649 10.71 128583.4 博彦科技
002655 11.46 43202.0 共达电声
002659 4.74 432431.0 凯文教育
002685 3.87 222399.0 华东重机
002688 5.27 78272.0 金河生物
002716 3.11 295428.28 金贵银业
002718 13.92 15837.0 友邦吊顶
002725 8.23 24972.43 跃岭股份
002731 16.37 43573.6 萃华珠宝
002747 22.56 148682.69 埃斯顿
002757 11.37 76651.75 南兴股份
002763 7.82 40160.2 汇洁股份
002768 30.76 152782.06 国恩股份
002782 17.74 50957.92 可立克
002783 8.82 102705.52 凯龙股份
002788 8.54 87061.22 鹭燕医药
002792 10.99 28626.0 通宇通讯
002796 9.09 125578.67 世嘉科技
002800 25.83 155525.34 天顺股份
002802 14.91 15974.43 洪汇新材
002803 16.55 275038.59 吉宏股份
002806 10.38 17263.0 华锋股份
002808 7.54 83976.38 恒久科技
002813 25.9 12345.0 路畅科技
002815 10.11 56423.92 崇达技术
002819 25.29 37063.47 东方中科
002822 4.41 84531.01 中装建设
002823 9.38 24572.57 凯中精密
002829 35.13 19304.0 星网宇达
002833 12.58 28368.74 弘亚数控
002835 10.77 23747.63 同为股份
002838 18.11 92689.13 道恩股份
002842 8.04 30901.0 翔鹭钨业
002845 13.97 102920.89 同兴达
002849 19.2 18117.5 威星智能
002855 8.18 30996.96 捷荣技术
002856 10.43 33912.0 美芝股份
002861 10.56 20412.0 瀛通通讯
002875 27.0 483959.0 安奈儿
002876 37.9 34940.94 三利谱
002878 16.4 100198.2 元隆雅图
002879 14.41 23649.4 长缆科技
002881 28.08 17825.3 美格智能
002882 11.28 46863.0 金龙羽
002896 23.48 62462.34 中大力德
002917 12.76 136755.91 金奥博
002922 15.99 75546.97 伊戈尔
002937 23.45 35021.53 兴瑞科技
002947 20.48 28500.1 恒铭达
002962 10.46 52856.64 五方光电
002963 14.35 13132.0 豪尔赛
002976 23.78 15280.23 瑞玛精密
002990 28.21 24608.52 盛视科技
002993 35.35 23158.37 奥海科技
300002 4.51 372698.97 神州泰岳
300006 3.97 169599.5 莱美药业
300008 4.02 272951.91 天海防务
300020 6.56 144129.16 银江技术
300022 4.88 68063.0 吉峰科技
300025 4.9 66501.19 华星创业
300037 45.18 120101.2 新宙邦
300040 5.95 56976.15 九洲集团
300042 12.55 20428.96 朗科科技
300046 15.13 28030.87 台基股份
300061 6.93 143473.88 旗天科技
300062 5.85 68708.83 中能电气
300063 3.8 123710.0 天龙集团
300065 13.8 256541.95 海兰信
300074 3.93 157214.7 华平股份
300079 5.07 328380.16 数码视讯
300081 6.99 218208.72 恒信东方
300097 5.47 31080.76 智云股份
300098 3.24 266505.38 高新兴
300099 6.2 65557.5 精准信息
300101 25.7 129218.19 振芯科技
300102 6.53 95555.66 乾照光电
300112 9.42 53971.96 万讯自控
300120 6.21 52039.16 经纬辉开
300125 20.61 67749.19 聆达股份
300126 5.72 21795.22 锐奇股份
300129 7.51 143931.8 泰胜风能
300131 4.93 97294.21 英唐智控
300139 7.91 36693.6 晓程科技
300148 3.85 1157013.5 天舟文化
300150 3.79 101017.0 世纪瑞尔
300152 3.45 138425.05 新动力
300155 4.75 36149.03 安居宝
300163 3.17 90097.29 先锋新材
300167 5.05 57835.75 迪威迅
300168 8.75 172767.16 万达信息
300173 4.42 100800.9 福能东方
300182 4.62 457048.88 捷成股份
300183 12.47 35575.63 东软载波
300188 13.55 125340.57 美亚柏科
300195 5.5 42293.91 长荣股份
300210 3.01 54197.0 森远股份
300213 4.99 57094.81 佳讯飞鸿
300217 5.85 347333.28 东方电热
300220 11.08 32444.4 金运激光
300227 6.79 60507.9 光韵达
300228 5.27 68516.63 富瑞特装
300237 2.31 369722.16 美晨生态
300245 7.91 68776.05 天玑科技
300248 9.14 119898.68 新开普
300252 7.6 58341.12 金信诺
300263 7.26 90605.55 隆华科技
300264 6.23 256119.77 佳创视讯
300268 24.1 60708.1 佳沃食品
300269 4.19 112025.06 联建光电
300272 5.35 41602.06 开能健康
300274 115.61 292910.03 阳光电源
300283 5.03 33663.35 温州宏丰
300287 3.61 275814.19 飞利信
300292 3.04 183832.41 吴通控股
300294 38.2 142056.64 博雅生物
300295 9.2 69491.11 三六五网
300306 9.63 29012.19 远方信息
300310 3.59 119440.18 宜通世纪
300322 7.55 67382.31 硕贝德
300324 2.85 225564.69 旋极信息
300327 36.33 64184.9 中颖电子
300329 7.09 85560.22 海伦钢琴
300333 6.07 69967.57 兆日科技
300339 19.65 421605.12 润和软件
300341 9.04 71957.65 麦克奥迪
300350 5.02 69876.4 华鹏飞
300368 6.05 70011.0 汇金股份
300374 13.7 71544.2 中铁装配
300377 8.57 146175.23 赢时胜
300383 8.49 215830.64 光环新网
300386 9.88 35416.07 飞天诚信
300387 6.66 43518.43 富邦股份
300389 9.1 40322.32 艾比森
300399 10.62 26668.5 天利科技
300403 6.14 133703.45 汉宇集团
300407 7.33 32846.0 凯发电气
300413 31.79 267644.75 芒果超媒
300415 18.1 52328.31 伊之密
300417 9.98 8734.12 南华仪器
300419 5.39 82722.0 浩丰科技
300423 9.6 38221.29 N辉科技
300424 12.22 32818.49 航新科技
300426 7.11 67210.54 唐德影视
300440 7.14 53556.61 运达科技
300443 41.6 60046.9 金雷股份
300447 16.08 38456.6 全信股份
300448 4.86 57840.0 浩云科技
300449 4.96 58146.49 汉邦高科
300451 8.21 193294.41 创业慧康
300465 8.12 83496.12 高伟达
300467 12.29 78993.0 迅游科技
300468 10.42 177458.0 四方精创
300477 5.18 140157.97 合纵科技
300480 15.67 29603.0 光力科技
300484 10.8 16437.37 蓝海华腾
300491 14.16 26748.0 通合科技
300493 6.27 50586.03 润欣科技
300494 15.32 101928.0 盛天网络
300499 10.3 128354.08 高澜股份
300501 14.81 21701.1 海顺新材
300502 24.7 99424.73 新易盛
300503 8.44 45611.5 昊志机电
300505 23.2 66209.05 川金诺
300507 5.7 87869.41 苏奥传感
300508 21.91 9427.06 维宏股份
300513 11.61 77896.73 恒实科技
300520 16.56 60135.06 科大国创
300521 10.49 39718.0 爱司凯
300535 13.16 22394.26 达威股份
300538 10.7 11598.17 同益股份
300542 12.14 72001.0 新晨科技
300545 16.47 17742.27 联得装备
300548 17.72 38253.0 博创科技
300552 18.56 20049.2 万集科技
300554 25.92 26073.96 三超新材
300555 6.47 31070.5 路通视信
300556 18.2 26994.58 丝路视觉
300559 10.33 87310.8 佳发教育
300560 13.4 29174.65 中富通
300561 9.34 30738.84 汇金科技
300563 11.28 21583.1 神宇股份
300565 24.26 155966.59 科信技术
300569 8.48 173534.34 天能重工
300571 29.01 13304.0 平治信息
300572 11.86 30300.76 安车检测
300582 13.25 41456.0 英飞特
300590 10.22 64553.95 移为通信
300597 7.75 30979.0 吉大通信
300598 49.18 75460.79 诚迈科技
300600 7.64 26168.32 国瑞科技
300602 15.03 44193.53 飞荣达
300604 45.53 115627.97 长川科技
300610 13.04 30529.09 晨化股份
300611 8.19 27953.58 美力科技
300624 30.65 27398.12 万兴科技
300637 6.7 32047.0 扬帆新材
300638 18.84 61888.93 广和通
300640 5.72 42114.64 德艺文创
300643 14.73 43727.57 万通智控
300644 14.19 9217.14 南京聚隆
300652 21.46 9417.04 雷迪克
300660 24.12 27044.86 江苏雷利
300663 13.62 116754.19 科蓝软件
300665 7.53 18850.4 飞鹿股份
300667 15.81 46099.25 必创科技
300675 14.58 20641.0 建科院
300678 17.28 59091.0 中科信息
300684 15.27 34870.6 中石科技
300688 17.53 107466.02 创业黑马
300689 17.1 19110.58 澄天伟业
300690 17.03 26381.23 双一科技
300691 13.13 49295.9 联合光电
300696 27.15 38765.33 爱乐达
300708 9.32 42624.4 聚灿光电
300713 12.99 11344.27 英可瑞
300721 43.81 11085.03 怡达股份
300727 24.97 15680.0 润禾材料
300731 17.43 14355.6 科创新源
300743 11.89 17688.16 天地数码
300748 30.06 137759.38 金力永磁
300752 17.46 19931.9 隆利科技
300768 13.93 55249.35 迪普科技
300772 15.63 227920.08 运达股份
300776 133.4 62108.54 帝尔激光
300787 28.11 21004.2 海能实业
300801 21.9 15033.0 泰和科技
300807 21.61 12359.0 天迈科技
300818 30.75 11654.0 耐普矿机
300823 16.57 8272.0 建科机械
300826 11.58 7719.48 测绘股份
300828 14.1 22038.5 锐新科技
300830 8.13 42295.98 金现代
300836 20.63 9478.3 佰奥智能
300837 42.08 4092.0 浙矿股份
300844 22.94 3453.42 山水比德
300845 19.19 29433.0 捷安高科
300848 27.55 28429.47 美瑞新材
300849 12.3 25473.5 锦盛新材
300854 15.71 8401.0 中兰环保
300863 86.79 9122.69 卡倍亿
300865 18.43 4563.0 大宏立
300875 30.91 6109.3 捷强装备
300879 17.33 9097.0 大叶股份
300880 14.95 13890.02 迦南智能
300882 15.75 22445.09 万胜智能
300884 10.13 16234.0 狄耐克
300885 8.81 14593.15 海昌新材
300886 22.31 3762.3 华业香料
300889 13.2 14047.79 爱克股份
300912 13.79 11304.0 凯龙高科
300920 15.94 7008.94 润阳科技
300922 14.3 33505.12 天秦装备
300928 37.42 10431.0 华安鑫创
300931 6.82 20621.03 通用电梯
300932 14.89 13456.02 三友联众
300935 26.27 7477.7 盈建科
300936 25.59 5664.41 中英科技
300941 20.2 35711.91 创识科技
300943 12.45 17406.82 春晖智控
300945 15.17 88541.09 曼卡龙
300946 29.41 5029.6 恒而达
300949 31.41 4274.0 奥雅股份
300959 28.75 8811.47 线上线下
300963 15.69 15189.48 中洲特材
300964 27.94 7543.06 本川智能
300968 8.24 26545.62 格林精密
300971 20.3 5513.24 博亚精工
300975 6.34 33457.88 商络电子
300977 19.15 3890.02 深圳瑞捷
300982 51.41 14652.81 苏文电能
300987 15.63 46381.36 川网传媒
300988 21.54 20785.24 津荣天宇
300992 18.54 5436.71 泰福泵业
300994 20.18 14237.83 久祺股份
300998 25.83 6048.0 宁波方正
301006 16.26 8084.0 迈拓股份
301007 11.13 12908.74 德迈仕
301010 18.03 8222.82 晶雪节能
301021 27.1 25401.36 英诺激光
301023 37.15 3070.5 江南奕帆
301027 13.82 20558.52 华蓝集团
301032 7.67 12074.0 新柴股份
301037 16.54 7175.5 保立佳
301038 15.16 11996.9 深水规院
301048 8.76 21347.43 金鹰重工
301049 21.58 6671.9 超越科技
301051 49.19 4430.3 信濠光电
301052 23.0 24001.37 果麦文化
301053 20.8 2495.43 远信工业
301060 20.07 55410.3 兰卫医学
301063 36.0 15699.97 海锅股份
301069 28.29 24914.95 凯盛新材
301083 11.33 6935.56 百胜智能
301085 29.24 9130.04 亚康股份
301086 59.26 3094.0 鸿富瀚
301097 57.68 3787.26 天益医疗
301098 16.08 12892.07 金埔园林
301107 27.15 2627.29 瑜欣电子
301113 26.73 4692.18 雅艺科技
301125 24.63 15868.41 腾亚精工
301128 25.7 3827.18 强瑞技术
301132 26.29 16682.85 满坤科技
301133 21.48 5765.58 金钟股份
301135 23.79 13162.55 瑞德智能
301137 13.65 8745.4 哈焊华通
301138 24.37 5694.57 华研精机
301139 26.14 5782.69 元道通信
301156 22.33 3403.0 美农生物
301165 36.1 81766.64 锐捷网络
301167 22.95 5690.0 建研设计
301175 6.2 58507.74 中科环保
301178 25.46 24375.04 天亿马
301181 37.07 16112.18 标榜股份
301183 22.85 5942.04 东田微
301185 15.77 16448.32 鸥玛软件
301186 27.84 5120.0 超达装备
301187 17.26 18449.57 欧圣电气
301193 34.44 13223.27 家联科技
301197 21.08 5764.78 工大科雅
301199 20.74 12254.15 迈赫股份
301200 40.25 10829.9 大族数控
301205 39.41 8554.0 联特科技
301213 35.43 8992.0 观想科技
301215 5.3 81269.99 中汽股份
301218 19.83 13271.58 华是科技
301219 70.57 7968.09 腾远钴业
301223 19.2 12940.7 中荣股份
301226 29.56 4350.0 祥明智能
301228 15.86 9495.6 实朴检测
301237 30.42 3344.97 和顺科技
301269 93.5 32668.49 华大九天
301273 42.21 8784.07 瑞晨环保
301279 22.55 11683.21 金道科技
301285 13.5 32792.37 鸿日达
301288 17.14 6137.13 清研环境
301300 31.32 4910.92 远翔新材
301316 20.27 53398.54 慧博云通
301318 43.94 5893.91 维海德
301327 198.71 7852.14 华宝新能
301330 33.5 13336.51 熵基科技
301336 44.36 4545.0 趣睡科技
301339 17.25 47042.2 通行宝
301349 113.37 6899.25 信德新材
301359 22.5 9095.19 东南电子
301361 23.13 18710.91 众智科技
301365 25.82 10153.06 矩阵股份
301379 26.34 8270.46 天山电子
301380 36.73 23071.68 挖金客
301388 24.17 11326.95 欣灵电气
301389 19.07 36005.74 隆扬电子
600021 10.58 873698.19 上海电力
600026 12.58 625730.62 中远海能
600032 11.78 51147.6 浙江新能
600101 8.68 106710.12 明星电力
600105 3.51 163491.03 永鼎股份
600107 6.33 48095.63 美尔雅
600125 5.64 367421.22 铁龙物流
600128 8.09 69886.84 弘业股份
600129 31.42 112636.53 太极集团
600137 15.12 16639.0 浪莎股份
600149 6.37 73246.29 廊坊发展
600163 5.49 127547.07 中闽能源
600165 6.99 108047.02 新日恒力
600184 11.48 59984.0 光电股份
600192 5.84 87600.36 长城电工
600202 5.2 56123.92 哈空调
600203 5.97 69865.03 福日电子
600206 13.11 106368.2 有研新材
600237 6.74 289248.09 铜峰电子
600243 4.31 213065.95 青海华鼎
600268 7.84 84039.79 国电南自
600301 13.33 44680.0 南化股份
600325 9.46 387852.97 华发股份
600345 16.16 22384.01 长江通信
600355 3.42 261898.0 精伦电子
600371 14.54 269420.78 万向德农
600386 4.12 92410.78 北巴传媒
600387 7.36 111457.2 海越能源
600405 5.95 150682.0 动力源
600422 14.94 213108.41 昆药集团
600428 6.18 415239.62 中远海特
600435 11.87 385154.62 北方导航
600446 10.69 152800.12 金证股份
600478 9.7 357296.59 科力远
600496 4.04 225285.11 精工钢构
600501 11.26 47713.01 航天晨光
600502 4.91 228193.88 安徽建工
600522 16.9 1174584.75 中天科技
600533 3.91 150850.44 栖霞建设
600538 4.7 87052.0 国发股份
600556 7.08 630680.19 天下秀
600560 9.98 25681.78 金自天正
600566 27.96 152460.03 济川药业
600605 10.46 40308.6 汇通能源
600644 8.02 251144.98 乐山电力
600647 13.24 36455.89 同达创业
600683 4.71 89456.52 京投发展
600699 14.36 160994.92 均胜电子
600718 10.43 133268.44 东软集团
600730 6.4 130494.31 中国高科
600735 6.61 155290.95 新华锦
600765 32.02 148016.41 中航重机
600768 9.45 16961.0 宁波富邦
600780 6.76 202901.17 通宝能源
600797 6.11 172446.64 浙大网新
600821 7.56 616732.5 金开新能
600831 6.02 195948.77 广电网络
600850 21.25 77178.3 电科数字
600851 6.11 136662.0 海欣股份
600866 6.17 143539.77 星湖科技
600879 6.96 472107.34 航天电子
600893 43.78 253695.84 航发动力
600898 5.4 34433.0 国美通讯
600969 7.58 39100.52 郴电国际
600973 4.93 254659.16 宝胜股份
600988 18.8 419865.84 赤峰黄金
600990 31.2 22582.19 四创电子
600995 14.83 118779.81 南网储能
