000042 8.2 80118.55 中洲控股
000046 1.31 768338.0 泛海控股
000402 5.45 438664.31 金融街
000514 4.49 255064.0 渝开发
000517 3.13 266673.41 荣安地产
000521 4.39 422554.91 长虹美菱
000537 14.05 236714.95 广宇发展
000540 1.61 1686937.88 中天金融
000560 2.63 625231.69 我爱我家
000584 7.34 196604.0 哈工智能
000632 4.76 242680.52 三木集团
000670 7.56 672859.06 盈方微
000671 1.98 1587859.62 阳光城
000683 8.16 438069.38 远兴能源
000702 5.83 81587.0 正虹科技
000736 19.25 970362.0 中交地产
000837 10.25 410181.81 秦川机床
000868 7.0 1023211.5 安凯客车
000886 4.97 355113.56 海南高速
000918 2.26 387571.0 嘉凯城
000965 4.99 656564.31 天保基建
002067 3.52 202502.0 景兴纸业
002084 4.64 347039.09 海鸥住工
002146 2.28 652823.31 荣盛发展
002156 17.39 593125.56 通富微电
002248 10.1 424299.03 华东数控
002289 7.9 218882.2 宇顺电子
002314 3.96 679238.81 南山控股
002377 2.83 257554.56 国创高新
002425 4.98 266334.91 凯撒文化
002431 3.07 1269765.88 棕榈股份
002449 8.79 211950.72 国星光电
002494 5.14 685999.44 华斯股份
002502 3.59 210131.5 鼎龙文化
002517 7.27 805214.75 恺英网络
002527 6.46 116522.83 新时达
002532 7.96 364904.62 天山铝业
002544 18.15 71380.97 普天科技
002552 15.76 23438.91 宝鼎科技
002555 19.22 539034.44 三七互娱
002574 6.31 510426.19 明牌珠宝
002620 5.55 88319.15 瑞和股份
002624 13.28 505034.91 完美世界
002667 24.73 102541.51 鞍重股份
002668 5.64 158411.31 奥马电器
002677 11.6 87443.94 浙江美大
002691 5.51 37856.0 冀凯股份
002752 5.33 178310.44 N兴股份
002771 14.01 333389.41 真视通
002836 10.1 63005.95 新宏泽
002848 9.74 44742.0 高斯贝尔
002867 14.78 123675.98 周大生
002869 22.69 33489.0 金溢科技
002965 66.09 166168.81 祥鑫科技
002969 4.4 286722.0 嘉美包装
002992 60.42 54782.94 宝明科技
300031 14.73 182491.31 宝通科技
300086 7.66 1109707.62 康芝药业
300121 11.0 90727.98 阳谷华泰
300122 92.12 141298.81 智飞生物
300128 3.69 218980.95 锦富技术
300132 7.55 125624.0 青松股份
300143 10.73 61555.6 盈康生命
300175 4.15 379896.25 朗源股份
300203 35.75 60189.52 聚光科技
300235 11.29 74303.92 方直科技
300242 3.52 253311.0 佳云科技
300249 9.37 540272.38 依米康
300363 41.93 158967.56 博腾股份
300394 26.81 53555.52 天孚通信
300490 12.45 137266.22 华自科技
300533 26.05 21766.41 冰川网络
300536 15.2 64979.81 农尚环境
300551 13.18 136813.2 古鳌科技
300592 15.87 67978.12 华凯易佰
300605 14.8 138366.94 恒锋信息
300649 19.43 59898.02 杭州园林
300658 9.83 68013.54 延江股份
300662 51.3 26765.0 科锐国际
300723 36.94 31356.24 一品红
300749 7.58 30639.4 顶固集创
300812 20.58 176708.41 易天股份
300814 19.43 83579.71 中富电路
300835 38.15 70493.34 龙磁科技
300853 23.67 22360.0 申昊科技
300870 49.5 11389.5 欧陆通
300917 29.01 159664.41 特发服务
300996 46.2 23913.92 普联软件
301001 22.0 24755.0 凯淳股份
301011 29.3 16350.0 华立科技
301055 16.2 103808.64 张小泉
301062 8.33 42793.23 上海艾录
301070 24.91 5211.0 开勒股份
301080 112.28 13530.38 百普赛斯
301091 25.32 82230.69 深城交
301112 33.35 45695.81 信邦智能
301122 56.44 13733.41 采纳股份
301191 77.57 11310.2 菲菱科思
301235 37.95 25592.48 华康医疗
301255 37.1 41720.25 通力科技
301257 53.09 15148.07 普蕊斯
301296 16.27 16432.8 新巨丰
301338 54.88 20237.9 凯格精机
301368 20.82 46227.83 丰立智能
600077 2.76 206314.67 宋都股份
600095 7.93 609151.06 湘财股份
600159 3.15 145938.0 大龙地产
600235 5.88 194400.0 民丰特纸
600249 5.49 95015.5 两面针
600322 2.37 350622.44 天房发展
600455 23.45 41177.71 博通股份
600539 6.7 41477.0 狮头股份
600565 2.24 310071.59 迪马股份
600603 8.42 231682.88 广汇物流
600636 10.05 249768.02 国新文化
600657 5.35 690733.0 信达地产
600766 17.34 115832.13 园城黄金
600775 10.71 102946.68 南京熊猫
