000006 5.86 969340.5 深振业A 4.83
000428 5.62 677770.38 华天酒店 3.5
000860 29.16 162058.73 顺鑫农业 2.64
002215 6.43 734091.38 诺普信 5.41
002930 22.3 34318.6 宏川智慧 2.01
300319 10.22 314259.75 麦捷科技 1.29
300347 122.79 65263.89 泰格医药 2.62
300487 94.28 48300.95 蓝晓科技 5.79
300501 18.18 275810.28 海顺新材 3.29
300628 64.08 43841.65 亿联网络 1.6
300668 23.07 23808.0 杰恩设计 1.5
300684 17.32 33309.48 中石科技 0.29
300727 31.07 73060.59 润禾材料 4.33
300859 30.6 79113.0 西域旅游 3.06
300932 17.32 36220.97 三友联众 2.3
301073 67.09 42628.92 君亭酒店 5.36
301106 32.2 6574.0 骏成科技 0.97
600258 24.87 221607.31 首旅酒店 4.94
600452 18.68 82032.38 涪陵电力 0.32
600702 197.25 65577.11 舍得酒业 2.95
600754 63.03 127358.65 锦江酒店 6.17
600966 8.44 233805.69 博汇纸业 4.2
600989 14.75 571080.25 宝丰能源 2.5
600996 15.34 480512.84 贵广网络 4.42
