000422 15.92 344141.84 湖北宜化 2.18
000423 47.98 79635.16 东阿阿胶 1.87
000589 5.5 361567.16 贵州轮胎 1.66
000612 5.97 223205.8 焦作万方 1.01
000622 5.15 290913.0 恒立实业 3.0
000630 3.5 2028333.88 铜陵有色 1.16
000655 8.02 134240.19 金岭矿业 3.75
000707 10.8 197636.28 双环科技 1.41
000709 2.54 1593216.38 河钢股份 3.25
000758 5.8 767420.81 中色股份 1.22
000822 8.52 267293.09 山东海化 0.95
000825 4.79 557422.62 太钢不锈 2.35
000830 14.97 371726.75 鲁西化工 2.39
000902 12.64 255229.23 新洋丰 1.28
000937 6.89 643291.75 冀中能源 1.92
000960 15.97 635346.38 锡业股份 4.45
002057 12.22 192853.23 中钢天源 0.82
002064 8.41 404875.41 华峰化学 2.94
002072 8.15 224250.88 凯瑞德 1.88
002114 7.68 162525.16 罗平锌电 3.37
002223 31.33 240190.52 鱼跃医疗 1.75
002319 17.49 32971.0 乐通股份 1.51
002327 7.91 134339.84 富安娜 2.46
002541 37.35 83855.98 鸿路钢构 7.45
002615 8.26 128896.95 哈尔斯 1.6
002648 18.55 339067.53 卫星化学 3.52
002769 10.34 199982.52 普路通 5.29
002895 30.97 182354.59 川恒股份 4.88
002996 14.8 71213.0 顺博合金 2.56
300160 8.38 487506.16 秀强股份 3.84
300505 25.73 174598.62 川金诺 3.58
300649 21.66 77586.17 杭州园林 3.44
301078 14.75 280143.62 孩子王 4.76
301171 24.66 283689.41 易点天下 3.61
301266 76.26 11819.03 宇邦新材 1.88
600028 4.69 1581438.0 中国石化 1.51
600070 6.5 203696.0 浙江富润 1.56
600166 3.75 1627827.62 福田汽车 3.02
600188 34.18 386629.72 兖矿能源 3.26
600219 3.72 1581660.88 南山铝业 1.92
600248 4.62 249674.17 陕西建工 1.09
600331 3.39 1560172.12 宏达股份 7.62
600362 20.14 256290.89 江西铜业 0.95
600397 3.23 224137.22 安源煤业 1.57
600459 17.15 138711.81 贵研铂业 1.12
600489 8.71 401395.41 中金黄金 1.51
600531 5.94 242838.12 豫光金铅 2.06
600535 14.02 447941.06 天士力 4.71
600546 16.3 614673.44 山煤国际 4.29
600618 10.66 52017.7 氯碱化工 0.76
600782 4.44 777584.75 新钢股份 2.3
600808 3.08 527215.0 马钢股份 3.36
600830 6.67 161769.75 香溢融通 1.06
600881 2.51 715146.75 亚泰集团 5.02
600888 9.22 290207.19 新疆众和 1.1
600971 8.84 473656.03 恒源煤电 4.0
600985 14.45 375015.22 淮北矿业 4.94
