000065 9.82 549041.19 北方国际
000811 12.65 128539.56 冰轮环境
000936 5.86 451436.75 华西股份
002145 8.07 901143.81 中核钛白
002148 6.24 537153.5 北纬科技
002199 7.84 214095.0 东晶电子
002218 5.58 786137.12 拓日新能
002225 4.37 149577.0 濮耐股份
002235 9.21 2088890.75 安妮股份
002283 5.76 342973.41 天润工业
002378 8.75 236426.98 章源钨业
002394 7.85 85079.0 联发股份
002553 13.81 359852.47 南方精工
002605 15.44 79698.38 姚记科技
002623 33.98 130648.36 亚玛顿
002643 18.82 316063.16 万润股份
002760 23.37 21048.0 凤形股份
002775 4.41 131161.39 文科园林
002870 31.53 30869.6 香山股份
002899 13.88 65062.24 英派斯
002995 27.16 127323.48 天地在线
300071 4.76 1377860.38 福石控股
300084 6.05 565386.19 海默科技
300112 11.11 217300.55 万讯自控
300123 7.38 570624.38 亚光科技
300141 9.08 41755.0 和顺电气
300174 22.89 136281.3 元力股份
300222 8.03 573251.12 科大智能
300224 14.35 250386.95 正海磁材
300250 14.45 244820.8 初灵信息
300263 8.85 970950.06 隆华科技
300265 9.44 183297.95 通光线缆
300317 5.46 151731.23 珈伟新能
300320 11.7 149524.34 海达股份
300341 9.72 123114.0 麦克奥迪
300393 19.3 925136.56 中来股份
300466 6.23 516080.41 赛摩智能
300667 18.45 89376.5 必创科技
300690 19.08 60826.07 双一科技
300742 11.93 45347.2 越博动力
300818 33.78 12090.0 耐普矿机
300845 21.38 98507.08 捷安高科
300864 20.66 11975.46 南大环境
300909 36.63 58026.12 汇创达
300949 38.8 28080.25 奥雅股份
301000 31.23 22091.6 肇民科技
301168 71.8 25727.08 通灵股份
301231 23.95 57619.12 荣信文化
301282 31.31 54057.81 金禄电子
301368 24.08 88400.43 丰立智能
600021 10.18 519622.59 上海电力
600095 10.21 1747971.25 湘财股份
600283 13.27 71961.08 钱江水利
600330 13.48 1077576.38 天通股份
600423 3.63 78393.97 柳化股份
600516 6.73 571401.69 方大炭素
600520 17.73 277433.0 文一科技
600986 5.53 584159.12 浙文互联
