000063 29.1 557332.38 中兴通讯
000607 5.97 1222850.62 华媒控股
000672 13.27 264987.12 上峰水泥
000681 17.65 1186026.75 视觉中国
000999 49.81 127525.19 华润三九
002047 4.1 534415.75 宝鹰股份
002063 8.73 256811.95 远光软件
002130 8.08 544733.19 沃尔核材
002194 10.85 261625.0 武汉凡谷
002197 11.9 1258105.62 证通电子
002254 27.58 83972.14 泰和新材
002273 13.57 330494.59 水晶光电
002289 9.83 337772.25 宇顺电子
002322 11.14 81996.0 理工能科
002338 26.29 45940.03 奥普光电
002395 10.52 60470.99 双象股份
002429 4.37 508761.88 兆驰股份
002533 7.09 240206.16 金杯电工
002544 21.0 90240.79 普天科技
002602 4.8 1594077.12 世纪华通
002642 9.61 1076165.62 荣联科技
002741 22.3 71300.89 光华科技
002745 9.62 235513.3 木林森
002841 69.39 58471.69 视源股份
002851 30.53 92988.17 麦格米特
002869 26.92 62376.5 金溢科技
002873 15.71 167952.05 新天药业
002878 18.24 182569.36 元隆雅图
002902 16.79 186244.23 铭普光磁
002952 18.98 98040.05 亚世光电
002955 27.32 45863.12 鸿合科技
300081 8.85 1289917.38 恒信东方
300188 16.48 239910.41 美亚柏科
300234 6.04 350043.41 开尔新材
300304 4.96 118216.87 云意电气
300306 11.54 63211.0 远方信息
300339 26.3 984562.56 润和软件
300376 8.0 550106.06 易事特
300421 15.39 139003.47 力星股份
300445 14.03 28360.0 康斯特
300484 16.27 272408.56 蓝海华腾
300499 14.63 227794.31 高澜股份
300525 23.36 117395.0 博思软件
300531 15.85 174747.41 优博讯
300543 10.15 54572.3 朗科智能
300571 40.86 153665.75 平治信息
300648 46.0 92610.38 星云股份
300674 18.31 499147.62 宇信科技
300680 28.75 46671.97 隆盛科技
300691 16.14 53890.54 联合光电
300698 28.19 32880.33 万马科技
300792 32.88 90676.46 壹网壹创
300830 9.82 114541.0 金现代
300843 22.15 43381.0 胜蓝股份
300913 19.35 41420.32 兆龙互连
300916 53.75 56870.46 朗特智能
300960 19.6 29565.68 通业科技
300963 18.54 28661.73 中洲特材
301050 87.4 59946.15 雷电微力
301112 40.2 64974.67 信邦智能
301153 125.98 18865.32 中科江南
301178 33.09 71683.08 天亿马
301268 63.02 31568.34 铭利达
301321 24.41 25848.13 翰博高新
600088 10.15 98933.93 中视传媒
600100 5.69 1337361.5 同方股份
600212 10.18 509869.81 绿能慧充
600277 4.58 2333192.0 亿利洁能
600360 7.45 301074.25 华微电子
600535 12.3 214190.06 天士力
600557 24.82 148706.48 康缘药业
600615 9.8 38507.0 丰华股份
600718 11.22 332167.12 东软集团
600780 7.82 271325.72 通宝能源
600976 61.2 26820.21 健民集团
600998 13.85 198502.48 九州通
