000727 2.01 485030.47 冠捷科技
000803 13.03 92256.2 山高环能
000923 13.96 173627.2 河钢资源
002148 5.8 408470.25 北纬科技
002150 29.31 650172.06 通润装备
002162 4.88 802203.06 悦心健康
002172 4.55 982849.75 澳洋健康
002184 16.3 858272.06 海得控制
002289 8.63 298400.16 宇顺电子
002533 6.61 144249.19 金杯电工
002594 277.3 223479.2 比亚迪
002621 4.76 1193626.75 美吉姆
002647 7.18 491609.0 仁东控股
002812 157.02 129528.85 恩捷股份
002876 41.55 56587.43 三利谱
300013 4.54 228750.5 新宁物流
300205 11.95 110351.56 天喻信息
300286 35.35 20151.06 安科瑞
300314 14.38 54153.7 戴维医疗
300592 16.18 68651.57 华凯易佰
300703 10.92 101231.0 创源股份
300888 74.79 43667.69 稳健医疗
301003 25.67 39377.65 江苏博云
301101 63.28 13542.75 明月镜片
600060 15.56 243143.45 海信视像
600128 8.61 229309.48 弘业股份
600130 4.98 1079401.38 波导股份
600335 8.71 323719.97 国机汽车
600428 6.28 499844.75 中远海特
600557 21.25 208621.73 康缘药业
600941 75.95 89706.98 中国移动
600962 13.72 69244.84 国投中鲁
