000659 3.43 481944.41 珠海中富 3.62
000816 4.32 1046019.25 智慧农业 1.65
000830 13.99 292616.47 鲁西化工 2.42
002101 26.03 570350.5 广东鸿图 1.25
002215 6.1 572573.75 诺普信 3.04
002300 8.85 253183.12 太阳电缆 3.03
002483 6.24 676834.62 润邦股份 5.94
002645 20.3 169197.7 华宏科技 2.06
002666 5.62 476505.0 德联集团 2.18
002734 11.03 238427.91 利民股份 5.65
300235 13.93 219790.36 方直科技 1.83
300320 11.78 223097.28 海达股份 1.38
300347 119.65 59190.87 泰格医药 2.54
300409 17.13 196269.44 道氏技术 1.9
300722 30.16 84648.36 新余国科 2.0
300738 13.11 913725.25 奥飞数据 7.81
300926 31.9 48171.67 博俊科技 4.59
301046 43.91 102091.69 能辉科技 6.42
301326 47.49 32446.42 捷邦科技 5.77
301366 56.13 28669.81 一博科技 7.36
301398 35.82 26658.07 星源卓镁 1.19
600989 14.39 369245.22 宝丰能源 3.75
