000428 5.43 325743.38 华天酒店
000638 7.82 577683.06 万方发展
000860 28.41 154823.59 顺鑫农业
000948 24.89 326743.5 南天信息
002020 13.67 93650.72 京新药业
002150 25.5 217181.16 通润装备
002216 16.81 81315.15 三全食品
002319 16.97 31171.22 乐通股份
002335 47.88 159767.47 科华数据
002600 5.78 786495.38 领益智造
002745 9.23 269663.81 木林森
002931 12.45 97783.58 锋龙股份
300044 6.1 3078186.5 赛为智能
300063 4.47 706416.88 天龙集团
300294 36.18 47871.65 博雅生物
300319 10.09 292446.09 麦捷科技
300397 10.64 166720.8 天和防务
300443 47.29 58565.21 金雷股份
300487 89.12 25063.58 蓝晓科技
300490 17.71 215523.84 华自科技
300501 17.6 152075.2 海顺新材
300507 7.24 401379.97 苏奥传感
300527 7.92 271362.09 中船应急
300594 23.11 24766.75 朗进科技
300600 8.78 93062.5 国瑞科技
300632 13.55 77521.86 光莆股份
300668 22.73 21067.0 杰恩设计
300684 17.27 32612.1 中石科技
300693 68.82 101977.13 盛弘股份
300712 50.23 48327.29 永福股份
300727 29.78 62581.02 润禾材料
300745 48.18 52295.55 欣锐科技
300755 33.27 67599.07 华致酒行
300768 16.36 47495.9 迪普科技
300799 127.82 11233.26 左江科技
300817 21.26 61848.61 双飞股份
300859 29.69 44292.0 西域旅游
300873 31.35 19139.2 海晨股份
300896 596.0 13099.23 爱美客
300902 36.85 28299.62 国安达
300976 54.54 22874.0 达瑞电子
300990 95.95 21917.7 同飞股份
301012 37.8 15645.55 扬电科技
301068 31.1 5726.9 大地海洋
301072 24.8 47180.11 中捷精工
301073 63.68 24103.13 君亭酒店
301103 36.62 26406.33 何氏眼科
301106 31.89 5804.08 骏成科技
301168 71.91 35916.63 通灵股份
301169 42.15 78025.12 零点有数
301239 97.7 11704.01 普瑞眼科
301306 48.01 17202.33 西测测试
301308 75.8 71052.26 江波龙
301349 121.18 8549.09 信德新材
600195 15.04 234195.27 中牧股份
600258 23.7 149542.66 首旅酒店
600285 14.01 62214.0 羚锐制药
600410 5.98 442216.5 华胜天成
600522 15.83 1425368.0 中天科技
600537 8.52 544582.12 亿晶光电
600559 31.3 328493.0 老白干酒
600702 191.6 64939.03 舍得酒业
600731 8.79 225850.84 湖南海利
600732 37.16 272734.94 爱旭股份
600755 8.17 332254.56 厦门国贸
600966 8.1 164466.38 博汇纸业
