000029 13.66 150988.25 深深房A
000426 6.31 228227.31 兴业矿业
000510 6.21 196158.5 新金路
000557 5.1 189709.28 西部创业
000635 9.01 52229.0 英力特
000739 23.47 235473.0 普洛药业
000776 16.28 1188535.88 广发证券
000807 11.53 634730.94 云铝股份
000878 12.14 313106.09 云南铜业
000923 13.17 82923.6 河钢资源
000933 15.22 458799.59 神火股份
002050 21.63 513224.47 三花智控
002114 6.98 108055.0 罗平锌电
002138 27.54 107021.53 顺络电子
002144 11.02 114317.0 宏达高科
002182 21.05 181445.88 云海金属
002328 5.3 121710.94 新朋股份
002532 8.13 483589.25 天山铝业
002560 7.26 227271.16 通达股份
002642 8.4 965123.25 荣联科技
002675 18.43 169412.59 东诚药业
002709 46.13 372162.72 天赐材料
002735 23.88 52757.46 王子新材
002801 27.0 14180.33 微光股份
002809 9.97 22368.75 红墙股份
002825 12.85 75352.36 纳尔股份
002836 10.33 50739.0 新宏泽
002879 14.93 39330.17 长缆科技
002937 25.48 30126.6 兴瑞科技
300025 5.05 86934.56 华星创业
300033 107.3 50230.7 同花顺
300083 8.44 400686.12 创世纪
300198 2.9 173256.0 纳川股份
300328 6.53 140975.45 宜安科技
300389 11.33 350689.59 艾比森
300443 43.47 70630.24 金雷股份
300454 134.56 44810.21 深信服
300473 15.98 18216.0 德尔股份
300487 76.78 24731.21 蓝晓科技
300517 18.41 72710.14 海波重科
300580 19.61 20022.0 贝斯特
300582 13.58 44066.28 英飞特
300602 15.93 50318.93 飞荣达
300611 8.58 33493.86 美力科技
300636 14.84 56005.81 同和药业
300652 22.53 12118.0 雷迪克
300666 73.38 62235.78 江丰电子
300683 37.84 11517.0 海特生物
300721 44.46 9591.86 怡达股份
300761 36.4 59322.95 立华股份
300807 22.73 20306.0 天迈科技
300814 21.03 102607.05 中富电路
300910 141.04 25347.34 瑞丰新材
300936 26.86 13489.16 中英科技
300964 28.77 12363.0 本川智能
300999 44.77 96555.94 金龙鱼
301078 12.75 93334.86 孩子王
301165 38.0 52947.16 锐捷网络
301179 46.21 43478.61 泽宇智能
301236 40.0 44772.53 软通动力
301255 38.43 24933.8 通力科技
301391 99.1 18669.38 卡莱特
301398 33.5 52436.06 星源卓镁
600031 16.95 1249264.62 三一重工
600109 9.26 443645.75 国金证券
600123 14.12 245196.02 兰花科创
600331 2.92 237082.0 宏达股份
600362 18.28 346515.34 江西铜业
600522 16.89 927114.12 中天科技
600610 16.99 92229.03 中毅达
600766 17.73 55644.27 园城黄金
