000850 4.21 1011548.48 华茂股份
000936 5.86 451436.76 华西股份
002058 13.9 160135.58 威尔泰
002199 7.84 214095.01 东晶电子
002239 3.02 2608434.08 奥特佳
002605 15.44 79698.38 姚记科技
002623 33.98 130648.36 亚玛顿
002760 23.37 21048.0 凤形股份
002767 15.69 188799.5 先锋电子
300084 6.05 565386.19 海默科技
300123 7.38 570624.41 亚光科技
300174 22.89 136281.29 元力股份
300263 8.85 970950.07 隆华科技
300393 19.3 925136.59 中来股份
300466 6.23 516080.39 赛摩智能
300494 16.13 104734.47 盛天网络
300667 18.45 89376.5 必创科技
300864 20.66 11975.46 南大环境
300909 36.63 58026.12 汇创达
300949 38.8 28080.25 奥雅股份
301168 71.8 25727.08 通灵股份
301217 13.66 55066.24 铜冠铜箔
600986 5.53 584159.11 浙文互联
