000006 5.79(3.58) 840028.61 深振业A
000428 5.61(3.31) 588065.37 华天酒店
002215 6.39(4.75) 695107.84 诺普信
300487 93.97(5.44) 44491.700000000004 蓝晓科技
300628 64.11(1.65) 40217.4 亿联网络
300668 23.02(1.28) 22104.5 杰恩设计
300859 30.5(2.73) 72762.01 西域旅游
300932 17.11(1.06) 32879.770000000004 三友联众
301073 67.3(5.68) 39202.99 君亭酒店
301106 32.2(0.97) 6020.0 骏成科技
600258 24.87(4.94) 208202.22 首旅酒店
600754 62.99(6.1) 115710.58 锦江酒店
600966 8.42(3.95) 219604.11000000002 博汇纸业
600989 14.76(2.57) 545435.23 宝丰能源
600996 15.42(4.97) 436462.13 贵广网络
